test7_newDEM_out.asc
ncols           133
nrows           133
xllcorner            0.000000                               
yllcorner            0.000000                               
cellsize         0.5000
NODATA_value  -9999.0000
[rows 58 to 86 of 133, columns 0 to 66 of 133]
15.0000 15.0000 15.0000 15.0000 15.0000 15.0000 15.0000 15.0000 15.0000 15.0000 15.0000 15.0000 15.0000 15.0000 15.0000 15.0000 15.0000 15.0000 15.0000 15.0000 15.0000 14.8917 14.6198 14.2981 13.9918 13.7003 13.4230 13.1594 12.9090 12.6715 12.4465 12.2336 12.0325 11.8430 11.6647 11.4975 11.3412 11.1954 11.0602 10.9352 10.8203 10.7155 10.6206 10.5354 10.4599 10.3941 10.3378 10.2909 10.2535 10.2255 10.2068 10.1975 10.1975 10.2068 10.2255 10.2535 10.2909 10.3378 10.3941 10.4599 10.5354 10.6206 10.7155 10.8203 10.9352 11.0602 11.1954
15.0000 15.0000 15.0000 15.0000 15.0000 15.0000 15.0000 15.0000 15.0000 15.0000 15.0000 15.0000 15.0000 15.0000 15.0000 15.0000 15.0000 15.0000 15.0000 15.0000 15.0000 14.8575 14.5528 14.2321 13.9267 13.6360 13.3595 13.0965 12.8468 12.6099 12.3855 12.1731 11.9725 11.7834 11.6056 11.4388 11.2828 11.1374 11.0024 10.8777 10.7631 10.6585 10.5638 10.4788 10.4035 10.3378 10.2816 10.2348 10.1975 10.1695 10.1509 10.1416 10.1416 10.1509 10.1695 10.1975 10.2348 10.2816 10.3378 10.4035 10.4788 10.5638 10.6585 10.7631 10.8777 11.0024 11.1374
15.0000 15.0000 15.0000 15.0000 15.0000 15.0000 15.0000 15.0000 15.0000 15.0000 15.0000 15.0000 15.0000 15.0000 15.0000 15.0000 15.0000 15.0000 15.0000 15.0000 15.0000 14.8081 14.4972 14.1773 13.8726 13.5826 13.3066 13.0443 12.7951 12.5587 12.3347 12.1228 11.9226 11.7339 11.5564 11.3899 11.2342 11.0891 10.9544 10.8299 10.7155 10.6111 10.5165 10.4317 10.3565 10.2909 10.2348 10.1882 10.1509 10.1230 10.1044 10.0951 10.0951 10.1044 10.1230 10.1509 10.1882 10.2348 10.2909 10.3565 10.4317 10.5165 10.6111 10.7155 10.8299 10.9544 11.0891
15.0000 15.0000 15.0000 15.0000 15.0000 15.0000 15.0000 15.0000 15.0000 15.0000 15.0000 15.0000 15.0000 15.0000 15.0000 15.0000 15.0000 15.0000 15.0000 15.0000 14.9801 14.7880 14.4528 14.1335 13.8294 13.5399 13.2645 13.0026 12.7539 12.5179 12.2942 12.0826 11.8828 11.6944 11.5172 11.3509 11.1954 11.0505 10.9160 10.7917 10.6775 10.5732 10.4788 10.3941 10.3190 10.2535 10.1975 10.1509 10.1137 10.0858 10.0672 10.0579 10.0579 10.0672 10.0858 10.1137 10.1509 10.1975 10.2535 10.3190 10.3941 10.4788 10.5732 10.6775 10.7917 10.9160 11.0505
15.0000 15.0000 15.0000 15.0000 15.0000 15.0000 15.0000 15.0000 15.0000 15.0000 15.0000 15.0000 15.0000 15.0000 15.0000 15.0000 15.0000 15.0000 15.0000 15.0000 14.9630 14.7542 14.4196 14.1008 13.7971 13.5080 13.2329 12.9714 12.7230 12.4872 12.2639 12.0526 11.8529 11.6647 11.4877 11.3217 11.1664 11.0216 10.8873 10.7631 10.6490 10.5448 10.4505 10.3659 10.2909 10.2255 10.1695 10.1230 10.0858 10.0579 10.0394 10.0301 10.0301 10.0394 10.0579 10.0858 10.1230 10.1695 10.2255 10.2909 10.3659 10.4505 10.5448 10.6490 10.7631 10.8873 11.0216
15.0000 15.0000 15.0000 15.0000 15.0000 15.0000 15.0000 15.0000 15.0000 15.0000 15.0000 15.0000 15.0000 15.0000 15.0000 15.0000 15.0000 15.0000 15.0000 15.0000 14.9517 14.7317 14.3975 14.0789 13.7756 13.4867 13.2119 12.9506 12.7024 12.4669 12.2437 12.0325 11.8331 11.6450 11.4682 11.3022 11.1471 11.0024 10.8681 10.7440 10.6300 10.5260 10.4317 10.3471 10.2722 10.2068 10.1509 10.1044 10.0672 10.0394 10.0208 10.0116 10.0116 10.0208 10.0394 10.0672 10.1044 10.1509 10.2068 10.2722 10.3471 10.4317 10.5260 10.6300 10.7440 10.8681 11.0024
15.0000 15.0000 15.0000 15.0000 15.0000 15.0000 15.0000 15.0000 15.0000 15.0000 15.0000 15.0000 15.0000 15.0000 15.0000 15.0000 15.0000 15.0000 15.0000 15.0000 14.9460 14.7205 14.3864 14.0680 13.7648 13.4761 13.2014 12.9402 12.6921 12.4567 12.2336 12.0225 11.8231 11.6352 11.4584 11.2925 11.1374 10.9928 10.8586 10.7345 10.6206 10.5165 10.4223 10.3378 10.2629 10.1975 10.1416 10.0951 10.0579 10.0301 10.0116 10.0023 10.0023 10.0116 10.0301 10.0579 10.0951 10.1416 10.1975 10.2629 10.3378 10.4223 10.5165 10.6206 10.7345 10.8586 10.9928
15.0000 15.0000 15.0000 15.0000 15.0000 15.0000 15.0000 15.0000 15.0000 15.0000 15.0000 15.0000 15.0000 15.0000 15.0000 15.0000 15.0000 15.0000 15.0000 15.0000 14.9460 14.7205 14.3864 14.0680 13.7648 13.4761 13.2014 12.9402 12.6921 12.4567 12.2336 12.0225 11.8231 11.6352 11.4584 11.2925 11.1374 10.9928 10.8586 10.7345 10.6206 10.5165 10.4223 10.3378 10.2629 10.1975 10.1416 10.0951 10.0579 10.0301 10.0116 10.0023 10.0023 10.0116 10.0301 10.0579 10.0951 10.1416 10.1975 10.2629 10.3378 10.4223 10.5165 10.6206 10.7345 10.8586 10.9928
15.0000 15.0000 15.0000 15.0000 15.0000 15.0000 15.0000 15.0000 15.0000 15.0000 15.0000 15.0000 15.0000 15.0000 15.0000 15.0000 15.0000 15.0000 15.0000 15.0000 14.9517 14.7317 14.3975 14.0789 13.7756 13.4867 13.2119 12.9506 12.7024 12.4669 12.2437 12.0325 11.8331 11.6450 11.4682 11.3022 11.1471 11.0024 10.8681 10.7440 10.6300 10.5260 10.4317 10.3471 10.2722 10.2068 10.1509 10.1044 10.0672 10.0394 10.0208 10.0116 10.0116 10.0208 10.0394 10.0672 10.1044 10.1509 10.2068 10.2722 10.3471 10.4317 10.5260 10.6300 10.7440 10.8681 11.0024
15.0000 15.0000 15.0000 15.0000 15.0000 15.0000 15.0000 15.0000 15.0000 15.0000 15.0000 15.0000 15.0000 15.0000 15.0000 15.0000 15.0000 15.0000 15.0000 15.0000 14.9630 14.7542 14.4196 14.1008 13.7971 13.5080 13.2329 12.9714 12.7230 12.4872 12.2639 12.0526 11.8529 11.6647 11.4877 11.3217 11.1664 11.0216 10.8873 10.7631 10.6490 10.5448 10.4505 10.3659 10.2909 10.2255 10.1695 10.1230 10.0858 10.0579 10.0394 10.0301 10.0301 10.0394 10.0579 10.0858 10.1230 10.1695 10.2255 10.2909 10.3659 10.4505 10.5448 10.6490 10.7631 10.8873 11.0216
15.0000 15.0000 15.0000 15.0000 15.0000 15.0000 15.0000 15.0000 15.0000 15.0000 15.0000 15.0000 15.0000 15.0000 15.0000 15.0000 15.0000 15.0000 15.0000 15.0000 14.9801 14.7880 14.4528 14.1335 13.8294 13.5399 13.2645 13.0026 12.7539 12.5179 12.2942 12.0826 11.8828 11.6944 11.5172 11.3509 11.1954 11.0505 10.9160 10.7917 10.6775 10.5732 10.4788 10.3941 10.3190 10.2535 10.1975 10.1509 10.1137 10.0858 10.0672 10.0579 10.0579 10.0672 10.0858 10.1137 10.1509 10.1975 10.2535 10.3190 10.3941 10.4788 10.5732 10.6775 10.7917 10.9160 11.0505
15.0000 15.0000 15.0000 15.0000 15.0000 15.0000 15.0000 15.0000 15.0000 15.0000 15.0000 15.0000 15.0000 15.0000 15.0000 15.0000 15.0000 15.0000 15.0000 15.0000 15.0000 14.8081 14.4972 14.1773 13.8726 13.5826 13.3066 13.0443 12.7951 12.5587 12.3347 12.1228 11.9226 11.7339 11.5564 11.3899 11.2342 11.0891 10.9544 10.8299 10.7155 10.6111 10.5165 10.4317 10.3565 10.2909 10.2348 10.1882 10.1509 10.1230 10.1044 10.0951 10.0951 10.1044 10.1230 10.1509 10.1882 10.2348 10.2909 10.3565 10.4317 10.5165 10.6111 10.7155 10.8299 10.9544 11.0891
15.0000 15.0000 15.0000 15.0000 15.0000 15.0000 15.0000 15.0000 15.0000 15.0000 15.0000 15.0000 15.0000 15.0000 15.0000 15.0000 15.0000 15.0000 15.0000 15.0000 15.0000 14.8575 14.5528 14.2321 13.9267 13.6360 13.3595 13.0965 12.8468 12.6099 12.3855 12.1731 11.9725 11.7834 11.6056 11.4388 11.2828 11.1374 11.0024 10.8777 10.7631 10.6585 10.5638 10.4788 10.4035 10.3378 10.2816 10.2348 10.1975 10.1695 10.1509 10.1416 10.1416 10.1509 10.1695 10.1975 10.2348 10.2816 10.3378 10.4035 10.4788 10.5638 10.6585 10.7631 10.8777 11.0024 11.1374
15.0000 15.0000 15.0000 15.0000 15.0000 15.0000 15.0000 15.0000 15.0000 15.0000 15.0000 15.0000 15.0000 15.0000 15.0000 15.0000 15.0000 15.0000 15.0000 15.0000 15.0000 14.8917 14.6198 14.2981 13.9918 13.7003 13.4230 13.1594 12.9090 12.6715 12.4465 12.2336 12.0325 11.8430 11.6647 11.4975 11.3412 11.1954 11.0602 10.9352 10.8203 10.7155 10.6206 10.5354 10.4599 10.3941 10.3378 10.2909 10.2535 10.2255 10.2068 10.1975 10.1975 10.2068 10.2255 10.2535 10.2909 10.3378 10.3941 10.4599 10.5354 10.6206 10.7155 10.8203 10.9352 11.0602 11.1954
15.0000 15.0000 15.0000 15.0000 15.0000 15.0000 15.0000 15.0000 15.0000 15.0000 15.0000 15.0000 15.0000 15.0000 15.0000 15.0000 15.0000 15.0000 15.0000 15.0000 15.0000 14.9317 14.6981 14.3753 14.0680 13.7756 13.4973 13.2329 12.9818 12.7436 12.5179 12.3044 12.1027 11.9127 11.7339 11.5663 11.4095 11.2634 11.1277 11.0024 10.8873 10.7822 10.6870 10.6016 10.5260 10.4599 10.4035 10.3565 10.3190 10.2909 10.2722 10.2629 10.2629 10.2722 10.2909 10.3190 10.3565 10.4035 10.4599 10.5260 10.6016 10.6870 10.7822 10.8873 11.0024 11.1277 11.2634
15.0000 15.0000 15.0000 15.0000 15.0000 15.0000 15.0000 15.0000 15.0000 15.0000 15.0000 15.0000 15.0000 15.0000 15.0000 15.0000 15.0000 15.0000 15.0000 15.0000 15.0000 15.0000 14.7414 14.4639 14.1554 13.8618 13.5826 13.3172 13.0652 12.8262 12.5997 12.3855 12.1832 11.9925 11.8132 11.6450 11.4877 11.3412 11.2051 11.0794 10.9640 10.8586 10.7631 10.6775 10.6016 10.5354 10.4788 10.4317 10.3941 10.3659 10.3471 10.3378 10.3378 10.3471 10.3659 10.3941 10.4317 10.4788 10.5354 10.6016 10.6775 10.7631 10.8586 10.9640 11.0794 11.2051 11.3412
15.0000 15.0000 15.0000 15.0000 15.0000 15.0000 15.0000 15.0000 15.0000 15.0000 15.0000 15.0000 15.0000 15.0000 15.0000 15.0000 15.0000 15.0000 15.0000 15.0000 15.0000 15.0000 14.8602 14.5640 14.2541 13.9593 13.6789 13.4124 13.1594 12.9194 12.6921 12.4771 12.2740 12.0826 11.9027 11.7339 11.5761 11.4290 11.2925 11.1664 11.0505 10.9448 10.8490 10.7631 10.6870 10.6206 10.5638 10.5165 10.4788 10.4505 10.4317 10.4223 10.4223 10.4317 10.4505 10.4788 10.5165 10.5638 10.6206 10.6870 10.7631 10.8490 10.9448 11.0505 11.1664 11.2925 11.4290
15.0000 15.0000 15.0000 15.0000 15.0000 15.0000 15.0000 15.0000 15.0000 15.0000 15.0000 15.0000 15.0000 15.0000 15.0000 15.0000 15.0000 15.0000 15.0000 15.0000 15.0000 15.0000 14.9173 14.6757 14.3643 14.0680 13.7863 13.5186 13.2645 13.0234 12.7951 12.5792 12.3753 12.1832 12.0025 11.8331 11.6746 11.5270 11.3899 11.2634 11.1471 11.0409 10.9448 10.8586 10.7822 10.7155 10.6585 10.6111 10.5732 10.5448 10.5260 10.5165 10.5165 10.5260 10.5448 10.5732 10.6111 10.6585 10.7155 10.7822 10.8586 10.9448 11.0409 11.1471 11.2634 11.3899 11.5270
15.0000 15.0000 15.0000 15.0000 15.0000 15.0000 15.0000 15.0000 15.0000 15.0000 15.0000 15.0000 15.0000 15.0000 15.0000 15.0000 15.0000 15.0000 15.0000 15.0000 15.0000 15.0000 15.0000 14.7356 14.4861 14.1883 13.9051 13.6360 13.3806 13.1384 12.9090 12.6921 12.4872 12.2942 12.1128 11.9426 11.7834 11.6352 11.4975 11.3704 11.2536 11.1471 11.0505 10.9640 10.8873 10.8203 10.7631 10.7155 10.6775 10.6490 10.6300 10.6206 10.6206 10.6300 10.6490 10.6775 10.7155 10.7631 10.8203 10.8873 10.9640 11.0505 11.1471 11.2536 11.3704 11.4975 11.6352
15.0000 15.0000 15.0000 15.0000 15.0000 15.0000 15.0000 15.0000 15.0000 15.0000 15.0000 15.0000 15.0000 15.0000 15.0000 15.0000 15.0000 15.0000 15.0000 15.0000 15.0000 15.0000 15.0000 14.8858 14.6198 14.3202 14.0354 13.7648 13.5080 13.2645 13.0339 12.8158 12.6099 12.4160 12.2336 12.0626 11.9027 11.7537 11.6155 11.4877 11.3704 11.2634 11.1664 11.0794 11.0024 10.9352 10.8777 10.8299 10.7917 10.7631 10.7440 10.7345 10.7345 10.7440 10.7631 10.7917 10.8299 10.8777 10.9352 11.0024 11.0794 11.1664 11.2634 11.3704 11.4877 11.6155 11.7537
15.0000 15.0000 15.0000 15.0000 15.0000 15.0000 15.0000 15.0000 15.0000 15.0000 15.0000 15.0000 15.0000 15.0000 15.0000 15.0000 15.0000 15.0000 15.0000 15.0000 15.0000 15.0000 15.0000 15.0000 14.7655 14.4639 14.1773 13.9051 13.6467 13.4018 13.1699 12.9506 12.7436 12.5485 12.3652 12.1932 12.0325 11.8828 11.7438 11.6155 11.4975 11.3899 11.2925 11.2051 11.1277 11.0602 11.0024 10.9544 10.9160 10.8873 10.8681 10.8586 10.8586 10.8681 10.8873 10.9160 10.9544 11.0024 11.0602 11.1277 11.2051 11.2925 11.3899 11.4975 11.6155 11.7438 11.8828
15.0000 15.0000 15.0000 15.0000 15.0000 15.0000 15.0000 15.0000 15.0000 15.0000 15.0000 15.0000 15.0000 15.0000 15.0000 15.0000 15.0000 15.0000 15.0000 15.0000 15.0000 15.0000 15.0000 15.0000 14.8423 14.6198 14.3312 14.0571 13.7971 13.5506 13.3172 13.0965 12.8883 12.6921 12.5077 12.3347 12.1731 12.0225 11.8828 11.7537 11.6352 11.5270 11.4290 11.3412 11.2634 11.1954 11.1374 11.0891 11.0505 11.0216 11.0024 10.9928 10.9928 11.0024 11.0216 11.0505 11.0891 11.1374 11.1954 11.2634 11.3412 11.4290 11.5270 11.6352 11.7537 11.8828 12.0225
15.0000 15.0000 15.0000 15.0000 15.0000 15.0000 15.0000 15.0000 15.0000 15.0000 15.0000 15.0000 15.0000 15.0000 15.0000 15.0000 15.0000 15.0000 15.0000 15.0000 15.0000 15.0000 15.0000 15.0000 15.0000 14.7020 14.4972 14.2212 13.9593 13.7111 13.4761 13.2539 13.0443 12.8468 12.6612 12.4872 12.3246 12.1731 12.0325 11.9027 11.7834 11.6746 11.5761 11.4877 11.4095 11.3412 11.2828 11.2342 11.1954 11.1664 11.1471 11.1374 11.1374 11.1471 11.1664 11.1954 11.2342 11.2828 11.3412 11.4095 11.4877 11.5761 11.6746 11.7834 11.9027 12.0325 12.1731
15.0000 15.0000 15.0000 15.0000 15.0000 15.0000 15.0000 15.0000 15.0000 15.0000 15.0000 15.0000 15.0000 15.0000 15.0000 15.0000 15.0000 15.0000 15.0000 15.0000 15.0000 15.0000 15.0000 15.0000 15.0000 14.9085 14.6757 14.3975 14.1335 13.8834 13.6467 13.4230 13.2119 13.0130 12.8262 12.6510 12.4872 12.3347 12.1932 12.0626 11.9426 11.8331 11.7339 11.6450 11.5663 11.4975 11.4388 11.3899 11.3509 11.3217 11.3022 11.2925 11.2925 11.3022 11.3217 11.3509 11.3899 11.4388 11.4975 11.5663 11.6450 11.7339 11.8331 11.9426 12.0626 12.1932 12.3347
15.0000 15.0000 15.0000 15.0000 15.0000 15.0000 15.0000 15.0000 15.0000 15.0000 15.0000 15.0000 15.0000 15.0000 15.0000 15.0000 15.0000 15.0000 15.0000 15.0000 15.0000 15.0000 15.0000 15.0000 15.0000 15.0000 14.7690 14.5863 14.3202 14.0680 13.8294 13.6040 13.3912 13.1909 13.0026 12.8262 12.6612 12.5077 12.3652 12.2336 12.1128 12.0025 11.9027 11.8132 11.7339 11.6647 11.6056 11.5564 11.5172 11.4877 11.4682 11.4584 11.4584 11.4682 11.4877 11.5172 11.5564 11.6056 11.6647 11.7339 11.8132 11.9027 12.0025 12.1128 12.2336 12.3652 12.5077
15.0000 15.0000 15.0000 15.0000 15.0000 15.0000 15.0000 15.0000 15.0000 15.0000 15.0000 15.0000 15.0000 15.0000 15.0000 15.0000 15.0000 15.0000 15.0000 15.0000 15.0000 15.0000 15.0000 15.0000 15.0000 15.0000 15.0000 14.6852 14.5195 14.2651 14.0245 13.7971 13.5826 13.3806 13.1909 13.0130 12.8468 12.6921 12.5485 12.4160 12.2942 12.1832 12.0826 11.9925 11.9127 11.8430 11.7834 11.7339 11.6944 11.6647 11.6450 11.6352 11.6352 11.6450 11.6647 11.6944 11.7339 11.7834 11.8430 11.9127 11.9925 12.0826 12.1832 12.2942 12.4160 12.5485 12.6921
15.0000 15.0000 15.0000 15.0000 15.0000 15.0000 15.0000 15.0000 15.0000 15.0000 15.0000 15.0000 15.0000 15.0000 15.0000 15.0000 15.0000 15.0000 15.0000 15.0000 15.0000 15.0000 15.0000 15.0000 15.0000 15.0000 15.0000 14.9311 14.7317 14.4750 14.2321 14.0027 13.7863 13.5826 13.3912 13.2119 13.0443 12.8883 12.7436 12.6099 12.4872 12.3753 12.2740 12.1832 12.1027 12.0325 11.9725 11.9226 11.8828 11.8529 11.8331 11.8231 11.8231 11.8331 11.8529 11.8828 11.9226 11.9725 12.0325 12.1027 12.1832 12.2740 12.3753 12.4872 12.6099 12.7436 12.8883
15.0000 15.0000 15.0000 15.0000 15.0000 15.0000 15.0000 15.0000 15.0000 15.0000 15.0000 15.0000 15.0000 15.0000 15.0000 15.0000 15.0000 15.0000 15.0000 15.0000 15.0000 15.0000 15.0000 15.0000 15.0000 15.0000 15.0000 15.0000 14.8422 14.6981 14.4528 14.2212 14.0027 13.7971 13.6040 13.4230 13.2539 13.0965 12.9506 12.8158 12.6921 12.5792 12.4771 12.3855 12.3044 12.2336 12.1731 12.1228 12.0826 12.0526 12.0325 12.0225 12.0225 12.0325 12.0526 12.0826 12.1228 12.1731 12.2336 12.3044 12.3855 12.4771 12.5792 12.6921 12.8158 12.9506 13.0965
15.0000 15.0000 15.0000 15.0000 15.0000 15.0000 15.0000 15.0000 15.0000 15.0000 15.0000 15.0000 15.0000 15.0000 15.0000 15.0000 15.0000 15.0000 15.0000 15.0000 15.0000 15.0000 15.0000 15.0000 15.0000 15.0000 15.0000 15.0000 15.0000 14.8140 14.6869 14.4528 14.2321 14.0245 13.8294 13.6467 13.4761 13.3172 13.1699 13.0339 12.9090 12.7951 12.6921 12.5997 12.5179 12.4465 12.3855 12.3347 12.2942 12.2639 12.2437 12.2336 12.2336 12.2437 12.2639 12.2942 12.3347 12.3855 12.4465 12.5179 12.5997 12.6921 12.7951 12.9090 13.0339 13.1699 13.3172
