test7_newDEM_out.asc
ncols           133
nrows           133
xllcorner            0.000000                               
yllcorner            0.000000                               
cellsize         0.5000
NODATA_value  -9999.0000
[rows 29 to 57 of 133, columns 0 to 66 of 133]
15.0000 15.0000 15.0000 15.0000 15.0000 15.0000 15.0000 15.0000 15.0000 15.0000 15.0000 15.0000 15.0000 15.0000 15.0000 15.0000 15.0000 15.0000 15.0000 15.0000 15.0000 15.0000 15.0000 15.0000 15.0000 15.0000 15.0000 15.0000 15.0000 15.0000 15.0000 15.0000 15.0000 15.0000 15.0000 15.0000 15.0000 15.3333 15.6667 16.0000 16.3333 16.6667 17.0000 17.0106 17.0031 16.9158 16.8413 16.7793 16.7299 16.6930 16.6684 16.6561 16.6561 16.6684 16.6930 16.7299 16.7793 16.8413 16.9158 17.0031 17.1034 17.2168 17.3436 17.4840 17.6383 17.8069 17.9901
15.0000 15.0000 15.0000 15.0000 15.0000 15.0000 15.0000 15.0000 15.0000 15.0000 15.0000 15.0000 15.0000 15.0000 15.0000 15.0000 15.0000 15.0000 15.0000 15.0000 15.0000 15.0000 15.0000 15.0000 15.0000 15.0000 15.0000 15.0000 15.0000 15.0000 15.0000 15.0000 15.0000 15.0000 15.0000 15.0000 15.0000 15.3333 15.6667 16.0000 16.3333 16.6667 16.6083 16.6684 16.5702 16.4848 16.4118 16.3512 16.3028 16.2666 16.2425 16.2304 16.2304 16.2425 16.2666 16.3028 16.3512 16.4118 16.4848 16.5702 16.6684 16.7793 16.9034 17.0407 17.1915 17.3563 17.5353
15.0000 15.0000 15.0000 15.0000 15.0000 15.0000 15.0000 15.0000 15.0000 15.0000 15.0000 15.0000 15.0000 15.0000 15.0000 15.0000 15.0000 15.0000 15.0000 15.0000 15.0000 15.0000 15.0000 15.0000 15.0000 15.0000 15.0000 15.0000 15.0000 15.0000 15.0000 15.0000 15.0000 15.0000 15.0000 15.0000 15.0000 15.3333 15.6667 16.0000 16.3333 16.3280 16.3633 16.2545 16.1583 16.0745 16.0030 15.9435 15.8961 15.8606 15.8369 15.8251 15.8251 15.8369 15.8606 15.8961 15.9435 16.0030 16.0745 16.1583 16.2545 16.3633 16.4848 16.6192 16.7670 16.9283 17.1034
15.0000 15.0000 15.0000 15.0000 15.0000 15.0000 15.0000 15.0000 15.0000 15.0000 15.0000 15.0000 15.0000 15.0000 15.0000 15.0000 15.0000 15.0000 15.0000 15.0000 15.0000 15.0000 15.0000 15.0000 15.0000 15.0000 15.0000 15.0000 15.0000 15.0000 15.0000 15.0000 15.0000 15.0000 15.0000 15.0000 15.0000 15.3333 15.6667 16.0000 16.0803 16.0865 15.9673 15.8606 15.7662 15.6839 15.6137 15.5553 15.5087 15.4739 15.4506 15.4390 15.4390 15.4506 15.4739 15.5087 15.5553 15.6137 15.6839 15.7662 15.8606 15.9673 16.0865 16.2184 16.3633 16.5214 16.6930
15.0000 15.0000 15.0000 15.0000 15.0000 15.0000 15.0000 15.0000 15.0000 15.0000 15.0000 15.0000 15.0000 15.0000 15.0000 15.0000 15.0000 15.0000 15.0000 15.0000 15.0000 15.0000 15.0000 15.0000 15.0000 15.0000 15.0000 15.0000 15.0000 15.0000 15.0000 15.0000 15.0000 15.0000 15.0000 15.0000 15.0000 15.3333 15.6667 15.9451 15.8369 15.7074 15.5903 15.4855 15.3927 15.3119 15.2428 15.1854 15.1396 15.1054 15.0825 15.0711 15.0711 15.0825 15.1054 15.1396 15.1854 15.2428 15.3119 15.3927 15.4855 15.5903 15.7074 15.8369 15.9792 16.1344 16.3028
15.0000 15.0000 15.0000 15.0000 15.0000 15.0000 15.0000 15.0000 15.0000 15.0000 15.0000 15.0000 15.0000 15.0000 15.0000 15.0000 15.0000 15.0000 15.0000 15.0000 15.0000 15.0000 15.0000 15.0000 15.0000 15.0000 15.0000 15.0000 15.0000 15.0000 15.0000 15.0000 15.0000 15.0000 15.0000 15.0000 15.0000 15.3333 15.6667 15.4435 15.4739 15.3465 15.2313 15.1282 15.0370 14.9574 14.8895 14.8330 14.7880 14.7542 14.7317 14.7205 14.7205 14.7317 14.7542 14.7880 14.8330 14.8895 14.9574 15.0370 15.1282 15.2313 15.3465 15.4739 15.6137 15.7662 15.9317
15.0000 15.0000 15.0000 15.0000 15.0000 15.0000 15.0000 15.0000 15.0000 15.0000 15.0000 15.0000 15.0000 15.0000 15.0000 15.0000 15.0000 15.0000 15.0000 15.0000 15.0000 15.0000 15.0000 15.0000 15.0000 15.0000 15.0000 15.0000 15.0000 15.0000 15.0000 15.0000 15.0000 15.0000 15.0000 15.0000 15.0000 15.3333 15.2746 15.2658 15.1282 15.0028 14.8895 14.7880 14.6981 14.6198 14.5528 14.4972 14.4528 14.4196 14.3975 14.3864 14.3864 14.3975 14.4196 14.4528 14.4972 14.5528 14.6198 14.6981 14.7880 14.8895 15.0028 15.1282 15.2658 15.4159 15.5786
15.0000 15.0000 15.0000 15.0000 15.0000 15.0000 15.0000 15.0000 15.0000 15.0000 15.0000 15.0000 15.0000 15.0000 15.0000 15.0000 15.0000 15.0000 15.0000 15.0000 15.0000 15.0000 15.0000 15.0000 15.0000 15.0000 15.0000 15.0000 15.0000 15.0000 15.0000 15.0000 15.0000 15.0000 15.0000 15.0000 15.0000 15.1343 15.0825 14.9348 14.7992 14.6757 14.5640 14.4639 14.3753 14.2981 14.2321 14.1773 14.1335 14.1008 14.0789 14.0680 14.0680 14.0789 14.1008 14.1335 14.1773 14.2321 14.2981 14.3753 14.4639 14.5640 14.6757 14.7992 14.9348 15.0825 15.2428
15.0000 15.0000 15.0000 15.0000 15.0000 15.0000 15.0000 15.0000 15.0000 15.0000 15.0000 15.0000 15.0000 15.0000 15.0000 15.0000 15.0000 15.0000 15.0000 15.0000 15.0000 15.0000 15.0000 15.0000 15.0000 15.0000 15.0000 15.0000 15.0000 15.0000 15.0000 15.0000 15.0000 15.0000 15.0000 15.0000 15.0000 14.9234 14.7655 14.6198 14.4861 14.3643 14.2541 14.1554 14.0680 13.9918 13.9267 13.8726 13.8294 13.7971 13.7756 13.7648 13.7648 13.7756 13.7971 13.8294 13.8726 13.9267 13.9918 14.0680 14.1554 14.2541 14.3643 14.4861 14.6198 14.7655 14.9234
15.0000 15.0000 15.0000 15.0000 15.0000 15.0000 15.0000 15.0000 15.0000 15.0000 15.0000 15.0000 15.0000 15.0000 15.0000 15.0000 15.0000 15.0000 15.0000 15.0000 15.0000 15.0000 15.0000 15.0000 15.0000 15.0000 15.0000 15.0000 15.0000 15.0000 15.0000 15.0000 15.0000 15.0000 15.0000 14.9085 14.6439 14.6198 14.4639 14.3202 14.1883 14.0680 13.9593 13.8618 13.7756 13.7003 13.6360 13.5826 13.5399 13.5080 13.4867 13.4761 13.4761 13.4867 13.5080 13.5399 13.5826 13.6360 13.7003 13.7756 13.8618 13.9593 14.0680 14.1883 14.3202 14.4639 14.6198
15.0000 15.0000 15.0000 15.0000 15.0000 15.0000 15.0000 15.0000 15.0000 15.0000 15.0000 15.0000 15.0000 15.0000 15.0000 15.0000 15.0000 15.0000 15.0000 15.0000 15.0000 15.0000 15.0000 15.0000 15.0000 15.0000 15.0000 15.0000 15.0000 15.0000 15.0000 15.0000 15.0000 15.0000 14.7690 14.6757 14.4972 14.3312 14.1773 14.0354 13.9051 13.7863 13.6789 13.5826 13.4973 13.4230 13.3595 13.3066 13.2645 13.2329 13.2119 13.2014 13.2014 13.2119 13.2329 13.2645 13.3066 13.3595 13.4230 13.4973 13.5826 13.6789 13.7863 13.9051 14.0354 14.1773 14.3312
15.0000 15.0000 15.0000 15.0000 15.0000 15.0000 15.0000 15.0000 15.0000 15.0000 15.0000 15.0000 15.0000 15.0000 15.0000 15.0000 15.0000 15.0000 15.0000 15.0000 15.0000 15.0000 15.0000 15.0000 15.0000 15.0000 15.0000 15.0000 15.0000 15.0000 15.0000 15.0000 14.9311 14.6852 14.5863 14.3975 14.2212 14.0571 13.9051 13.7648 13.6360 13.5186 13.4124 13.3172 13.2329 13.1594 13.0965 13.0443 13.0026 12.9714 12.9506 12.9402 12.9402 12.9506 12.9714 13.0026 13.0443 13.0965 13.1594 13.2329 13.3172 13.4124 13.5186 13.6360 13.7648 13.9051 14.0571
15.0000 15.0000 15.0000 15.0000 15.0000 15.0000 15.0000 15.0000 15.0000 15.0000 15.0000 15.0000 15.0000 15.0000 15.0000 15.0000 15.0000 15.0000 15.0000 15.0000 15.0000 15.0000 15.0000 15.0000 15.0000 15.0000 15.0000 15.0000 15.0000 15.0000 15.0000 14.8422 14.7317 14.5195 14.3202 14.1335 13.9593 13.7971 13.6467 13.5080 13.3806 13.2645 13.1594 13.0652 12.9818 12.9090 12.8468 12.7951 12.7539 12.7230 12.7024 12.6921 12.6921 12.7024 12.7230 12.7539 12.7951 12.8468 12.9090 12.9818 13.0652 13.1594 13.2645 13.3806 13.5080 13.6467 13.7971
15.0000 15.0000 15.0000 15.0000 15.0000 15.0000 15.0000 15.0000 15.0000 15.0000 15.0000 15.0000 15.0000 15.0000 15.0000 15.0000 15.0000 15.0000 15.0000 15.0000 15.0000 15.0000 15.0000 15.0000 15.0000 15.0000 15.0000 15.0000 15.0000 15.0000 14.8140 14.6981 14.4750 14.2651 14.0680 13.8834 13.7111 13.5506 13.4018 13.2645 13.1384 13.0234 12.9194 12.8262 12.7436 12.6715 12.6099 12.5587 12.5179 12.4872 12.4669 12.4567 12.4567 12.4669 12.4872 12.5179 12.5587 12.6099 12.6715 12.7436 12.8262 12.9194 13.0234 13.1384 13.2645 13.4018 13.5506
15.0000 15.0000 15.0000 15.0000 15.0000 15.0000 15.0000 15.0000 15.0000 15.0000 15.0000 15.0000 15.0000 15.0000 15.0000 15.0000 15.0000 15.0000 15.0000 15.0000 15.0000 15.0000 15.0000 15.0000 15.0000 15.0000 15.0000 15.0000 15.0000 14.8140 14.6869 14.4528 14.2321 14.0245 13.8294 13.6467 13.4761 13.3172 13.1699 13.0339 12.9090 12.7951 12.6921 12.5997 12.5179 12.4465 12.3855 12.3347 12.2942 12.2639 12.2437 12.2336 12.2336 12.2437 12.2639 12.2942 12.3347 12.3855 12.4465 12.5179 12.5997 12.6921 12.7951 12.9090 13.0339 13.1699 13.3172
15.0000 15.0000 15.0000 15.0000 15.0000 15.0000 15.0000 15.0000 15.0000 15.0000 15.0000 15.0000 15.0000 15.0000 15.0000 15.0000 15.0000 15.0000 15.0000 15.0000 15.0000 15.0000 15.0000 15.0000 15.0000 15.0000 15.0000 15.0000 14.8422 14.6981 14.4528 14.2212 14.0027 13.7971 13.6040 13.4230 13.2539 13.0965 12.9506 12.8158 12.6921 12.5792 12.4771 12.3855 12.3044 12.2336 12.1731 12.1228 12.0826 12.0526 12.0325 12.0225 12.0225 12.0325 12.0526 12.0826 12.1228 12.1731 12.2336 12.3044 12.3855 12.4771 12.5792 12.6921 12.8158 12.9506 13.0965
15.0000 15.0000 15.0000 15.0000 15.0000 15.0000 15.0000 15.0000 15.0000 15.0000 15.0000 15.0000 15.0000 15.0000 15.0000 15.0000 15.0000 15.0000 15.0000 15.0000 15.0000 15.0000 15.0000 15.0000 15.0000 15.0000 15.0000 14.9311 14.7317 14.4750 14.2321 14.0027 13.7863 13.5826 13.3912 13.2119 13.0443 12.8883 12.7436 12.6099 12.4872 12.3753 12.2740 12.1832 12.1027 12.0325 11.9725 11.9226 11.8828 11.8529 11.8331 11.8231 11.8231 11.8331 11.8529 11.8828 11.9226 11.9725 12.0325 12.1027 12.1832 12.2740 12.3753 12.4872 12.6099 12.7436 12.8883
15.0000 15.0000 15.0000 15.0000 15.0000 15.0000 15.0000 15.0000 15.0000 15.0000 15.0000 15.0000 15.0000 15.0000 15.0000 15.0000 15.0000 15.0000 15.0000 15.0000 15.0000 15.0000 15.0000 15.0000 15.0000 15.0000 15.0000 14.6852 14.5195 14.2651 14.0245 13.7971 13.5826 13.3806 13.1909 13.0130 12.8468 12.6921 12.5485 12.4160 12.2942 12.1832 12.0826 11.9925 11.9127 11.8430 11.7834 11.7339 11.6944 11.6647 11.6450 11.6352 11.6352 11.6450 11.6647 11.6944 11.7339 11.7834 11.8430 11.9127 11.9925 12.0826 12.1832 12.2942 12.4160 12.5485 12.6921
15.0000 15.0000 15.0000 15.0000 15.0000 15.0000 15.0000 15.0000 15.0000 15.0000 15.0000 15.0000 15.0000 15.0000 15.0000 15.0000 15.0000 15.0000 15.0000 15.0000 15.0000 15.0000 15.0000 15.0000 15.0000 15.0000 14.7690 14.5863 14.3202 14.0680 13.8294 13.6040 13.3912 13.1909 13.0026 12.8262 12.6612 12.5077 12.3652 12.2336 12.1128 12.0025 11.9027 11.8132 11.7339 11.6647 11.6056 11.5564 11.5172 11.4877 11.4682 11.4584 11.4584 11.4682 11.4877 11.5172 11.5564 11.6056 11.6647 11.7339 11.8132 11.9027 12.0025 12.1128 12.2336 12.3652 12.5077
15.0000 15.0000 15.0000 15.0000 15.0000 15.0000 15.0000 15.0000 15.0000 15.0000 15.0000 15.0000 15.0000 15.0000 15.0000 15.0000 15.0000 15.0000 15.0000 15.0000 15.0000 15.0000 15.0000 15.0000 15.0000 14.9085 14.6757 14.3975 14.1335 13.8834 13.6467 13.4230 13.2119 13.0130 12.8262 12.6510 12.4872 12.3347 12.1932 12.0626 11.9426 11.8331 11.7339 11.6450 11.5663 11.4975 11.4388 11.3899 11.3509 11.3217 11.3022 11.2925 11.2925 11.3022 11.3217 11.3509 11.3899 11.4388 11.4975 11.5663 11.6450 11.7339 11.8331 11.9426 12.0626 12.1932 12.3347
15.0000 15.0000 15.0000 15.0000 15.0000 15.0000 15.0000 15.0000 15.0000 15.0000 15.0000 15.0000 15.0000 15.0000 15.0000 15.0000 15.0000 15.0000 15.0000 15.0000 15.0000 15.0000 15.0000 15.0000 15.0000 14.7020 14.4972 14.2212 13.9593 13.7111 13.4761 13.2539 13.0443 12.8468 12.6612 12.4872 12.3246 12.1731 12.0325 11.9027 11.7834 11.6746 11.5761 11.4877 11.4095 11.3412 11.2828 11.2342 11.1954 11.1664 11.1471 11.1374 11.1374 11.1471 11.1664 11.1954 11.2342 11.2828 11.3412 11.4095 11.4877 11.5761 11.6746 11.7834 11.9027 12.0325 12.1731
15.0000 15.0000 15.0000 15.0000 15.0000 15.0000 15.0000 15.0000 15.0000 15.0000 15.0000 15.0000 15.0000 15.0000 15.0000 15.0000 15.0000 15.0000 15.0000 15.0000 15.0000 15.0000 15.0000 15.0000 14.8423 14.6198 14.3312 14.0571 13.7971 13.5506 13.3172 13.0965 12.8883 12.6921 12.5077 12.3347 12.1731 12.0225 11.8828 11.7537 11.6352 11.5270 11.4290 11.3412 11.2634 11.1954 11.1374 11.0891 11.0505 11.0216 11.0024 10.9928 10.9928 11.0024 11.0216 11.0505 11.0891 11.1374 11.1954 11.2634 11.3412 11.4290 11.5270 11.6352 11.7537 11.8828 12.0225
15.0000 15.0000 15.0000 15.0000 15.0000 15.0000 15.0000 15.0000 15.0000 15.0000 15.0000 15.0000 15.0000 15.0000 15.0000 15.0000 15.0000 15.0000 15.0000 15.0000 15.0000 15.0000 15.0000 15.0000 14.7655 14.4639 14.1773 13.9051 13.6467 13.4018 13.1699 12.9506 12.7436 12.5485 12.3652 12.1932 12.0325 11.8828 11.7438 11.6155 11.4975 11.3899 11.2925 11.2051 11.1277 11.0602 11.0024 10.9544 10.9160 10.8873 10.8681 10.8586 10.8586 10.8681 10.8873 10.9160 10.9544 11.0024 11.0602 11.1277 11.2051 11.2925 11.3899 11.4975 11.6155 11.7438 11.8828
15.0000 15.0000 15.0000 15.0000 15.0000 15.0000 15.0000 15.0000 15.0000 15.0000 15.0000 15.0000 15.0000 15.0000 15.0000 15.0000 15.0000 15.0000 15.0000 15.0000 15.0000 15.0000 15.0000 14.8858 14.6198 14.3202 14.0354 13.7648 13.5080 13.2645 13.0339 12.8158 12.6099 12.4160 12.2336 12.0626 11.9027 11.7537 11.6155 11.4877 11.3704 11.2634 11.1664 11.0794 11.0024 10.9352 10.8777 10.8299 10.7917 10.7631 10.7440 10.7345 10.7345 10.7440 10.7631 10.7917 10.8299 10.8777 10.9352 11.0024 11.0794 11.1664 11.2634 11.3704 11.4877 11.6155 11.7537
15.0000 15.0000 15.0000 15.0000 15.0000 15.0000 15.0000 15.0000 15.0000 15.0000 15.0000 15.0000 15.0000 15.0000 15.0000 15.0000 15.0000 15.0000 15.0000 15.0000 15.0000 15.0000 15.0000 14.7356 14.4861 14.1883 13.9051 13.6360 13.3806 13.1384 12.9090 12.6921 12.4872 12.2942 12.1128 11.9426 11.7834 11.6352 11.4975 11.3704 11.2536 11.1471 11.0505 10.9640 10.8873 10.8203 10.7631 10.7155 10.6775 10.6490 10.6300 10.6206 10.6206 10.6300 10.6490 10.6775 10.7155 10.7631 10.8203 10.8873 10.9640 11.0505 11.1471 11.2536 11.3704 11.4975 11.6352
15.0000 15.0000 15.0000 15.0000 15.0000 15.0000 15.0000 15.0000 15.0000 15.0000 15.0000 15.0000 15.0000 15.0000 15.0000 15.0000 15.0000 15.0000 15.0000 15.0000 15.0000 15.0000 14.9173 14.6757 14.3643 14.0680 13.7863 13.5186 13.2645 13.0234 12.7951 12.5792 12.3753 12.1832 12.0025 11.8331 11.6746 11.5270 11.3899 11.2634 11.1471 11.0409 10.9448 10.8586 10.7822 10.7155 10.6585 10.6111 10.5732 10.5448 10.5260 10.5165 10.5165 10.5260 10.5448 10.5732 10.6111 10.6585 10.7155 10.7822 10.8586 10.9448 11.0409 11.1471 11.2634 11.3899 11.5270
15.0000 15.0000 15.0000 15.0000 15.0000 15.0000 15.0000 15.0000 15.0000 15.0000 15.0000 15.0000 15.0000 15.0000 15.0000 15.0000 15.0000 15.0000 15.0000 15.0000 15.0000 15.0000 14.8602 14.5640 14.2541 13.9593 13.6789 13.4124 13.1594 12.9194 12.6921 12.4771 12.2740 12.0826 11.9027 11.7339 11.5761 11.4290 11.2925 11.1664 11.0505 10.9448 10.8490 10.7631 10.6870 10.6206 10.5638 10.5165 10.4788 10.4505 10.4317 10.4223 10.4223 10.4317 10.4505 10.4788 10.5165 10.5638 10.6206 10.6870 10.7631 10.8490 10.9448 11.0505 11.1664 11.2925 11.4290
15.0000 15.0000 15.0000 15.0000 15.0000 15.0000 15.0000 15.0000 15.0000 15.0000 15.0000 15.0000 15.0000 15.0000 15.0000 15.0000 15.0000 15.0000 15.0000 15.0000 15.0000 15.0000 14.7414 14.4639 14.1554 13.8618 13.5826 13.3172 13.0652 12.8262 12.5997 12.3855 12.1832 11.9925 11.8132 11.6450 11.4877 11.3412 11.2051 11.0794 10.9640 10.8586 10.7631 10.6775 10.6016 10.5354 10.4788 10.4317 10.3941 10.3659 10.3471 10.3378 10.3378 10.3471 10.3659 10.3941 10.4317 10.4788 10.5354 10.6016 10.6775 10.7631 10.8586 10.9640 11.0794 11.2051 11.3412
15.0000 15.0000 15.0000 15.0000 15.0000 15.0000 15.0000 15.0000 15.0000 15.0000 15.0000 15.0000 15.0000 15.0000 15.0000 15.0000 15.0000 15.0000 15.0000 15.0000 15.0000 14.9317 14.6981 14.3753 14.0680 13.7756 13.4973 13.2329 12.9818 12.7436 12.5179 12.3044 12.1027 11.9127 11.7339 11.5663 11.4095 11.2634 11.1277 11.0024 10.8873 10.7822 10.6870 10.6016 10.5260 10.4599 10.4035 10.3565 10.3190 10.2909 10.2722 10.2629 10.2629 10.2722 10.2909 10.3190 10.3565 10.4035 10.4599 10.5260 10.6016 10.6870 10.7822 10.8873 11.0024 11.1277 11.2634
