Birgham/input/emb20DEM.asc~
ncols        152
nrows        86
xllcorner    0.000000
yllcorner    0.000000
cellsize     20
NODATA_value  -9999.
[rows 0 to 32 of 86, columns 74 to 147 of 152]
1977.9 1963.8 1989.2 1948.4 1976.2 1959.7 1938.5 1976.7 1958.5 1958.5 1933.6 1979.3 1959.7 1932.3 1932.3 1893.2 1963.4 1933.9 2000 2000 1880.2 1939.2 1895.6 2000 1949.6 1911 1911.3 1907.9 2000 1926.2 2000 1923.1 1928.2 1940.4 1937.7 2000 1932 2000 1934.2 1924.4 2000 2000 2000 2000 2000 2000 2000 2000 2000 2000 2000 2000 2000 2000 2000 2000 2000 2000 2000 2000 2000 2000 2000 2000 2000 2000 2000 2000 2000 2000 2000 2000 2000 2000
2010.4 1998.4 1980.4 1983.2 1951.2 1972.4 1956.4 1957.3 1945.2 1933.3 1931.1 1931.1 1917.6 1910.9 1902.8 1889.1 1889.1 1871.4 1872.3 1871.1 1880.2 1909.8 1908 1910.4 1909.5 1911 1915.6 1907.9 1913.1 1909.1 1920.4 1915.3 1928.2 1906.4 1921.8 1903 1903.6 1913.3 1912.8 1912.8 1909.4 1916.4 1909.3 1903.2 1903.2 1898.4 1917.4 1910.4 1903.9 2000 1896.7 2000 2000 2000 2000 1884.1 2000 2000 2000 2000 2000 2000 2000 2000 2000 2000 2000 2000 2000 2000 2000 2000 2000 2000
2004.9 1998.4 1995.4 1983.6 1973.3 1964.1 1958.8 1947.3 1947.3 1937.4 1927.3 1921.3 1910.4 1910.4 1898.5 1893.1 1877.9 1870.8 1867.7 1874.7 1878.9 1893.7 1908 1905.3 1900.5 1902.3 1898.6 1904.4 1899.9 1909.1 1893.7 1886.1 1894.8 1883.9 1892.1 1874.3 1888.9 1888 1892 1908.6 1902.2 1902.2 1892.7 1897 1891.6 1886.2 1886.2 1880.4 1890.3 1885.3 1896.7 1893.6 1865.9 1846.9 1893 1884.1 1862.8 2000 1861.9 1868.2 1875.2 1871 2000 2000 2000 2000 2000 2000 2000 2000 2000 2000 2000 2000
1996.6 1996.7 1988.3 1983.6 1972.7 1972.7 1961.9 1951.1 1944.4 1933.8 1933.8 1923 1913 1905.2 1896.4 1887.6 1904.4 1883.3 1876.1 1877.1 1882.3 1881.9 1894.9 1903.3 1900.5 1895.6 1890 1890 1883 1887.4 1878.9 1886.1 1867.9 1857.9 1865.4 1870.4 1876.8 1876.9 1876.9 1885.7 1880.9 1888.8 1878.8 1878.8 1869 1877.3 1869.8 1862.2 1873.4 1855.5 1862.6 1866.6 1865.9 1870.6 1866.4 1876.9 1865.1 1871.4 1861.2 1868.2 1848.3 1838.6 2000 2000 2000 2000 2000 2000 2000 2000 2000 2000 2000 2000
1996.6 1989 1979.9 1973.8 1971 1967.7 1957.5 1957.5 1947.5 1937.8 1930.3 1920.8 1920.8 1913.2 1905.1 1906.1 1895.1 1882.7 1881.1 1876.8 1875.3 1881.9 1893.9 1897 1897 1889.5 1888.9 1880.8 1883 1870.7 1856.5 1861.3 1850.5 1857.9 1872.8 1875 1863 1850.7 1868.4 1881.3 1881.3 1874 1867.7 1861.6 1849.9 1859.5 1841.2 1851.8 1847 1852.4 1863.4 1867.1 1862.1 1857.5 1866.4 1854.9 1849.4 1849.4 1839.1 1843.3 1824.9 1838.6 1846.3 2000 2000 2000 2000 2000 2000 2000 2000 2000 2000 2000
1990.2 1982.1 1979.9 1968.2 1967.6 1965.5 1958.9 1954 1944.9 1944.9 1936 1927.6 1920.7 1914.1 1909.5 1902.2 1901.5 1889.6 1877.7 1874.1 1867.1 1869.6 1870 1883.6 1889.1 1886.7 1886.7 1879.4 1871 1854.9 1856.5 1837 1835 1843 1875 1875 1854.7 1854.7 1847.9 1865 1874 1874 1874 1864.4 1841.5 1829.4 1829.4 1837.7 1831.4 1841.8 1849.9 1843.7 1851.6 1848.1 1848.1 1849.6 1844.3 1835.9 1826.4 1826.4 1819.4 1819.3 1845.5 2000 2000 2000 2000 2000 2000 2000 2000 2000 2000 2000
1983.3 1977.2 1976 1968.1 1967.6 1963.5 1960.2 1955.2 1948.1 1942.6 1934.2 1927.6 1924.4 1910.4 1906.1 1888 1894.6 1890.3 1886.7 1871.9 1852.3 1859 1849 1849 1875.6 1882.5 1880.1 1874.2 1874.2 1855.6 1843.2 1835.4 1835 1838.3 1831.6 1872.8 1837.4 1841.9 1850.4 1850.4 1857.9 1860.4 1874 1841 1832.9 1832.6 1829.9 1829 1826.4 1834.5 1822.9 1828.6 1827.9 1839.9 1840 1843.8 1843.8 1829.2 1827.4 1820.2 1819.4 1816.6 1829.2 1842 2000 2000 2000 2000 2000 2000 2000 2000 2000 2000
1977.6 1977.2 1970.6 1965.5 1963.4 1955.4 1960.2 1952.3 1952.3 1945.9 1939.6 1931.1 1914.8 1910.4 1899.9 1893.8 1888.4 1887 1888.3 1860.6 1860.6 1847.9 1844.7 1848.4 1862.2 1862.2 1866.1 1871.7 1860.7 1850.6 1843.6 1841.6 1834.6 1829 1831.6 1829.6 1827.3 1834.6 1840.3 1848 1852.2 1860.4 1850.4 1839 1836.2 1831.9 1830.2 1827.3 1826.6 1822.7 1819.4 1822 1822.1 1822.1 1822.5 1839.3 1830.6 1818.8 1818.8 1812.8 1815.3 1811.5 1829.2 1837.3 2000 2000 2000 2000 2000 2000 2000 2000 2000 2000
1972.1 1972.8 1969.5 1965.5 1951.9 1942.1 1942 1941.2 1946.6 1941.4 1939.6 1932.9 1914.7 1903.3 1901 1893.8 1890.4 1887.8 1877.2 1863.1 1856.5 1846.6 1846.6 1844.1 1849.2 1857.5 1860.2 1860.2 1856.3 1854.7 1847.2 1841.6 1832.9 1830.9 1825.6 1820.8 1827.3 1834 1834.5 1839.5 1842.6 1846.9 1841.7 1839 1837.2 1830.1 1828.5 1823.8 1823 1818.6 1818.6 1814.4 1812.3 1816.3 1810.4 1810.4 1801.7 1812.9 1808.4 1807.5 1809.4 1801.3 1810.1 1825.9 2000 2000 2000 2000 2000 2000 2000 2000 2000 2000
1966.2 1970 1961.5 1963.4 1943.4 1942.1 1939.3 1934.7 1934.7 1930 1932.6 1921.2 1914.7 1907.4 1897.4 1896.6 1880.1 1879.7 1867.4 1867.4 1856.2 1846.8 1843.9 1841.7 1841.7 1847.1 1855.6 1855.9 1853 1851 1848.7 1844.8 1837.2 1830.9 1822.9 1820.2 1823.3 1830.2 1834.5 1838.4 1842.6 1840.2 1841.1 1840.5 1832.1 1830.1 1826.3 1825 1820.6 1816.1 1814.7 1808.9 1808.9 1804.4 1803.6 1803.9 1802.4 1802.4 1801.9 1804.4 1800.1 1793.9 1809.1 1808.3 1821.8 2000 2000 2000 2000 2000 2000 2000 2000 2000
1960.7 1956.8 1951.7 1951.5 1941.7 1941.7 1930.6 1932.5 1927.3 1921.8 1921.8 1915.2 1912.3 1896.2 1897.4 1879.3 1867.5 1870.4 1861.6 1859.7 1850.3 1850.3 1842.5 1834.9 1835.2 1847.6 1853.2 1851.9 1853.3 1851.2 1847.5 1843.1 1842.2 1836 1828.6 1820.2 1826.2 1831.3 1831.3 1834.3 1837 1838.1 1841.1 1841.8 1828.7 1827.6 1823.1 1821.9 1817.8 1817.8 1813.3 1807.7 1803.2 1802 1802 1801.5 1801.1 1801 1797.9 1798.8 1791.2 1789.1 1788.9 1808.3 1816.9 1811.1 2000 2000 2000 2000 2000 2000 2000 2000
1951.4 1942.3 1947.5 1942.9 1943.2 1930.8 1922.3 1922.3 1917.4 1919.3 1913.8 1915.2 1908.3 1884.8 1875 1858.2 1867.5 1861.8 1861.8 1854.6 1847.6 1845.3 1838.9 1838.9 1830.1 1841.2 1848.2 1851.6 1852.2 1852 1850.5 1847.2 1842.6 1836 1828.7 1828.7 1826.6 1828.5 1832.1 1833.9 1833.9 1833.9 1836.1 1829.6 1828.7 1824.1 1821.5 1820.6 1817.2 1815.4 1810.9 1810.9 1805.6 1802.7 1801.8 1801.5 1801 1799 1798 1793.3 1788.9 1788.7 1791.1 1792.2 1807.3 1811.1 2000 2000 2000 2000 2000 2000 2000 2000
1937 1936.4 1938.8 1941.7 1941.7 1930.7 1918.1 1915.1 1908.2 1908.2 1902.1 1907 1904.9 1884.8 1849 1849 1851.5 1851.9 1854.6 1848.7 1848.7 1843.7 1841.1 1836.3 1831.9 1841.2 1845.1 1849.6 1852.3 1852.7 1850.8 1852.2 1848.1 1845.1 1837.5 1830 1829.6 1829.6 1832.5 1832.9 1833.6 1831.2 1831.2 1816 1823.5 1821.8 1821.5 1818.7 1817.5 1815.7 1812.4 1809.4 1805.9 1805.9 1804.7 1803.1 1800.7 1796.8 1794.8 1792.6 1789.6 1790.3 1795.9 1796.3 1796.2 1796.2 2000 2000 2000 2000 2000 2000 2000 2000
1934.4 1934.4 1934.9 1933.8 1933 1919.8 1919.8 1909.7 1908 1900.4 1894.5 1898.6 1884.4 1877.5 1850.6 1849 1849.1 1849.6 1848.9 1846.8 1844 1845.9 1841.1 1851.7 1855.2 1838.4 1849.6 1851.4 1853.1 1853.1 1854.2 1856.6 1851.6 1849.6 1849.6 1840.1 1828.8 1832.5 1834.7 1834.7 1834.6 1832.7 1825.5 1816 1820.8 1820 1820.4 1818.9 1817.5 1814.9 1814.9 1812.2 1810.4 1807.5 1805.9 1803.1 1802.6 1798.9 1795.9 1793.7 1789 1797.6 1796.7 1799.3 1798.8 1794.4 2000 2000 2000 2000 2000 2000 2000 2000
1931.1 1932.2 1933.6 1933.6 1924.5 1922.4 1912.2 1902 1902 1892.8 1892.8 1884.6 1873.5 1866.2 1858.6 1852 1850.7 1849.6 1848.9 1849.2 1850.9 1862.9 1859 1869.6 1855.2 1879.9 1866.6 1856.5 1853.5 1852.9 1859.1 1859.1 1867.8 1865.7 1853.6 1835.4 1835.4 1835.7 1835.5 1836.8 1834.2 1830.1 1826.1 1819.9 1818.6 1820 1819.9 1820.5 1818.9 1817.6 1815.1 1813.4 1810.4 1811.9 1808.9 1805.7 1802.3 1798.9 1801.7 1799 1802 1806.2 1802.1 1803.2 1803.2 1803 1794.8 2000 2000 2000 2000 2000 2000 2000
1930.6 1928.7 1927.7 1926.1 1916.4 1916.4 1906.7 1904.3 1894 1884.5 1884.5 1875 1874.8 1864.6 1858.6 1854.3 1851.1 1850.8 1850.7 1849.2 1864.3 1862.9 1877.2 1884.9 1883.6 1878.1 1866.6 1869.3 1866.1 1857.8 1862.7 1863.7 1873.4 1873.4 1873.7 1868.4 1830.5 1841.4 1841.4 1842.8 1838.8 1832.7 1820.3 1817.7 1824.9 1821.4 1822 1820.5 1819.8 1821.9 1819.2 1818.3 1815.1 1812.8 1808.9 1807.9 1808.9 1807.5 1816.2 1809.2 1815.5 1815.5 1811.5 1812.8 1808.2 1809.3 1809.3 2000 2000 2000 2000 2000 2000 2000
1927 1927 1927 1920.6 1909.9 1908.7 1898.9 1896.3 1888.2 1885.7 1875.2 1865.2 1865.7 1859 1854.8 1850 1851.1 1850.8 1858.4 1858.4 1887.7 1881.3 1889.2 1884.9 1891.1 1886.1 1877.6 1874.5 1866.1 1868.4 1868.4 1872.7 1878.6 1878.1 1879.4 1879.4 1875.7 1846.6 1849.1 1848.1 1841.2 1838 1824.6 1827 1828.3 1824.3 1827.1 1824.5 1824.6 1821.9 1821.4 1820.2 1820.2 1818 1812.8 1808.8 1808.9 1816.2 1819.5 1818.9 1819 1817.5 1816.9 1816.9 1819.3 1822.2 1818.3 2000 2000 2000 2000 2000 2000 2000
1921.1 1922.4 1927.2 1911.6 1911.6 1902.4 1894.3 1891.4 1879.8 1876.8 1866.5 1864.8 1854.1 1853.6 1850.5 1853.2 1850.1 1865.5 1864.9 1884.9 1903.8 1903.8 1900.1 1894.8 1891.5 1886.1 1882.8 1890.1 1882.3 1883.6 1877.6 1881.1 1881.1 1885.6 1889.6 1885 1889.3 1869 1875.3 1860.7 1852.6 1840 1824.7 1830.9 1829 1829 1827.1 1827.4 1827.5 1827.5 1827.1 1823.7 1822.3 1818 1820.5 1820.8 1818 1823.1 1819.5 1819 1821.1 1819.9 1825 1823.2 1826.9 1826.9 1831.9 1828.7 2000 2000 2000 2000 2000 2000
1917.3 1917.3 1921.3 1899.3 1901.8 1895.7 1894.3 1888.5 1883.9 1870.4 1854.8 1853.1 1853.2 1854.6 1860.4 1864.6 1861.4 1885 1885 1897.2 1899.1 1904 1900.4 1900.4 1898 1889.2 1898.4 1890.1 1890.6 1898.5 1891.6 1893.1 1888.5 1892.3 1892.3 1895.4 1897 1889.8 1880.4 1866.6 1870.1 1854.9 1843.4 1833.4 1829 1843.7 1837.2 1837.3 1830.4 1830.4 1829.6 1829.6 1828.9 1826 1830.2 1820.8 1829.3 1837.2 1828.9 1819.3 1821.1 1828.7 1828.7 1840.3 1840.8 1835.6 1843.4 1828.7 2000 2000 2000 2000 2000 2000
1906.4 1913 1887.9 1899.3 1890.2 1891 1891.2 1885.6 1876.2 1861.7 1857.6 1851.8 1859.8 1861.9 1872.9 1872.9 1891.8 1887.2 1897.9 1906.1 1906.1 1908.8 1904.8 1903.7 1898 1905.8 1915.6 1906.5 1906.2 1898.5 1899 1905.8 1899.8 1901.5 1898.8 1901 1897 1901.3 1900.8 1885.7 1873.7 1858 1862.4 1849.1 1842.7 1856.8 1845.3 1842.1 1842.1 1844.6 1838.2 1838.9 1842.2 1842.2 1846.7 1843.9 1843.9 1837.2 1832 1836.8 1819.8 1858 1860.8 1852.4 1852.4 1850 1857.7 1854.3 2000 2000 2000 2000 2000 2000
1878.5 1884.3 1871 1873.7 1891 1891 1891 1883.4 1868.4 1852 1852 1852 1855 1870.1 1888 1889.8 1905 1905 1908.6 1907.3 1912.2 1917.1 1909.7 1930.6 1926.3 1925.7 1915.6 1914.7 1923.4 1914.1 1913.1 1905.8 1905.5 1901.5 1908.2 1911.5 1907.5 1914.3 1900.8 1910.6 2000 1875.4 1877.4 1865.9 1881.9 1881.9 1861.1 1853.2 1849.2 1856.5 1856.5 1861.7 1851.7 1852.1 1849.5 1844 1844 1844.3 1860.1 1836.8 1857.8 1873.4 1865.5 1857.7 1853.3 1861.1 1857.7 1867.8 2000 2000 2000 2000 2000 2000
1878.5 1871 1871.1 1871.1 1879.3 1889.1 1873 1883.4 1859.2 1856.4 1853.4 1852.7 1861.9 1885.1 1885.1 1902.2 1904.7 1907.5 1914.5 1914.5 1921.7 1920 1928.3 1944.2 1935.2 1934.5 1930 1933 1923.4 1922 1929.9 1918.7 1913.8 1911.3 1914.3 1911.5 1925.7 1929 1925.5 1929 1894 1880.6 1880.6 1917 1917 1880.6 1859.7 1859.7 1861.8 1861.3 1870.3 1872.8 1861.3 1866.9 1857.2 1851.6 1844 1854.9 1873.4 1879.3 1887.4 1873.4 1867.1 1870.6 1870.6 1875.3 1871.6 1873.7 2000 2000 2000 2000 2000 2000
1877 1872.2 1871 1871.7 1879.3 1870.6 1859.1 1859 1858.5 1856.4 1861.6 1861.6 1868.2 1902.3 1902.8 1903.9 1903.9 1906.2 1922.4 1922.6 1930.8 1929.2 1939 1939.9 1947.4 1940.4 1936.6 1943.4 1942 1945.9 1929.9 1916.3 1921.5 1921.5 1925.6 1922.6 1928.5 1929 1929 1928.6 1917.7 1911.1 1902 1914.9 1914.9 1893.5 1883.9 1861.2 1881.5 1881.5 1896 1884.7 1878.7 1872.1 1862.5 1870.3 1858.3 1871.6 1873.4 1891.9 1893.9 1887.6 1883.8 1867.2 1879.4 1875.3 1885.7 1892.2 1859.2 2000 2000 2000 2000 2000
1876.8 1871 1871 1870.8 1868.7 1861.6 1859.1 1859 1859 1859 1887.7 1878.6 1891.9 1891.9 1903 1903 1904 1914.5 1922.4 1935.9 1933 1939.8 1947.9 1950 1960.7 1955.3 1950.2 1943.4 1949 1950.3 1950.3 1944.4 1928.7 1930.5 1933.6 1933.6 1935.8 1930.1 1933.9 1928.6 1922.4 1931.2 1921.1 1920.9 1916.9 1902 1902 1914.5 1939.3 1911.5 1908.2 1894.2 1896 1881.6 1878.6 1885.2 1879.2 1903.4 1892.9 1896.6 1893.9 1892 1897 1897 1893.5 1889.7 1894.8 1892.2 1894.8 2000 2000 2000 2000 2000
1880.2 1874.5 1870.8 1863.1 1863.1 1861.4 1860.4 1863.1 1859 1869.4 1899.2 1901 1903 1903 1903.6 1903.6 1911 1938.1 1941.2 1948 1943.4 1948 1945.9 1953.7 1978 1974.9 1975.5 1954.8 1949 1949.4 1954.8 1952.6 1952.6 1944.9 1938.7 1941.4 1935.8 1929.5 1943.1 1940.1 1940.1 1931.2 1931.5 1931.5 1930.4 1931.2 1924.4 1953.4 1939.3 1955.3 1909 1909 1880.5 1884 1896.4 1890.8 1906.6 1906.7 1900.6 1896 1896 1900.7 1898.5 1904.7 1904.3 1904.3 1909.2 1905.5 1874.6 2000 2000 2000 2000 2000
1879.1 1879.1 1872.4 1868 1862 1868 1866.6 1877 1875.3 1886.4 1899.2 1901.5 1901.1 1902.8 1919.1 1915.4 1929.6 1938.1 1946.3 1948 1948 1953.8 1946.5 1961.1 1968.2 1978 1969.7 1949.1 1949.1 1949.1 1961.6 1966.7 1958.2 1953.1 1953.1 1958.9 1955.6 1960.8 1943.1 1948.5 1957.6 1950.5 1956.9 1945.3 1945.7 1945.7 1946 1977.4 2008.8 1909.9 1909 1912.6 1907.9 1909.3 1910.9 1907.9 1911 1911 1910.2 1903 1901.7 1907.8 1907.8 1906.8 1903.2 1914.8 1909.2 1914.9 1912.8 2000 2000 2000 2000 2000
1882.9 1877.6 1869.3 1864.6 1863.4 1865 1878.9 1877 1885.4 1893.9 1894.6 1899.2 1901.1 1915.2 1919.1 1937.4 1938.8 1940.2 1944.5 1948 1965.9 1975.1 1965 1972.2 1974.6 1978 1978 1970.2 1969.5 1962.3 1970.4 1970.4 1972.6 1963.7 1965.5 1977.4 1986.9 1987.6 1967.7 1968.3 1957.6 1964.1 1983.5 1983.3 1954.8 1951.9 1952.6 1977.4 1986.1 1946.2 1920.3 1924.2 1925.5 1927.9 1916.3 1911 1913 1913.2 1921.8 1921.8 1931 1915 1912.8 1907.4 1907.4 1929.5 1923.8 1930.3 1912.8 2000 2000 2000 2000 2000
1884.5 1881.7 1875 1865.5 1883.7 1882 1890.8 1887.4 1894.1 1893.9 1902.5 1912.1 1903.4 1931.2 1934.2 1940 1938.8 1940.5 1957.1 1961.1 1984.8 1975.1 1981 1974.7 1978.7 1979.9 1978 1980.7 1980.7 1978.1 1972.1 1975.6 1979.6 1972.8 1984.2 1979.1 1987.4 1990.1 1979.8 1980.9 1973.2 1977 1983.5 1979.3 1953 1953 1959.5 1953 1960 1946.2 1941.2 1932.2 1930.6 1922.6 1911 1911 1911 1935.7 1943 1937.7 1929.8 1929.8 1928.5 1922 1936.7 1939 1931.8 1941.6 1937.5 2000 2000 2000 2000 2000
1883.7 1881.7 1875.3 1885.4 1880.1 1892.2 1894.1 1894.3 1902.1 1902.4 1911 1912.1 1933.3 1936.8 1936.8 1940 1940 1952.2 1957.1 1976.4 1981.5 1984.4 1985.6 1981 1983.6 1983.6 1987.7 1995 1987.9 1983.8 1983.8 1980.7 1982.6 1990.3 1994.2 1989.1 1995.4 1992.2 1987.3 1980.9 1979.8 1986.2 1984.6 1993.5 1976.3 1970 1959.5 1967.2 1961.4 1951.9 1945.4 1932.2 1940.8 1931.4 1929.9 1935.8 1926 1943 1943 1943 1939 1930.2 1945.6 1944.3 1966.9 1947.6 1947.3 1954.9 1929.6 1905.4 2000 2000 2000 2000
1885.9 1883.2 1887.7 1892.8 1890.7 1893.6 1893.8 1901.1 1909.3 1910 1918.9 1918.9 1930.5 1933.9 1937.9 1944.9 1944.9 1963.4 1969.2 1978.7 1981.5 1983.8 1987 1985.7 1995.2 1991 1995 1995 1995 1996.1 1988.3 1987.3 1995.3 2009.5 2000.9 2001.2 1999.6 1993.4 2005.5 1993.5 1992.2 1986.2 1990.3 1994 1994 1986.1 1976.5 1970.8 1961.4 1965.8 1962 1952 1948.9 1939.4 1940.8 1940.8 1949.2 1943 1943 1948.1 1948.1 1960.3 1946.9 1965.7 1967 1956.3 1964.8 1954.7 1959.1 1905.4 2000 2000 2000 2000
1888.6 1887.1 1895 1895 1895.2 1899.3 1897.9 1912.9 1909.4 1916.4 1916.9 1925.7 1932.9 1932.9 1938.3 1942.9 1959.6 1963.4 1977 1977 1979.1 1986.2 1987 1995.2 2004.2 2002.8 1996.2 1995 1995.4 1996.1 2001.5 2007.8 2005.8 2012.7 2008.7 2010.8 2001.9 2016.1 2015.5 2001.4 1998.1 1998.1 1994 1994 1994 1989.5 1989.5 1984 1975.1 1971.3 1962 1958.7 1965.6 1956.5 1955.8 1950.8 1949.1 1949.1 1943 1981.7 1980 1979.2 1967.9 1967 1967 1972.4 1972.2 1964.6 1979.4 1946.1 2000 2000 2000 2000
1891.4 1892.7 1895 1895.5 1898.4 1899.6 1908.9 1920.2 1917.1 1922.7 1922.7 1927.7 1929.9 1936.1 1949.7 1949.7 1965 1971.5 1977 1977 1984 1993.5 1994.1 2003.3 2004.2 2009.9 2009.9 1997.5 2017.6 2008.2 2011 2007.8 2016.8 2014 2017.2 2018.6 2015.1 2022.7 2026 2020.8 2008.5 2002.1 2002.2 2002.2 2008 1998.7 1992.6 1989.5 1989.5 1986.5 1977.5 1974.7 1965.6 1963.6 1971.5 1963 1956.6 1944.7 1975.9 1981.7 1985 1980.1 1971.6 1967 1967 1986.2 1981.5 1978.6 1980.8 1921 2000 2000 2000 2000
1891.4 1892.6 1894.7 1896.6 1901.8 1904.9 1914.7 1914.7 1922.7 1926.7 1927.5 1927.3 1927.3 1944.7 1946.3 1960.1 1973.1 1977.1 1990.5 1984.6 1994.5 1993.5 2002.6 2011.7 2012.1 2020.9 2021.8 2023.5 2017.6 2021.3 2022.1 2019.9 2024.1 2020.7 2027.7 2023.5 2025.2 2028.6 2026 2025.6 2025.6 2028.2 2014.9 2016.9 2013.2 2013.2 2006.2 1998.1 1995.4 1986.5 1983.6 1989.6 1981 1979.2 1971.5 1967.7 1967.7 1977.4 1989.3 1985.9 1985 1980.1 1982.5 1990.4 1989.7 1996.9 1989.5 1997 1984.1 1962.5 2000 2000 2000 2000
