Birgham/input/emb20DEM.asc~
ncols        152
nrows        86
xllcorner    0.000000
yllcorner    0.000000
cellsize     20
NODATA_value  -9999.
[rows 33 to 65 of 86, columns 0 to 73 of 152]
2000 2000 2000 1914.2 1899.5 1887 1887 1873.6 1867.4 1862.1 1857.7 1849 1829.7 1829.6 1814.5 1812.5 1800.7 1790.6 1791.4 1779.6 1780.3 1772.9 1772.9 1765.6 1762.6 1766.4 1765.5 1772.5 1759.2 1757.7 1748.9 1744.7 1749.3 1746.2 1751.9 1753.4 1758 1749.3 1748 1748 1747.4 1754 1757.1 1758 1753 1756 1767.3 1782.6 1787.3 1788.3 1788.3 1789.1 1789 1795.5 1798.7 1798.7 1806.2 1814.8 1822.3 1828.7 1836.8 1834.9 1840.3 1846.6 1849.2 1851.5 1853.9 1858.2 1864.5 1869.4 1875.4 1880.1 1882.1 1889.1
2000 2000 2000 2000 1894.9 1891.1 1879.8 1869.1 1869.1 1864.7 1855.9 1837.2 1829.7 1813.4 1805.3 1804.4 1793.4 1790.6 1769 1769 1771.8 1768.5 1766.2 1759.3 1762.6 1752.1 1758.7 1753.9 1746.4 1743.2 1743.2 1741.5 1740.4 1746.2 1748.2 1748.7 1748.7 1746 1747.8 1745.5 1745.9 1745.9 1749.5 1753 1753 1756 1768 1767.1 1778.1 1777.7 1783.3 1782.5 1782.5 1782 1786.3 1797.4 1804.6 1813.2 1810.7 1819.6 1826.1 1834.8 1841.1 1842.7 1850 1851 1853.9 1860 1866.1 1866.1 1872.4 1877.2 1883.9 1889.1
2000 2000 2000 1894.6 1888.6 1888.6 1878.8 1875.4 1869.9 1854.5 1854.5 1832.4 1824.5 1808.6 1805.3 1797.2 1794.9 1788.7 1775.8 1768.8 1771.1 1771.1 1765.6 1756.6 1753.1 1739.3 1747.7 1741.5 1745 1742.3 1738.9 1734.8 1729 1737 1739.7 1744.3 1743.5 1739.8 1739.8 1736.5 1741.9 1745 1749.5 1749.5 1753 1752.7 1753.8 1767.1 1765.7 1765.7 1772.2 1769.8 1775.2 1776.3 1786.3 1788.7 1795.3 1802.3 1808.3 1817.5 1818 1826.9 1835.7 1844.5 1851 1851.7 1851.7 1857.6 1861.7 1867.7 1873.9 1873.9 1880.5 1885.5
2000 2000 2000 2000 1889 1883.1 1871.1 1871.1 1855.1 1858.3 1837.4 1822.8 1816.3 1811.5 1805.6 1799.5 1794.9 1789.1 1796.5 1780.1 1778.5 1770.3 1760 1756.6 1749.6 1738.9 1737.4 1739 1741.1 1737.9 1742.4 1722.1 1725.9 1734.5 1736.5 1736.5 1734.8 1737.4 1733.2 1734.9 1734.9 1739.4 1744.4 1747.6 1753 1747.9 1740.4 1743 1730.6 1753.4 1764.9 1764.9 1757 1765.8 1778 1793 1795.3 1793.1 1799.2 1807.9 1824.2 1830.7 1831 1836.8 1847 1851 1853.9 1858.7 1858.7 1864.1 1869 1875.4 1882.2 1882.2
2000 2000 2000 1900.4 1900.4 1880.9 1875.3 1858.7 1833.2 1833.2 1831.7 1827.3 1815.8 1811.5 1803.9 1802.5 1799.6 1797.7 1796.5 1802.6 1778.5 1769.5 1757 1753.4 1743.4 1738.9 1736.1 1735.1 1735.9 1731.6 1734.1 1718.2 1718.2 1728.9 1730.4 1732.1 1728.3 1728.3 1726.2 1729.9 1735.1 1735.4 1741.4 1736.8 1742.4 1736.4 1740.4 1741.3 1749 1768.2 1746.1 1751.7 1756.8 1765.8 1772.3 1789.5 1793 1790 1795.8 1803.2 1815 1831 1831 1838 1850.6 1850.6 1856 1855.4 1859.3 1864.8 1864.8 1871.4 1876.8 1884.4
2000 2000 2000 2000 1891.3 1868.1 1868.1 1852.1 1843.5 1833 1827.8 1820.4 1812.3 1810 1804.7 1802.5 1799 1795.1 1797 1784.6 1778.2 1760.7 1757 1749.5 1739.8 1738.4 1735.9 1735.1 1728.2 1729.7 1722.5 1719.5 1723.7 1728.1 1728.1 1721.1 1725 1722.6 1725.5 1725.5 1724.3 1729.5 1730.3 1732.4 1737.1 1735.4 1736 1742.4 1749 1739.5 1740.5 1740.5 1751.5 1761.3 1776.9 1789.5 1793 1792.4 1796.6 1813.8 1828.2 1829.9 1829.9 1829.5 1846.1 1854.8 1856 1856 1856 1859.1 1865.5 1874.1 1879 1878
2000 2000 2000 2000 2000 1862.7 1859.3 1850.4 1840.2 1842.4 1833.1 1813.5 1805 1805 1805 1800.9 1795.2 1795.1 1787.3 1749.3 1749.3 1752.1 1752 1741.5 1739.8 1732.1 1725.5 1726.9 1721.3 1722.5 1717.3 1717.3 1716.5 1713 1717.1 1712.4 1712.4 1715.6 1720.1 1718.4 1714 1723 1717.7 1725.4 1728.5 1735.4 1736 1728.3 1733.1 1725 1729.8 1741.9 1751.5 1754.6 1768.5 1780.2 1789.1 1792.4 1797 1806.1 1814.5 1819.8 1825.2 1826 1826 1847.6 1854.2 1856 1855.6 1855.6 1861.4 1873.1 1873.5 1873.4
2000 2000 2000 2000 1896.1 1896.1 1870.7 1860.3 1852.5 1843.1 1831.4 1826.9 1813 1806.4 1801.7 1793.8 1783.6 1783.6 1763.7 1757.8 1748.5 1742.8 1742.8 1734.4 1733.2 1726.3 1725.5 1718.8 1714.3 1715.7 1712.1 1716.1 1708.4 1708.4 1707.9 1708.4 1711.3 1712.7 1714.4 1699.5 1698.4 1708.7 1713.2 1720.9 1716.6 1725.2 1722.8 1728.3 1725 1725 1725 1734.8 1744.3 1756.9 1768.5 1770 1785.7 1791.2 1798.2 1806.1 1812.7 1812.7 1816.3 1819.6 1824.5 1841.3 1841.3 1851.4 1856 1857 1864 1869.7 1867.4 1870.8
2000 2000 2000 2000 2000 1884.4 1875.4 1863 1862.8 1852.7 1841 1826.1 1815.3 1814 1806.1 1792.3 1784.8 1765.1 1760 1760 1757.5 1746.7 1736.9 1734.4 1728.9 1721.8 1719.3 1714 1714.3 1711.1 1706.3 1704.6 1700.1 1704.3 1705.5 1705.5 1705.5 1703.3 1702.8 1695 1698.1 1698.4 1705.4 1709.2 1711.1 1717.2 1715.9 1715.9 1719.5 1725 1726.4 1735.4 1735.4 1745.7 1757.5 1768.7 1785.7 1790.3 1789.8 1797.9 1803.4 1810.1 1813.6 1813.6 1818.4 1824.7 1834.9 1851.5 1854.9 1855.5 1859.4 1863.3 1865.6 1869.3
2000 2000 2000 2000 2000 1919 1882 1873.8 1859.6 1850.3 1845.8 1837.4 1823.1 1809.3 1801.6 1781.5 1781.5 1767.8 1761.2 1760 1756.1 1756.1 1733 1730.7 1723.2 1721.8 1715.8 1715.1 1712.6 1707.5 1706.3 1698.9 1698.9 1700.2 1700.8 1703 1701.7 1703.3 1699.1 1698 1695 1697.7 1702.7 1698.7 1704.7 1704.6 1709 1714.2 1717.1 1717.1 1717.7 1725.9 1734.3 1743.8 1743.8 1752 1762.5 1775 1789.8 1796.6 1793.8 1800.4 1804.7 1811.7 1818.8 1818.8 1823 1835.2 1851.8 1855.8 1859.4 1857.9 1861.8 1864.2
2000 2000 2000 2000 2000 1894.7 1882 1874.6 1862 1853.7 1840.3 1832.8 1814.9 1814.9 1796.1 1780 1774.1 1762.8 1762.8 1755.5 1760 1740.2 1724.5 1723.6 1723 1720.7 1718.4 1715.1 1709.2 1704.9 1703.3 1698.8 1698.1 1698.7 1700.8 1698.2 1696.9 1698.2 1695.7 1695.5 1693.8 1695 1693.8 1692.7 1699.3 1703.8 1703.8 1708.7 1712.7 1714.6 1716 1716 1717.5 1731.3 1740.9 1752 1746.6 1749.5 1784 1787.5 1793.8 1797.6 1795 1802.8 1812.2 1821.9 1823 1835.2 1838.1 1853.2 1854.4 1855.9 1860 1858.2
2000 2000 2000 2000 2000 2000 1882.8 1871.1 1862 1855.6 1847.1 1828.6 1809.2 1802.1 1784.5 1784.5 1774 1763.8 1757.6 1746.9 1746.9 1734.5 1730.5 1725.9 1724.8 1721.7 1721.5 1716 1706.3 1704.9 1699.7 1695.8 1695.9 1694 1696.2 1695.3 1696.9 1693.8 1691.8 1692.7 1691.7 1692.1 1686 1686 1692.3 1705.1 1706.1 1706.7 1706.7 1708.9 1712.8 1716.5 1717 1727.8 1736 1741.1 1745 1749.5 1773.6 1768.6 1786.2 1788.6 1795 1800.9 1812.2 1822 1823 1823 1842.2 1853.2 1849.2 1852.4 1853.9 1856.7
2000 2000 2000 2000 2000 2000 1905.4 1877.7 1865.4 1846.6 1837.5 1815.7 1815.7 1800.9 1786.3 1779.9 1771.5 1771.5 1759.7 1751.8 1736.9 1732.8 1729.6 1731.1 1727.7 1724.3 1721.5 1709.2 1709.4 1699.1 1696.5 1695.8 1691.6 1691.7 1691.7 1691.1 1692.5 1690.8 1691.8 1689 1687.1 1686.9 1689.3 1690.4 1705.9 1705.9 1700.6 1700.5 1704.7 1707.6 1707.6 1712.2 1717 1717.6 1737 1745 1745 1745 1745 1768.6 1783.6 1786.7 1786.7 1788.7 1793.2 1813.2 1823 1823.3 1825.4 1839.2 1842.2 1851 1851.4 1851.4
2000 2000 2000 2000 2000 2000 1892.3 1877.7 1855.6 1846.2 1837.1 1820.8 1810.9 1797.4 1797.4 1790.3 1779.1 1768.8 1755.1 1744.9 1740.9 1735.4 1734.7 1731.6 1727.7 1726.6 1722.5 1715.8 1709.4 1700.6 1692.4 1692.4 1690 1690 1689.6 1691.1 1688.5 1687 1688.1 1686.6 1687.1 1687.1 1687.1 1692.9 1697.7 1701.8 1697 1697 1698.5 1701.4 1706.7 1712.9 1716.5 1715.4 1718.8 1736.7 1742.7 1745.1 1746.2 1751.3 1772.8 1783.4 1787.6 1796.5 1796.5 1808.6 1816.6 1824.8 1825.4 1826 1828 1839.6 1851.7 1852.5
2000 2000 2000 2000 2000 2000 1932.2 1879.2 1853.5 1846.2 1830.3 1826.6 1817.2 1812.5 1803.6 1791.8 1791.8 1777.2 1764.1 1752.2 1739.2 1738.1 1740.3 1735.8 1730.9 1724.5 1720.1 1712.7 1712.7 1704 1698 1691.6 1690.1 1690.1 1689.9 1687.7 1685.9 1687 1685.7 1684 1684.8 1686.3 1689.6 1693.6 1693.6 1695.8 1696.3 1697 1697 1701.4 1699.4 1706.2 1713.6 1715.6 1725.9 1726.8 1735.1 1741.6 1746.2 1759.9 1778.5 1778.5 1786.6 1791.6 1800.7 1813.2 1813.2 1826 1825.9 1826 1828 1842.9 1853.9 1856.7
2000 2000 2000 2000 2000 2000 1932.2 1868.1 1857.2 1848 1835.5 1826.6 1817.6 1817.6 1812.7 1800.4 1789.4 1775.5 1764.1 1762.7 1752.5 1745.2 1740.8 1735.7 1734.4 1729.3 1721.6 1712.6 1708.4 1696.9 1696.9 1692.2 1690.7 1688.8 1685.7 1685.7 1683.3 1683.4 1683.2 1684 1684.7 1684.4 1687 1689.4 1692.6 1693.9 1693.9 1696.4 1695.4 1696.3 1700.8 1707.7 1712.8 1715 1718.9 1726.8 1734.5 1741.9 1741.9 1754.2 1766.5 1779.4 1785.5 1785.5 1794.7 1804.1 1817.6 1826 1825 1821.8 1826.7 1852.2 1853.9 1858
2000 2000 2000 2000 2000 2000 2000 1889.1 1857.2 1844.4 1837.5 1829.9 1815.8 1813.6 1804.2 1800.4 1794.7 1783.2 1773.4 1761.7 1752.5 1754.6 1746.7 1740.1 1732.2 1726.7 1717.8 1717.8 1707.4 1700.5 1693.7 1690.5 1690.5 1687.4 1686.1 1683.3 1682.9 1683 1682.8 1682.9 1682.8 1684.4 1686.4 1684.9 1687.7 1688.8 1692.3 1693.3 1695.4 1694.7 1699.6 1706.1 1714 1715 1715.8 1719.7 1726.2 1733 1742.9 1757.6 1757.6 1767.7 1776.8 1785.1 1796.5 1796.5 1809.4 1821.5 1814 1821.8 1830.7 1835.3 1851.1 1858
2000 2000 2000 2000 2000 2000 2000 1916.6 1875.3 1845.6 1837.5 1821.9 1813.5 1802.9 1802 1802 1792.2 1783.2 1781.2 1769.2 1761.3 1752.5 1746.3 1738.2 1738.2 1729.2 1719.1 1713.2 1701.1 1701.1 1694 1692.1 1689 1685.5 1683.1 1683 1683 1682.7 1682.8 1682.5 1682.2 1682 1682.1 1684.9 1685.4 1688.8 1686.1 1684 1691.4 1695.9 1699.6 1700.7 1705.1 1712.4 1717 1719.1 1724 1724 1731.5 1750.7 1759.1 1765.7 1765.7 1773.3 1785 1798.5 1808.9 1799.4 1805.5 1815.8 1829.8 1835.3 1849 1851.8
2000 2000 2000 2000 2000 2000 2000 1899.8 1862.6 1841.3 1836.5 1822 1813.5 1802 1802 1802 1797.5 1790.8 1778.8 1769.2 1763.2 1755 1750.4 1741.9 1735.4 1725.3 1725.3 1714.4 1703.1 1697.1 1692.4 1692.4 1688.9 1687.3 1684.4 1682.7 1682.7 1682.4 1682.5 1682.3 1682.2 1681.5 1681.2 1682.2 1683.4 1684.3 1684.4 1684 1686.1 1692.9 1696.3 1697.9 1705.1 1714.6 1714.6 1717 1717 1719.7 1732.5 1732.5 1753.8 1759.2 1762.7 1770.3 1785.8 1792.1 1802.7 1802.5 1805.5 1826.5 1831.2 1832 1834.9 1851.8
2000 2000 2000 2000 2000 2000 2000 2000 1885.5 1841.3 1829.8 1819.4 1819.4 1807.7 1801.9 1798.4 1797.5 1793.9 1786.8 1772.4 1755 1755 1748.3 1746.7 1739 1727.6 1720.7 1709.5 1709.5 1700.9 1691.3 1690.4 1687.8 1686.2 1685.5 1683.8 1682.3 1682.4 1682.4 1682.4 1682.2 1681.8 1681.2 1682.3 1683.4 1683.4 1684.1 1684.1 1688 1692.9 1691.4 1694.3 1697.1 1699.6 1715 1717 1717 1717 1723.6 1748.1 1756.7 1756.7 1759.3 1758.2 1776 1796.5 1804.5 1801.1 1806.3 1823.8 1831.2 1836.8 1842.6 1850.1
2000 2000 2000 2000 2000 2000 2000 2000 1910.8 1872.6 1841.6 1831.2 1823.6 1819.4 1819.4 1798 1791 1788.5 1786.8 1760.6 1758.8 1751.4 1746 1746.7 1736.1 1736.1 1721.5 1711 1706.2 1699.4 1691.3 1689.7 1689.1 1687.1 1685.3 1683.2 1682.8 1682.2 1682.5 1682.6 1682.2 1681.7 1681.7 1681.5 1682.6 1683.8 1684.5 1684.5 1684.2 1688 1691.3 1694.3 1697.5 1698.7 1700.1 1705.8 1712.9 1718.5 1718.5 1726.4 1738.5 1757.5 1846.3 1808 1808.2 1786 1792.9 1801.8 1812.2 1814.5 1824 1834.8 1842.6 1853.4
2000 2000 2000 2000 2000 2000 2000 2000 1896.6 1861.9 1853.2 1853.2 1843 1830.3 1814.9 1791.3 1791.3 1785.3 1779.3 1767.9 1758.8 1749.7 1748.1 1746 1737.2 1727.4 1716 1716 1711.7 1710.8 1698.9 1689.7 1688.5 1688.7 1687.1 1685.6 1682.7 1682.4 1682.9 1682.8 1683 1682.4 1681.7 1682.2 1682.2 1684.2 1684.6 1685.3 1684.2 1688.6 1688.9 1691.9 1696.4 1698.7 1700.1 1700.1 1708.9 1717.6 1720.8 1723.8 1738.5 1758.8 1797.9 1823.8 1783.4 1782.3 1779.6 1794.7 1805 1819.5 1827.1 1837.3 1837.3 1846.6
2000 2000 2000 2000 2000 2000 2000 2000 2000 1882 1875.9 1858 1844.1 1844.1 1834 1808.4 1791 1783.1 1776.2 1776.7 1767.1 1756.9 1748.1 1743.3 1737.7 1730.9 1723.1 1717.5 1715 1710.8 1712.2 1690.1 1689.9 1689.5 1687.8 1689.5 1686.6 1682.5 1683.8 1683.4 1683.5 1683.5 1682.3 1681.1 1683.2 1685.9 1685.9 1687.3 1686.8 1687.5 1688.9 1693 1695.5 1699.6 1704.7 1703.7 1713.4 1713.4 1721 1725 1728.1 1770.5 1797.9 1788.8 1796 1778.6 1801.3 1804.3 1811.2 1813.5 1823.8 1830 1838.9 1847.7
2000 2000 2000 2000 2000 2000 2000 2000 1926 1871 1871 1865 1854.5 1834.1 1831.5 1808 1799.3 1787 1786 1776.7 1767.1 1767.2 1756.2 1744.1 1737.7 1729.2 1724.7 1724.7 1721.7 1716.8 1713.2 1690.1 1709.3 1701.2 1694.4 1691.6 1686.5 1684.1 1684.1 1685 1685.4 1683.8 2000 2000 1681.3 1685 1688 1688 1688 1688 1687.9 1688.2 1695.5 1706 1706.8 1707 1707 1718.4 1723.9 1725 1736.7 1741.5 1769.8 1779.5 1780.2 1779.1 1787.3 1802.2 1816.9 1821.2 1826 1826 1833.2 1840.5
2000 2000 2000 2000 2000 2000 2000 2000 2000 1892.2 1874.9 1856.3 1856.3 1843.8 1834.4 1822.7 1803.5 1794.4 1801.7 1789.3 1778.7 1767.2 1754.8 1751.9 1741.4 1735 1729.8 1727 1721.7 1724.4 1720.9 1715.7 1709.5 1701.2 1696.6 1696.6 1691.8 1686.4 1685 1686.2 1686.2 1686.9 1686.3 1682.4 1686.5 1687.6 1688.5 1688.3 1688.6 1689.7 1689.6 1696.6 1698.6 1704.7 1706.8 1707 1708.9 1708.9 1720.5 1728.1 1740.1 1741.5 1750.9 1772.8 1776 1785 1794.2 1801.1 1801.1 1823 1823.4 1824.2 1846.1 1846.1
2000 2000 2000 2000 2000 2000 2000 2000 2000 2000 1878.8 1876.5 1862.9 1853.8 1838.2 1836.5 1825 1819.8 1804.8 1790 1791.6 1778.7 1765 1751.9 1740.4 1737 1737 1736.7 1730.5 1727.3 1720.9 1722.8 1716.1 1709 1703.4 1697.5 1692.2 1692.2 1685.2 1690.3 1688.9 1689.1 1689.1 1688.3 1685.8 1688.2 1689.7 1689.7 1692 1690.8 1695.5 1696.6 1702.2 1704.9 1706.7 1709.7 1707 1712.1 1720.5 1725.1 1735.1 1740.9 1765.7 1772.8 1780.4 1787.1 1792.4 1805.5 1806.6 1824.1 1824.1 1839.1 1844.6 1848.7
2000 2000 2000 2000 2000 2000 2000 2000 2000 1919.4 1872.9 1876.5 1876.7 1864.2 1851.1 1831.1 1831 1831 1821.7 1805.3 1791.2 1778.1 1762.9 1762.9 1747.2 1740.7 1742.5 1741.3 1741.3 1737.1 1729.7 1723.4 1716.1 1709.4 1710.7 1704.8 1700.4 1693.4 1690.4 1690.4 1694.2 1693.6 1690.9 1689.6 1688 1688.4 1689.3 1692 1695 1695.6 1698.3 1698.9 1703 1704.9 1709 1713 1713 1720 1720 1727.9 1735.1 1746.7 1769.1 1772.4 1782.1 1787.1 1799.2 1799.2 1813.4 1835.3 1839.2 1840.8 1840.8 1849.4
2000 2000 2000 2000 2000 2000 2000 2000 2000 2000 1886.4 1876.8 1872.5 1864.2 1857.5 1843.9 1831 1830.5 1818.9 1816.4 1804.2 1789.6 1776.4 1761.7 1746.6 1746.6 1756.6 1748.8 1745 1739.2 1731.3 1732.1 1723.7 1716.5 1710.7 1706.4 1708.7 1702.9 1701.8 1697.4 1696.7 1693.6 1695.3 1693.8 1689.8 1691.1 1691.8 1695 1694.9 1697.6 1699.4 1701.2 1705.9 1705.9 1710.5 1711.9 1717.4 1720 1720 1727.8 1737.3 1763.6 1769.1 1777.2 1782.5 1788 1799.8 1805.9 1819.7 1819.7 1836.1 1836.5 1843.2 1855.3
2000 2000 2000 2000 2000 2000 2000 2000 2000 1934.3 1886.4 1872 1872 1869.8 1855 1839.9 1837.8 1831.8 1827.6 1815.1 1802.6 1789 1789 1777.7 1764.1 1765 1764.1 1764.1 1757.1 1747.7 1740.5 1732.1 1723.5 1724.2 1717.9 1714.3 1708.7 1706.4 1706.4 1705.2 1701.6 1698.4 1696.9 1693.8 1695.7 1691 1695.4 1697.5 1697.2 1698.7 1698 1701.8 1707.5 1709.1 1714.2 1714.2 1719.5 1719.9 1724.2 1737.4 1749.3 1755.9 1768.3 1776.5 1782.5 1794.4 1800 1805.3 1815.1 1822.9 1829.1 1836.5 1839.4 1855.1
2000 2000 2000 2000 2000 2000 2000 2000 2000 2000 1914.8 1872 1872 1874.6 1872.4 1855.6 1833.3 1832.9 1826.4 1826.4 1814.5 1802 1789.8 1781.7 1781.7 1790.9 1779.8 1768.5 1758.9 1749.2 1749.7 1741.1 1731.9 1724.2 1719.6 1721.9 1716.8 1713.9 1709 1704.5 1701.6 1702.2 1701.5 1698.8 1698.9 1697.4 1700.6 1698.5 1700 1700.8 1697.5 1705.6 1705.6 1711.6 1713 1719 1725.1 1725.1 1734.3 1734.5 1744.1 1755.9 1770.5 1776.6 1784.1 1795.3 1800 1809.1 1811.8 1816.6 1820.5 1829.4 1846.1 1855.1
2000 2000 2000 2000 2000 2000 2000 2000 2000 2000 2000 1883.4 1880 1881.2 1872.4 1871.9 1852.8 1833 1833.5 1826.8 1814.9 1814.9 1802.4 1792.8 1787.6 1795 1784.4 1782.9 1770.2 1758.8 1748.9 1740.7 1741.5 1732.7 1726.5 1721.9 1719.1 1715.4 1715.4 1708.9 1704.2 1703.8 1701.5 1704 1703.9 1702.1 1701.6 1701.2 1703.1 1703.1 1705.5 1708.8 1710 1716.3 1716.3 1722.9 1724.4 1733.1 1743.2 1742.6 1744 1744.1 1762.2 1776.6 1791.4 1795.7 1799.4 1807.4 1811.8 1817.5 1820.5 1822.8 1845.3 1853.7
2000 2000 2000 2000 2000 2000 2000 2000 2000 2000 1927.2 1883.4 1902.9 1889.9 1880.1 1865.3 1852.8 1833 1833 1834.1 1834.2 1815.7 1800.5 1800.5 1794.8 1795 1795.2 1777.8 1768.2 1762.9 1756.2 1749.2 1741.5 1735.6 1734.4 1729.7 1726.8 1721.2 1716.6 1706.7 1706.7 1708.7 1706.7 1706.4 1703.9 1705.3 1708.2 1706.5 1708.5 1706.6 1709.2 1709.2 1713.3 1719.9 1721.3 1728.3 1730.5 1736.6 1742.9 1744 1749.8 1744.6 1772.6 1784.9 1794.4 1795.7 1803.2 1811.3 1811.3 1819.3 1821.4 1837.3 1845.3 1852.1
2000 2000 2000 2000 2000 2000 2000 2000 2000 2000 2000 1905.6 1900.3 1889.9 1877.4 1876.4 1863.8 1844.9 1833.3 1835.9 1835.9 1828.7 1808.4 1795 1795.6 1795.6 1800.4 1802.5 1767.7 1758.8 1754.9 1759.3 1755.4 1743.8 1734.4 1732.1 1729.8 1729.8 1725.9 1716.6 1711.1 1708.7 1713.2 1711.6 1708.1 1708.1 1708.2 1711.3 1711.3 1711.3 1709.5 1710.5 1718.3 1718.3 1724.9 1730.8 1733.2 1740.5 1744 1747.6 1750.2 1763.1 1779 1796.6 1793 1796.2 1803.1 1807.3 1815.9 1824.9 1824.9 1840.1 1846.2 1857.1
