Birgham/input/emb20DEM.asc~
ncols        101
nrows        70
xllcorner    0.0
yllcorner    0.0
cellsize     20.0
NODATA_value  -9999.
[rows 20 to 39 of 70, columns 46 to 91 of 101]
2207.777587890625 2210.799560546875 2211.999267578125 2208.273193359375 2202.3916015625 2194.45361328125 2182.814208984375 2174.537353515625 2160.0927734375 2162.97314453125 2144.81005859375 2138.8203125 2137.86083984375 2131.2744140625 2120.287109375 2105.311279296875 2085.6630859375 2063.50927734375 2049.121826171875 2043.525390625 2036.592529296875 2027.7174072265625 2015.6480712890625 2004.23486328125 2003.732666015625 1993.068603515625 1992.41748046875 1997.6898193359375 1985.95068359375 1979.6063232421875 1990.6002197265625 1994.3707275390625 1992.805419921875 1991.214599609375 1989.8575439453125 1989.9998779296875 1989.2169189453125 1981.1510009765625 1969.1307373046875 1958.511474609375 1911.7364501953125 1886.9766845703125 1877.5440673828125 1872.84619140625 1867.7039794921875 1854.58984375
2213.6943359375 2213.260986328125 2213.000732421875 2210.781494140625 2205.666259765625 2198.22607421875 2181.22412109375 2155.228515625 2146.47607421875 2147.8798828125 2142.074462890625 2136.660888671875 2134.60205078125 2126.099609375 2117.0126953125 2110.18310546875 2089.890869140625 2069.921142578125 2054.20166015625 2041.980224609375 2034.7703857421875 2024.0733642578125 2010.1055908203125 1996.177978515625 1989.1632080078125 1975.756591796875 1977.908203125 1974.465576171875 1963.9600830078125 1967.7147216796875 1986.680908203125 1991.945068359375 1991.989013671875 1990.2957763671875 1988.6707763671875 1987.744384765625 1985.825927734375 1971.1966552734375 1950.9766845703125 1925.564697265625 1902.55419921875 1886.462646484375 1876.896240234375 1871.8236083984375 1863.575439453125 1850.7894287109375
2216.242919921875 2215.566650390625 2214.9453125 2213.1015625 2209.795166015625 2203.369384765625 2187.6572265625 2157.765869140625 2147.169189453125 2141.59521484375 2138.515625 2135.64892578125 2132.510009765625 2126.729248046875 2118.26953125 2111.97705078125 2096.219482421875 2073.912841796875 2053.220703125 2044.388916015625 2031.279052734375 2020.8153076171875 2004.0665283203125 1989.462158203125 1978.59326171875 1964.416259765625 1951.6939697265625 1944.9173583984375 1949.2279052734375 1951.908447265625 1974.2674560546875 1985.753173828125 1991.208984375 1989.165771484375 1987.7645263671875 1985.2896728515625 1980.58349609375 1962.3026123046875 1938.5765380859375 1912.2818603515625 1900.8031005859375 1898.2835693359375 1874.6083984375 1866.7532958984375 1857.689453125 1847.132080078125
2218.506591796875 2217.841796875 2216.8525390625 2213.4375 2205.389404296875 2194.607666015625 2177.32958984375 2157.43701171875 2147.496826171875 2142.76708984375 2139.732421875 2136.127685546875 2131.694580078125 2126.638671875 2120.798828125 2113.115478515625 2101.146484375 2075.66552734375 2052.043701171875 2040.5281982421875 2031.1162109375 2014.60205078125 1999.4403076171875 1990.702880859375 1979.333740234375 1964.306396484375 1943.64794921875 1926.7755126953125 1935.6383056640625 1945.9375 1974.6055908203125 1979.580322265625 1982.32080078125 1987.9256591796875 1982.387451171875 1969.7139892578125 1963.9737548828125 1961.420166015625 1926.4884033203125 1898.9305419921875 1889.7379150390625 1878.97021484375 1871.32568359375 1862.91357421875 1853.7684326171875 1844.041015625
2220.59814453125 2219.36865234375 2218.662109375 2210.194580078125 2195.21728515625 2182.00390625 2166.687744140625 2149.69482421875 2146.074951171875 2145.060546875 2142.125 2137.66943359375 2135 2127.482421875 2119.94287109375 2114.26171875 2099.823486328125 2078.3427734375 2056.921630859375 2039.9625244140625 2026.4725341796875 2009.5506591796875 2001.2218017578125 1993.7867431640625 1984.9886474609375 1971.310546875 1953.187744140625 1933.728515625 1943.4930419921875 1961.81298828125 1965.192626953125 1966.658447265625 1970.67529296875 1977.72314453125 1972.2894287109375 1953.368408203125 1939.365966796875 1946.416259765625 1907.103271484375 1892.4547119140625 1885.18310546875 1876.811767578125 1869.1383056640625 1860.2069091796875 1850.8780517578125 1841.3525390625
2222.535400390625 2219.5537109375 2217.09326171875 2209.511474609375 2188.947265625 2171.544677734375 2163.69775390625 2153.408447265625 2159.000244140625 2154.1630859375 2144.46142578125 2138.098876953125 2136.17724609375 2127 2123.8564453125 2115.0869140625 2100.28369140625 2081.224853515625 2061.0078125 2041.015380859375 2029.1080322265625 2017.966796875 1998.9300537109375 1996.8115234375 1996.416259765625 1985.34619140625 1970.0614013671875 1951.6490478515625 1952.34765625 1956.0469970703125 1945.62060546875 1946.346435546875 1943.1864013671875 1946.3375244140625 1962.5125732421875 1939.90380859375 1920.4056396484375 1909.719970703125 1896.073974609375 1888.946044921875 1882.427734375 1876.8162841796875 1868.4752197265625 1858.5462646484375 1848.638671875 1838.952880859375
2224.012939453125 2216.7109375 2210.51611328125 2194.257568359375 2186.671875 2174.026611328125 2172.140625 2176 2176.961181640625 2171.089599609375 2159.72021484375 2143.513916015625 2142.322021484375 2130.69921875 2124.260498046875 2117 2101.782470703125 2084.850830078125 2066.429443359375 2052.185302734375 2055.386962890625 2037.5831298828125 2024.009521484375 2026.83984375 2020.5040283203125 2006.2578125 1991.3118896484375 1979.9737548828125 1968.986083984375 1959.7669677734375 1944.843994140625 1934.033447265625 1926.8453369140625 1918.52685546875 1913.61865234375 1910.856689453125 1904.3409423828125 1895.810546875 1890.13525390625 1884.3914794921875 1879.658935546875 1876.704833984375 1870.1685791015625 1857.7122802734375 1846.4462890625 1836.6968994140625
2218.67138671875 2211.6064453125 2200.49755859375 2193.159912109375 2187.061279296875 2181.079345703125 2176.957275390625 2177.564208984375 2146.733642578125 2175.45361328125 2164.854248046875 2149.225830078125 2142.37939453125 2132.431396484375 2124.72119140625 2129.7509765625 2093.004150390625 2082.444091796875 2069.77978515625 2063.53173828125 2060.554443359375 2052.803955078125 2046.93896484375 2043.8145751953125 2039.6029052734375 2030.46240234375 2016.384765625 1991.0274658203125 1977.705322265625 1970.8597412109375 1950.2872314453125 1926.880126953125 1924.281494140625 1915.704833984375 1908.086181640625 1905.598876953125 1895.2371826171875 1888.28125 1884.2646484375 1880.9534912109375 1878.0640869140625 1875.370361328125 1874.3563232421875 1859.4488525390625 1842.6600341796875 1833.7833251953125
2212.2236328125 2198.07080078125 2194.11328125 2190.75 2188.280029296875 2187.055419921875 2186.459228515625 2179.771240234375 2094.22509765625 2151.120361328125 2168.620849609375 2152.631103515625 2144.361328125 2134.505126953125 2140.568603515625 2180.9990234375 2181.794921875 2091.621337890625 2065.910400390625 2066.735107421875 2064.06591796875 2064.214599609375 2062.12451171875 2064.580078125 2070.4765625 2058.780517578125 2050.734619140625 2030.0281982421875 2011.26611328125 1992.600341796875 1966.3160400390625 1937.2532958984375 1929.9859619140625 1917.531982421875 1902.3284912109375 1892.9613037109375 1889.525146484375 1884.4547119140625 1880.962646484375 1878.830078125 1873.568359375 1869.79833984375 1860.4486083984375 1851.2991943359375 1837.192138671875 1831.9404296875
2209.87890625 2197.585205078125 2191.861328125 2188.80322265625 2187.529296875 2187.5302734375 2187.146484375 2186.06103515625 2183.208984375 2178.344482421875 2169.69775390625 2153.63623046875 2140.47705078125 2133.704833984375 2152.11279296875 2183.823974609375 2204.137939453125 2104.796142578125 2064.8203125 2065.161376953125 2064.8203125 2066.13232421875 2069.071533203125 2071.723388671875 2073.931884765625 2066.83056640625 2064.245361328125 2054.97509765625 2048.31640625 2014.5731201171875 1988.8741455078125 1963.5888671875 1946.8497314453125 1927.3614501953125 1906.4598388671875 1892.482177734375 1887.862060546875 1881.1014404296875 1874.6212158203125 1866.7298583984375 1867.0321044921875 1861.0858154296875 1847.8114013671875 1836.4266357421875 1830.482421875 1828.6661376953125
2214.552490234375 2199.990966796875 2188.46533203125 2186.91455078125 2186.15283203125 2186.944580078125 2186.316162109375 2185.1474609375 2180.641845703125 2170.716552734375 2158.273681640625 2148.598876953125 2137.1953125 2129.5361328125 2137.292724609375 2145.098388671875 2133.0517578125 2077.7099609375 2063.50537109375 2063.1474609375 2064.694580078125 2067.395263671875 2070.142578125 2072.24951171875 2075 2071.505859375 2067.961181640625 2063.533935546875 2050.671875 2030.986572265625 2009.50390625 1987.94970703125 1964.3719482421875 1942.1109619140625 1918.4022216796875 1897.8712158203125 1888.0972900390625 1880.296630859375 1873.2442626953125 1866.1787109375 1856.4327392578125 1848.641845703125 1838.315673828125 1828.088623046875 1828.6693115234375 1828.1287841796875
2215.027587890625 2193.651611328125 2187.202880859375 2185.751953125 2185.329345703125 2185.600830078125 2185.4521484375 2183.78515625 2178.7763671875 2167.614501953125 2152.9267578125 2145.50048828125 2134.2314453125 2124.72705078125 2118.46533203125 2110.9267578125 2084.9462890625 2068.46142578125 2059.066650390625 2061.338623046875 2063.65673828125 2066.648681640625 2069.265380859375 2072.208984375 2075 2073.887939453125 2071.637939453125 2069.512451171875 2064.184326171875 2047.0384521484375 2028.0242919921875 2007.5533447265625 1984.0003662109375 1956.6492919921875 1928.2603759765625 1904.9674072265625 1889.2469482421875 1878.8974609375 1868.877197265625 1861.4342041015625 1846.025390625 1841.755126953125 1834.2572021484375 1829.269287109375 1828.8634033203125 1828.34423828125
2208.07275390625 2194.7841796875 2187.16015625 2184.457763671875 2184.217529296875 2184.626220703125 2185.1103515625 2183.220703125 2180.23974609375 2169.210693359375 2152.994873046875 2141.2919921875 2128.1298828125 2120.21826171875 2100.72314453125 2095.17431640625 2079.902587890625 2072.2509765625 2056.565673828125 2057.21435546875 2062.13671875 2065.4228515625 2068.93408203125 2073.071533203125 2075 2074.620361328125 2073.732421875 2073.099609375 2065.433837890625 2056.378662109375 2043.4945068359375 2012.443603515625 2001.720703125 1974.507080078125 1930.04931640625 1905.923583984375 1880.5927734375 1875.182373046875 1861.403564453125 1860.1114501953125 1845.259033203125 1840.165283203125 1831.821044921875 1829.2384033203125 1829 1828.9788818359375
2203.916015625 2192.353515625 2185.40625 2183.00048828125 2183.074951171875 2183.175537109375 2184.848388671875 2182.787841796875 2179.657958984375 2169.165283203125 2148.183349609375 2132.427978515625 2122.097412109375 2114.103271484375 2103.318359375 2088.21484375 2070.478271484375 2058.66259765625 2043 2050.44091796875 2058.137939453125 2064.34375 2067.64794921875 2074.869873046875 2074.44482421875 2074.3896484375 2073.677490234375 2072.447998046875 2064.318603515625 2054.456298828125 2040.840576171875 2021.11376953125 2001.8408203125 1982.322021484375 1955.0328369140625 1922.4095458984375 1906.42626953125 1895.44140625 1883.0428466796875 1867.5108642578125 1842.215087890625 1844.180419921875 1837.9405517578125 1831.693115234375 1829 1826.5977783203125
2197.53515625 2191.69921875 2183 2183 2183 2183.428955078125 2184.363037109375 2182.748779296875 2179.6279296875 2170.10498046875 2147.011962890625 2129.547607421875 2117.44677734375 2106.812255859375 2089.515625 2079.391845703125 2069.359130859375 2048.0537109375 2038.3167724609375 2045.3057861328125 2053.6376953125 2062.59130859375 2065.5146484375 2070.98291015625 2072.942138671875 2073.85205078125 2073.604248046875 2071.58935546875 2065.00146484375 2055.67724609375 2042.3802490234375 2025.268310546875 2013.8271484375 1998.356201171875 1976.1072998046875 1947.9014892578125 1932.5906982421875 1921.510498046875 1907.939208984375 1890.58447265625 1869.19482421875 1854.2581787109375 1841.83984375 1832.4224853515625 1826.022216796875 1823.3460693359375
2196.4765625 2189.9169921875 2183 2183 2183 2182.946044921875 2183.44970703125 2182.699951171875 2181.235107421875 2176.0634765625 2151.52734375 2133.384521484375 2117.9658203125 2101.725341796875 2085.477783203125 2071.976318359375 2060.2822265625 2041.71044921875 2035.000732421875 2042.889892578125 2050.207763671875 2057.28466796875 2065.01708984375 2069.757568359375 2072.55908203125 2074.00830078125 2074.12255859375 2072.45068359375 2067.640625 2059.930908203125 2047.30615234375 2022.4278564453125 2031.48486328125 2020.7515869140625 2002.15234375 1975.015380859375 1964.888916015625 1951.1322021484375 1934.8800048828125 1917.7493896484375 1893.6279296875 1861.941162109375 1840.160400390625 1830.5875244140625 1823.33837890625 1821.7957763671875
2189.09716796875 2183.029296875 2182.553466796875 2182.83740234375 2182.696044921875 2182.022705078125 2182.837646484375 2182.385498046875 2177.209716796875 2165.64892578125 2149.469970703125 2132.4755859375 2115.66650390625 2099.987060546875 2084.4541015625 2068.126708984375 2054.067626953125 2048.796142578125 2048.176025390625 2052.025146484375 2060.08154296875 2061.33837890625 2066.43115234375 2070.59228515625 2073.6162109375 2075.30126953125 2074.82666015625 2073.232666015625 2071.657958984375 2067.746826171875 2063.19287109375 2058.967529296875 2055.191650390625 2051.46728515625 2039.2479248046875 2010.1556396484375 1988.9869384765625 1986.531494140625 1955.7259521484375 1942.42822265625 1911 1890.376953125 1848.9229736328125 1834.1341552734375 1824.3326416015625 1821.92626953125
2184.017333984375 2182.220947265625 2181.675048828125 2182.4794921875 2182.29248046875 2181.521728515625 2182.230224609375 2180.7412109375 2168.111572265625 2152.942626953125 2136.885009765625 2123.064453125 2110.54638671875 2098.011962890625 2085.023681640625 2069.028076171875 2058.9150390625 2058.611328125 2054.133544921875 2055.955810546875 2066.458984375 2070.463134765625 2067.637939453125 2073.823974609375 2077.575927734375 2079.458984375 2078.95751953125 2076.49755859375 2073.32666015625 2072.26025390625 2071.5546875 2070.743896484375 2065.580078125 2061.545654296875 2050.075439453125 2024.7469482421875 2004.8922119140625 1995.4891357421875 1979.2816162109375 1955.2896728515625 1926.99365234375 1901.363037109375 1870.3175048828125 1845.14501953125 1826.5965576171875 1823.3651123046875
2184 2183.037109375 2182.423095703125 2181 2181.018310546875 2180.115966796875 2177.63916015625 2170.321533203125 2156.73828125 2142.20654296875 2124.939208984375 2110.708740234375 2102.884033203125 2095.063720703125 2088.102783203125 2085.8896484375 2080.129150390625 2074.197998046875 2075.716796875 2071.5595703125 2074.906494140625 2075.760498046875 2070 2082.14892578125 2085.7548828125 2085.36767578125 2092.04150390625 2095.013427734375 2092.993408203125 2093.00048828125 2092.526123046875 2083.725830078125 2075.998291015625 2069.858154296875 2060.807861328125 2041.5343017578125 2025.8887939453125 2011.37109375 1996.800537109375 1978.909423828125 1957.4302978515625 1925.373779296875 1890.7945556640625 1861.5693359375 1858.0223388671875 1841.0296630859375
2186.801513671875 2187.123046875 2187.084228515625 2184.8740234375 2180.529296875 2178.475341796875 2173.915771484375 2164.630615234375 2152.188232421875 2133.489501953125 2112.106689453125 2096.19091796875 2090.48388671875 2091.25927734375 2086.728515625 2083.900146484375 2083.046875 2080.427001953125 2076.42138671875 2075.82275390625 2077.834228515625 2080.202880859375 2084.896728515625 2097.54833984375 2105.329833984375 2100.6640625 2102.06787109375 2104.602783203125 2108.90185546875 2110.030029296875 2102.5146484375 2095.344482421875 2087.091064453125 2077.84521484375 2071.236083984375 2057.941650390625 2043.6002197265625 2029.44287109375 2015.503662109375 1999.7513427734375 1983.3253173828125 1947.136474609375 1915.7249755859375 1887.18896484375 1891.79345703125 1863.2376708984375
