Birgham/input/emb20DEM.asc~
ncols        152
nrows        86
xllcorner    0.000000
yllcorner    0.000000
cellsize     20
NODATA_value  -9999.
[rows 0 to 32 of 86, columns 0 to 73 of 152]
2000 2000 2000 2000 2000 2042.9 2000 2054.4 2000 2053.4 2000 2044.7 2039.8 2052.9 2045.8 2000 2040.4 2047.6 2042.8 2038.6 2042.6 2041.7 2041.7 2035.3 2041.5 2039.4 2037.8 2037.8 2038.1 2043 2042.5 2047.5 2054.9 2051.2 2060 2060.1 2060.4 2060.2 2058.1 2060.3 2061.1 2061.8 2067.2 2049.5 2074.3 2061.3 2078.9 2077.3 2038.6 2072.2 2045.4 2053.1 2059.5 2026.9 2030.5 2030.5 2037.6 2014.9 2013.9 2016.4 2016.4 2023.5 2003.5 1999.3 2002.1 1996.1 2009.9 1989.1 1982.9 1991.5 1982.1 2000 1970.8 1966.5
2022.6 2000 2004.2 2033.3 2019 2042.9 2023.8 2031 2031 2029.1 2032.6 2033.1 2039.8 2031.3 2028.9 2034 2033.3 2038.1 2035.2 2035.2 2022.8 2012.9 2012.4 2016.4 2016.4 2017.9 2029.9 2027.6 2031.1 2039.8 2020.6 2033.1 2039.6 2051.2 2060 2059.7 2057.2 2054.8 2058.1 2058.7 2061.1 2061.3 2057.1 2063.8 2057.6 2061.3 2049.3 2050.6 2051.9 2049 2066.9 2061.7 2061.7 2056.6 2052.3 2061.9 2058 2058 2053.5 2049.6 2052.8 2050.3 2030.3 2047.1 2036.7 2042.3 2009.9 2017.6 2038.3 2025.9 2035.1 1996.2 2004.1 1966.5
2021.5 2003.2 2003 2009.1 2008.1 2014.6 2019.8 2016 2011.7 2032.6 2032.6 2033 2033 2022.5 2028.9 2020.7 2023.5 2026.2 2015.7 2018.3 2009.6 2009.6 2002.8 2001 2005.1 2006.9 2006.9 2003.6 2013.1 2004.3 2013.7 2027.1 2021.3 2034.2 2040.8 2059.7 2050.4 2049 2049 2048.8 2056 2052.5 2057.1 2046.1 2040.7 2045.8 2040.2 2044.8 2049.8 2049.8 2039.8 2039 2046.1 2045.4 2045.4 2045.8 2049.7 2049 2048.6 2051.2 2049.6 2052.8 2048.5 2047.1 2044.4 2040.5 2041 2037.4 2038.3 2034.9 2025.8 2025.8 2013.5 2007.2
2003.8 2005.1 2003.1 2002.2 2008.1 2010.5 1998.1 1998.1 2005.3 2013.6 2023 2033 2015.3 1997 1997 2019.3 2023.5 2023 2016.9 2000.5 1994.7 2000.7 1999.7 1999.7 2001 1992.8 1996.5 1987.3 1987.4 1980.3 1998.1 2008.7 2014.8 2027.3 2019.5 2032.1 2029.1 2041 2041.7 2041 2041 2029.2 2040.6 2034.9 2040.7 2030.7 2027.1 2032.2 2029 2028.9 2026.6 2026.6 2028.9 2029.7 2038.6 2043.6 2043.6 2040.5 2045 2044.7 2045.2 2051.8 2045.6 2043.1 2039.5 2040.5 2036.7 2032.1 2032.1 2024.9 2025.3 2015.1 2013.5 2005.5
2008.4 2005.7 2003.6 2002.7 2002.7 2000.7 1998 2001 2006.4 2006.4 2008.6 2013.6 2003.2 1997 2006.5 2000.7 2006.6 1992.3 2016.9 1982.8 1982.8 1994.2 2001 2000.9 1996.8 1992.8 1983 1985.1 1980.2 1983.9 1996 1991.7 2002.9 2007.4 2019.5 2023.2 2028.8 2028.8 2027.6 2033.8 2029.7 2023.7 2023.7 2018.2 2024.6 2021 2027.1 2024.9 2018 2021.5 2017.1 2020 2022.1 2022.1 2023 2021.9 2034.6 2034.3 2039.6 2034.6 2039.8 2040.5 2045 2037.3 2036 2034.3 2032 2032 2024.2 2015.5 2015.5 2006.7 2006.4 1997.7
2011.7 2008.7 2005 2003 2002.8 1999.3 1999.3 1999.5 2002.2 2004.2 2003.8 2003.8 1999.9 1997.9 1997.2 2000.7 1993.9 1983.5 1980 1984.1 1988.2 2000.4 2000.4 1995.9 1966.5 1977.2 1975 1978.5 1973.5 1977.6 1982.7 1985.3 1995.8 1999.7 1999.7 2003.1 2014.9 2029.9 2014.8 2014.8 2010.6 2020.2 2012.3 2018.2 2014.3 2004.3 2011.6 2010.3 2018 2016.8 2016.8 2013.4 2012.3 2017.2 2016.8 2021.9 2022.5 2023.7 2029.2 2030.4 2035.5 2031.7 2036.5 2035.2 2032.1 2032.2 2024.5 2024.5 2015.4 2015.5 2006.6 1998.3 1998.3 1990.7
2007.1 2006.6 2003 2003 2004 2001.2 1998.3 1998.8 1998.8 1998.3 2000.8 1998.8 1996.7 1995.7 1988.5 1990.7 1984.5 1983.5 1981.1 1979.2 1984 1988.1 1996.5 1972.7 1966.5 1963 1964.3 1968.9 1968.4 1977.2 1965.3 1976.1 1977.2 1979.2 1991.1 1994 1994 1998.3 2000.1 2003.3 1999.1 1999.1 1991.8 2000.1 1996.9 2004.3 2002.2 1992.8 2001.4 2004.4 2012.3 2006.9 2006.9 2009 2013.7 2017 2018.6 2023.7 2019.3 2024.9 2026.5 2028.3 2032.9 2030.5 2030.5 2024.8 2029.6 2015.6 2006.8 2006.8 1997.8 1998.1 1990.5 1983.7
2000 2008.6 2015 2007.8 2004.6 2004.6 2001.4 1998.6 1996.5 1994.6 1996.6 1990.8 1992.2 1986 1988.5 1983.5 1977.5 1978.7 1975.7 1979.2 1981.2 1988.1 1979.6 1969.6 1964.5 1963 1964.3 1962.5 1952.9 1953.4 1956.8 1968 1967.4 1967.4 1969.4 1973.5 1986.3 1989 1989 1987.3 1992 1985.1 1979.1 1988.9 1978.5 1986.7 1984.6 1992.8 1992.6 1981.4 1978.9 1990.2 2001 2005.8 2013.7 2015.9 2009.2 2013.7 2015 2020.9 2016.9 2022.8 2024.9 2027.9 2024.5 2011.2 2011.2 2008.2 2007.2 1997.9 1989 1989 1982.2 1983.4
2008.8 2016.7 2016.7 2014.4 2007.6 2003.8 2002.1 2002.1 1993.1 1992.7 1989.8 1979.5 1978.3 1971 1977.7 1975.5 1977.5 1973.3 1967.9 1970.5 1970 1975.3 1970.1 1969.6 1958.7 1952.8 1958 1953.6 1952.9 1951 1951 1951 1949.8 1956 1960.3 1960.3 1967.7 1978.6 1981 1970.2 1977.8 1962.4 1960.2 1969.5 1968.6 1976.5 1966.2 1974.6 1972.9 1981.4 1975.5 1982 1982 1986.4 2001.9 2007.4 2009.2 2002.5 2003.2 2010.7 2013.4 2019.4 2023.2 2023.2 2015.8 2009.1 2008 2001.3 2001.3 1989.3 1988.5 1980.3 1975.7 1977.2
1996.6 2017 2017 2011.3 2011.3 2004.1 2002 2002 1994.6 1987.7 1983.3 1981.6 1971.1 1971 1971.5 1970.1 1970.8 1969.2 1967.9 1963.7 1963.1 1963.1 1960.1 1959.4 1947.2 1952.8 1942.8 1945.6 1948.6 1947.1 1951 1947 1947 1940.5 1948.5 1957.4 1958 1958 1951.6 1953.5 1957.3 1957 1956.5 1955.5 1960.7 1958.2 1966.2 1963.7 1961 1961 1970.9 1971.4 1972.7 1986.4 1976.1 1986.3 1998.1 1995.8 2003.2 2006.7 2007.1 2011.7 2006.5 2010.5 2005.8 2005.8 2008 2007.8 1996.3 1976.2 1978.1 1970 1973.2 1970.1
2002.6 2002.6 2014 2005.4 2005.4 2002 2002 2002 2001.7 1985.5 1977.2 1975.7 1972.9 1971.4 1970.5 1965.9 1966.3 1957 1957 1954.1 1957 1956.7 1952 1952 1932 1937.1 1941.9 1945.6 1944.4 1936.9 1941.2 1937.1 1939.1 1940.4 1940.4 1945.3 1943.4 1950.4 1933.4 1943.9 1946.5 1957 1957 1957 1951.6 1942.6 1946.2 1943.2 1952.2 1955.6 1959.3 1959.3 1945.5 1959.7 1959.2 1986.3 1976.3 1985.9 1989.1 1985.5 2007.1 2001.1 2001.1 1998 1994.9 2000.5 2004.1 2004.1 1989 1986.1 1970.4 1967.6 1966.3 1956.2
1989.1 2016.2 2005.6 2005.6 2002 2000.3 2002 1994 1989.3 1976.4 1977.6 1972.7 1970.8 1971 1965.8 1965.8 1959.9 1960 1951.1 1952.3 1952.3 1946.4 1948.1 1939 1932 1940 1937.5 1940.1 1935.8 1936.9 1930.3 1931.8 1932.7 1934.2 1939 1938 1943.4 1934.9 1928.6 1926.3 1939.8 1952 1946.4 1957 1939.4 1927.4 1935.2 1937 1937 1934.3 1937.1 1944 1937 1937 1937 1937 1966.7 1985.9 1977 1963 1981.4 1985.3 1995.4 1998 1998 1982.2 1965 1976.2 1975.9 1973.8 1970.9 1970.5 1958.3 1945.4
2000 1995.4 2001.8 2002.1 2000.1 2000.3 1976.3 1975.9 1969.2 1970.4 1971.9 1966.2 1967.9 1966.5 1957.6 1958.9 1953.9 1953.9 1950.8 1951.4 1944.7 1938.3 1938.3 1932.3 1933.1 1929.8 1937.5 1931.6 1917.5 1920.3 1918.5 1931.8 1931 1931 1928.6 1924.8 1928.5 1926.8 1928.6 1925.4 1927.4 1932.8 1923.4 1935.4 1919.9 1919.9 1919.2 1937 1936.5 1921.9 1921.9 1910.1 1930.9 1937 1936.2 1937.1 1936.3 1972.4 1960.7 1963 1961.7 1957.9 1991.8 1998 1994.4 1959.1 1965 1962.6 1971 1971.1 1968.5 1968.4 1950.4 1941.6
2000 2000.7 1998.1 1998.1 1983.8 1977.6 1969.7 1975.9 1968.1 1966.1 1965.2 1959.5 1961.4 1951.3 1951.3 1950.3 1945.6 1947.5 1942.9 1942.9 1935.2 1937 1931.4 1925.9 1926.8 1920.4 1923.2 1912.7 1917.5 1913.2 1906.1 1910.4 1906.6 1918.1 1918.4 1924.8 1917 1913.9 1918.8 1914.8 1925.3 1910.8 1917.5 1913 1914.1 1916 1928.2 1928.2 1927.2 1928.4 1911.3 1921.4 1921.4 1926.6 1931.8 1923.6 1936.3 1959.8 1934.8 1942.1 1945.3 1957.9 1980.6 1964.2 1960.9 1954 1956.9 1965.9 1971 1966.6 1952.5 1952.4 1941.1 1937.1
2000 1986.4 2002.4 1986.6 1983.8 1974.7 1969.4 1968.4 1968.2 1966.1 1958.1 1958.1 1952 1945.3 1946.2 1944.1 1944.1 1938.3 1930.3 1931.6 1929 1930.5 1923.9 1925 1919.6 1914.2 1913.6 1905.3 1907 1904.5 1906.1 1899.5 1899.3 1899.3 1905.3 1911.5 1909.1 1913.9 1906.4 1903.2 1901.8 1906.1 1911.4 1913 1913 1912.2 1912.4 1920.2 1917.9 1917.9 1913.9 1909.1 1920 1918.8 1921.8 1914.2 1913.7 1922 1934.8 1934.5 1929.9 1942.3 1950.7 1964.2 1950.7 1954 1949.1 1952.8 1967.6 1951.5 1952.5 1941.8 1942.3 1935.3
2000 1987.3 1987.3 1978.1 1977.3 1971 1969.4 1969.2 1958.3 1956.6 1948.8 1950.9 1945.8 1945.8 1945 1936.8 1937.1 1930.7 1930.7 1924.2 1926.4 1922.7 1916.9 1918.4 1912 1913.6 1908.5 1905.3 1903.8 1898.2 1898.7 1893.1 1891.2 1897.9 1898.7 1898.7 1896.5 1901.7 1899.9 1903.2 1899.4 1900.7 1905.2 1910.4 1908.4 1905.1 1905.1 1905.5 1905.1 1910.6 1909.4 1912.9 1910 1914.7 1912.2 1908.8 1909.4 1909.1 1915.8 1918.9 1929.9 1937 1942.8 1942.8 1937.9 1943.1 1942.3 1952.8 1942.5 1931.2 1939.4 1934.4 1935.3 1930.6
2000 1974.6 1973.4 1971.5 1971.5 1966.3 1967.3 1969 1958.3 1943 1941.4 1943.8 1941.4 1943.5 1939.5 1939.5 1928.7 1923.7 1924.9 1923.7 1922.2 1914.2 1915.3 1909.8 1905.2 1907.6 1901.2 1905.1 1899.1 1898.2 1892.7 1889.4 1889.4 1890.3 1894.1 1891 1896.5 1889.6 1888.6 1893.9 1895.8 1900.7 1900.5 1900.5 1889.5 1890.5 1898.2 1898.7 1898.7 1898.4 1899 1908 1904.9 1908.9 1903.4 1906.7 1905.7 1906.4 1910.1 1901.5 1912.7 1919.2 1930.5 1927.7 1922.4 1922.4 1920.6 1931.6 1926 1931.2 1933.2 1926.7 1928.2 1925
1964.6 1964.6 1971.5 1971.6 1966.8 1960.6 1961.6 1951.6 1941 1941 1941.4 1940.7 1934.8 1935.1 1922.1 1926.2 1921 1923.7 1915.8 1913.4 1915.5 1905.5 1907.7 1900.1 1902.6 1898 1894.7 1904.8 1890.1 1890.1 1885.1 1887.2 1884.6 1883 1883 1878.3 1884.2 1883.6 1888.6 1888.2 1882.4 1893.6 1881.5 1884.4 1880.6 1880.6 1884.3 1885.5 1892.1 1892.1 1899 1893.3 1900.7 1899.9 1898.3 1902.4 1903.9 1907.8 1896.5 1901.5 1907.3 1911.3 1911.3 1907 1912 1908.4 1920.6 1909 1909 1918.9 1928 1926.7 1922.5 1917.4
2000 1966.1 1970.9 1970.9 1960.4 1960.5 1952.8 1951.6 1941 1939.3 1941 1939.8 1934.8 1922.7 1922.7 1914.7 1908.2 1911.5 1905.4 1913.4 1889.9 1892.8 1897.1 1891.9 1895.1 1887.5 1890.8 1885.9 1878.1 1882.8 1878.7 1878.7 1874.2 1876.7 1870.7 1872.8 1878.4 1872.8 1877.7 1876.7 1882.4 1877.2 1871 1872 1870.8 1876.1 1878.6 1885.5 1879.5 1879.8 1886 1890.8 1896.2 1894 1895.6 1894.3 1897.4 1897.7 1893.2 1893.2 1900.3 1905.9 1903.8 1895.2 1895.2 1894.7 1903.8 1909 1909 1911.9 1896.1 1913.3 1912.8 1917.4
2000 1956.4 1964.1 1960.5 1951.2 1952.4 1943.4 1944.7 1939.5 1939.3 1932.8 1909.9 1911.3 1911.1 1912.8 1907.2 1908.2 1897.2 1890 1892.4 1882.4 1892.8 1883.9 1888.3 1883.9 1880.3 1883.6 1875.6 1875.6 1874.6 1876.7 1872.8 1867.5 1867.5 1860.2 1865.7 1867.8 1866.8 1871.6 1865.3 1870 1867.5 1871 1870.4 1869.7 1869.2 1867.8 1873.2 1874 1879.8 1872.4 1878.9 1894 1889 1890.7 1885.6 1891.1 1892.6 1893.3 1896.3 1898.6 1898.6 1896.6 1896.5 1887 1892.3 1904.9 1907.3 1909 1907 1896.1 1897.4 1891.8 1906
2000 1956.3 1962.5 1947.3 1950.2 1942.3 1934.7 1939.6 1929.3 1928.2 1911.6 1909.9 1910.9 1911 1911 1898 1892.6 1886 1890 1882 1882 1881.3 1875 1879.6 1876.3 1876.3 1873.4 1872.2 1875 1870.5 1870.5 1864.2 1866.5 1861.6 1860.7 1863.2 1859.3 1862.5 1861 1865.3 1862.4 1855.5 1859.4 1863.2 1869.7 1865.3 1867.8 1862.5 1864 1868.9 1869.5 1878.9 1884.2 1875.8 1880.6 1881.3 1887.2 1890 1890 1893.8 1894.2 1895.6 1892 1892 1887 1887 1895 1897.7 1901.6 1888.5 1888 1876 1891.8 1906
2000 2000 1945 1941.1 1941.7 1934.9 1934.1 1924.6 1911.9 1914.3 1909.4 1909.1 1908.2 1910.6 1894.9 1875 1875 1879.4 1880.7 1882 1882 1872.2 1861.8 1867.2 1864.1 1868.8 1865.7 1865.7 1870.6 1857.6 1861.2 1855.9 1859.9 1853.5 1859.1 1858.5 1853.8 1857.1 1851.1 1854.7 1851.7 1855.5 1854.6 1857.6 1857.6 1853.7 1857.8 1852.2 1864 1856.7 1858.5 1865.8 1872.2 1875.8 1875 1875 1877.8 1882.1 1888.7 1892.7 1892.7 1891.9 1892.3 1887 1886.8 1888.4 1887.9 1892.1 1887.5 1888.5 1876.1 1878.1 1877.1 1876.6
2000 1948 1943.3 1943 1936.5 1929.5 1926.7 1920.5 1913 1910.3 1909.4 1908.9 1897.9 1897.9 1880.3 1875 1876.1 1879.4 1879.7 1871.2 1874.5 1848.8 1861.8 1859.3 1851 1855.5 1850.9 1857.1 1851.1 1851.1 1844.8 1841.7 1847.7 1845.8 1855.6 1846.1 1851 1847.8 1845.1 1848.3 1841.9 1844.6 1841 1849.5 1848.3 1847 1847 1847.1 1851 1852.9 1858.5 1859 1851.9 1856.3 1863.4 1871 1875.3 1875.3 1881 1888.9 1891 1890.1 1889.4 1887.1 1887.1 1885.9 1885.5 1887.2 1883.3 1877.5 1878.6 1878.1 1880 1877
2000 1940.4 1944.2 1939.8 1936.1 1932.8 1925.2 1917.7 1912.5 1910.2 1910.2 1907.9 1901.4 1884.8 1875.5 1875.5 1875 1876.9 1870.8 1871.2 1839 1838.6 1840.5 1845.7 1851 1846.2 1846.2 1839.1 1821 1834.5 1834.7 1841.7 1833.2 1839.6 1838.2 1836.8 1844 1837.9 1841.8 1839 1836.1 1838.5 1830.6 1830.6 1837 1847 1846.1 1846.2 1846.2 1846.7 1849.8 1850.2 1851.9 1854.7 1854.2 1860.8 1866.4 1873.6 1879.5 1879.5 1884.4 1887.6 1887.1 1880.5 1885.4 1882.9 1884.8 1884 1883.8 1880.1 1881.7 1880.5 1881 1880.9
2000 2000 1942.5 1939.5 1930.5 1928.3 1923 1922 1917.3 1904.7 1901.9 1885.6 1885.6 1875.8 1875.9 1870.9 1875 1873.4 1855.3 1852.1 1838.2 1838.6 1839 1835.2 1839.8 1831.7 1835.5 1822.6 1821 1820.3 1818.8 1826.2 1826.2 1832.5 1826.8 1830.7 1833.4 1832.6 1835.8 1833.4 1833.4 1831.5 1832.4 1829 1840.4 1840.4 1844 1844 1843.8 1846.7 1847.3 1845.8 1848.7 1850.4 1854.2 1859.3 1859.3 1865 1867.5 1874 1889.9 1887.6 1882.2 1877.9 1853 1884 1884 1883.7 1884.1 1884.2 1882.2 1881 1881 1881
2000 1932.4 1942.5 1933.6 1932.4 1924.1 1916.6 1918.6 1911.5 1911.5 1893.9 1877.6 1874.9 1865.8 1865.8 1857.1 1861.3 1843.7 1835.1 1838.4 1833.7 1835.5 1829.3 1835.2 1826.2 1818.2 1821 1821 1821 1814.6 1818.8 1812.7 1814.3 1821 1823.8 1829.9 1831.8 1830.4 1827.1 1825.4 1828.7 1827.8 1827.8 1829.7 1833.8 1844.2 1837.9 1840.9 1838 1841.2 1842.2 1845.8 1849.2 1845.7 1847.6 1848.7 1857.9 1862.2 1867.5 1858.2 1862.2 1877.5 1874 1877.9 1879.9 1881.8 1882.6 1883.1 1884.3 1885.2 1885.2 1882.8 1881.6 1882.1
2000 2000 1933 1927.1 1925.6 1917.1 1917.1 1908.1 1900.2 1899.2 1884.7 1884.7 1870.2 1865.2 1854.8 1844.6 1842 1832.1 1832 1832.3 1833.7 1825.8 1803.2 1811.7 1814 1818.2 1819.6 1821 1821 1804.2 1806.6 1806.8 1814.3 1811.1 1815.7 1822.9 1820.4 1824 1821.5 1821.5 1820.2 1820.6 1828.3 1827 1827 1816.2 1825.5 1834.4 1835.8 1838.5 1834.6 1841.2 1847.7 1845.7 1844.1 1845.8 1849.4 1853.4 1856.8 1852.4 1862.2 1850.1 1861.2 1872 1881 1881.4 1879.2 1881.4 1882.8 1884.8 1886.4 1888.5 1888.5 1885.2
2000 2000 1928.8 1923.8 1921 1911.5 1909 1896.4 1896.4 1887.4 1882.7 1879.3 1861.3 1854.2 1837.3 1842.4 1833.2 1832 1832 1832 1832 1802.3 1803.2 1808.3 1810.6 1810.6 1804.1 1810.2 1801.8 1804.2 1789 1789.8 1802.7 1810.8 1815.7 1808.9 1808.9 1804.3 1809.3 1815.6 1814.4 1814.4 1812.2 1825.1 1815.8 1806 1820.1 1830 1833.5 1831.3 1834.2 1842.9 1839.7 1846.1 1844.1 1845.8 1849.6 1851.4 1851.4 1850.7 1850 1850 1861.2 1863 1876.6 1876.3 1878.3 1880.8 1882.6 1882.6 1885.3 1888.3 1887.8 1884.5
2000 2000 1928.2 1923.8 1914.7 1908.5 1904.5 1891.9 1884.6 1883.3 1883.3 1882.3 1862.1 1846.8 1834.5 1833.9 1830.8 1832.6 1832.1 1816 1814.2 1802 1797.9 1803.9 1806.5 1802.6 1788.3 1788.3 1786.9 1789 1789 1789.8 1792.1 1798.9 1808 1778.8 1779.4 1792 1792 1801.8 1798 1805.4 1805.1 1816.5 1806 1806 1808.2 1818.8 1825.7 1819.6 1826.9 1831.6 1839.7 1844.3 1844.1 1844.1 1845.1 1848.7 1850.1 1850.7 1850 1849.8 1852.5 1864.6 1876.6 1875.5 1872.8 1876.4 1878.6 1882.1 1885.3 1885.3 1887.9 1885.5
2000 2000 1932.7 1924.1 1912.9 1908.5 1898 1898 1889.5 1884 1883.7 1868.3 1862.1 1843.4 1833.7 1830.7 1823.6 1832.7 1818.6 1816.8 1804.4 1796.2 1800.8 1798.7 1798.7 1786.2 1778.9 1777.4 1789 1789 1789 1789.3 1788.3 1798.9 1784.9 1776.5 1777.6 1784.3 1795 1791.5 1791.5 1783.2 1793.8 1803.8 1805 1806 1804.1 1810.2 1811.7 1815.2 1823.2 1818.8 1827.5 1833.2 1843.7 1841.5 1841.7 1841.7 1845.1 1849.5 1849.7 1849.8 1848.8 1855.6 1865.4 1869.7 1872.8 1874.6 1874.6 1877.7 1881.4 1885.1 1887.3 1885.5
2000 2000 1932.7 1932.7 1912.2 1907.4 1896.8 1893.5 1889.5 1884 1875.7 1859.9 1849.3 1838.4 1833.7 1827.9 1824.7 1813.2 1801.9 1804.5 1796.2 1796.2 1789.1 1793.5 1783.8 1773.3 1773.3 1776.5 1784.1 1789 1788.4 1786.5 1770.5 1775 1771.1 1776.5 1778.3 1774.8 1780.2 1775.5 1781.3 1781.6 1793.8 1788.7 1786.5 1796.4 1796.2 1803.1 1798.7 1807.3 1810.7 1814 1822.6 1827.2 1827.2 1827.7 1835.4 1838.5 1844.4 1844.4 1849 1848.9 1848 1855.6 1871 1859.4 1865.5 1868.8 1873.5 1877.4 1877.4 1881.8 1886.9 1887.3
2000 2000 2000 1916.3 1912.2 1900.7 1892.6 1889.5 1875.5 1876.5 1863.6 1859.9 1851.2 1838 1832.1 1819.8 1816.5 1807.4 1800.2 1796.3 1788 1788.1 1779.9 1779.9 1768.2 1772.3 1772.9 1778.9 1778.9 1781.8 1784.4 1769.9 1770.5 1760.9 1759.7 1769.5 1770.2 1774.8 1767.8 1775.5 1766.4 1775.3 1780.7 1774.5 1786.5 1773.3 1785.6 1786.6 1795.6 1803.1 1806.2 1806.2 1808.7 1809.7 1815.4 1819.9 1819.9 1826.9 1836.2 1845.3 1846.2 1847.4 1845.6 1848.2 1850.7 1859.4 1863.7 1863.2 1868.4 1873.4 1877.8 1883 1886.9 1888.3
2000 2000 1919 1914.2 1908.5 1895.9 1892.6 1879.8 1864.7 1864.7 1857.7 1855.1 1847.4 1838 1826.3 1812.5 1810.4 1800.6 1797.8 1788.5 1788.5 1780.4 1772.9 1771.1 1766 1766 1770 1773.7 1775.5 1760.7 1766.2 1753.2 1755.6 1754 1759.7 1768.7 1758 1749.5 1748 1756.3 1760.2 1775.3 1770.1 1758 1759.3 1768.1 1778.8 1779.1 1788.7 1792.3 1794.5 1801.3 1802.6 1802.6 1800.9 1804.4 1816.5 1824.4 1824.4 1832.1 1843.1 1842.2 1845.6 1848 1849.2 1848.2 1857 1863.2 1868.7 1874.1 1874.1 1880.1 1884.9 1890.1
