Birgham/input/emb20DEM.asc~
ncols        101
nrows        70
xllcorner    0.0
yllcorner    0.0
cellsize     20.0
NODATA_value  -9999.
[rows 0 to 19 of 70, columns 46 to 91 of 101]
-9999. -9999. -9999. -9999. -9999. -9999. -9999. -9999. -9999. -9999. -9999. -9999. -9999. -9999. 1957.9754638671875 1959.4595947265625 1971.77197265625 1973.3062744140625 1970.068115234375 1971.1199951171875 1971.50244140625 1972.9012451171875 1975.5081787109375 1979.776123046875 1981.598388671875 1982.126708984375 1977.41552734375 1963.5281982421875 -9999. -9999. -9999. -9999. -9999. -9999. -9999. -9999. -9999. -9999. -9999. -9999. -9999. -9999. -9999. -9999. -9999. -9999.
-9999. -9999. -9999. -9999. -9999. -9999. -9999. -9999. -9999. 1941.234619140625 1953.599609375 1954.8475341796875 1944.77783203125 1955.740478515625 1968.590087890625 1980.539306640625 1987.6268310546875 1989.128662109375 1984.68408203125 1986.44091796875 1988.7283935546875 1990.79931640625 1992.499267578125 1995 1995.039306640625 1995.8536376953125 1995.26806640625 1991.9871826171875 1979.07958984375 1979.793701171875 1961.62353515625 -9999. -9999. -9999. -9999. -9999. -9999. -9999. -9999. -9999. -9999. -9999. -9999. -9999. -9999. -9999.
-9999. -9999. -9999. -9999. -9999. 1872.2550048828125 1891.6729736328125 1917.0526123046875 1931.40380859375 1954.2706298828125 1972.1270751953125 1981.2130126953125 1986.9276123046875 1987.0552978515625 1996.9649658203125 2002.3875732421875 2000.3778076171875 1999.7054443359375 1993.6611328125 1990.5867919921875 1990.9132080078125 1991.8441162109375 1994.7242431640625 1997.6986083984375 1998.541259765625 1997.0775146484375 1994.9390869140625 1992.169677734375 1987.3282470703125 1983.6063232421875 1975.9071044921875 1957.06201171875 1952.2091064453125 -9999. -9999. -9999. -9999. -9999. -9999. -9999. -9999. -9999. -9999. -9999. -9999. -9999.
-9999. -9999. 1877.5589599609375 1898.5548095703125 1913.965576171875 1919.631591796875 1935.29541015625 1955.91259765625 1959.3438720703125 1969.349609375 1989.427490234375 2003.6204833984375 2005.710205078125 2007.1995849609375 2006.428466796875 2008.947021484375 2005.5518798828125 2002.8892822265625 2000.3204345703125 1997.322509765625 1995.9967041015625 1996.2454833984375 1998.0545654296875 2001.76806640625 2003.7618408203125 1998.3956298828125 1995.2286376953125 1993.5157470703125 1992.068603515625 1990.2384033203125 1988.9715576171875 1977.2139892578125 1972.455078125 1948.53857421875 1934.7607421875 -9999. -9999. -9999. -9999. -9999. -9999. -9999. -9999. -9999. -9999. -9999.
1876.1158447265625 1886.00244140625 1901.49365234375 1922.0126953125 1940.9215087890625 1957.50634765625 1976.8992919921875 2002.5096435546875 1999.44140625 2001.228515625 2003.90576171875 2006.22021484375 2009.5753173828125 2011.686767578125 2012.9990234375 2012.819580078125 2010.8758544921875 2008.797607421875 2006.933349609375 2004.394287109375 2002.1070556640625 2000.68603515625 2001.104736328125 2003.09375 2001.50732421875 1997.05859375 1994.8975830078125 1994.8956298828125 1993.7674560546875 1992.18896484375 1988.4033203125 1983.801025390625 1982.055419921875 1957.297607421875 1935.98486328125 1926.40185546875 1923.1514892578125 -9999. -9999. -9999. -9999. -9999. -9999. -9999. -9999. -9999.
1918.1246337890625 1924.1832275390625 1923.71044921875 1945.15087890625 1955.473876953125 1975.8287353515625 1993.0946044921875 2006.98291015625 2017.3594970703125 2020.486083984375 2019.848876953125 2018.3551025390625 2017.099609375 2017.175537109375 2017.505126953125 2016.74658203125 2015.7265625 2014.4901123046875 2013.436279296875 2011.5740966796875 2008.3974609375 2005.0372314453125 2003.6634521484375 2002.512451171875 2000.1339111328125 1997.4921875 1996.0357666015625 1995 1994.4578857421875 1993.6043701171875 1992.3341064453125 1989.455078125 1982.427490234375 1961.3743896484375 1941.4619140625 1928.1834716796875 1920.5443115234375 1911.3172607421875 -9999. -9999. -9999. -9999. -9999. -9999. -9999. -9999.
1955.751220703125 1974.2513427734375 1959.831298828125 1965.671875 1982.7578125 1994.447021484375 2008.8358154296875 2018.3499755859375 2026.3934326171875 2032.451416015625 2033.8922119140625 2032.0484619140625 2026.0706787109375 2023.080322265625 2022.0498046875 2020.8187255859375 2019.8990478515625 2019.996337890625 2018.0321044921875 2016.4920654296875 2013.3765869140625 2007.55078125 2004.8623046875 2003.9697265625 2003.0455322265625 2000.6842041015625 1997.3250732421875 1995.527099609375 1995.0076904296875 1994.2894287109375 1993.0894775390625 1989.4825439453125 1982.867431640625 1969.56640625 1947.5584716796875 1930.8580322265625 1920.9613037109375 1906.1710205078125 1898.2025146484375 -9999. -9999. -9999. -9999. -9999. -9999. -9999.
1974.576416015625 1998.460693359375 2000.8863525390625 2012.2786865234375 2017.698486328125 2014.8079833984375 2026.839599609375 2034.37939453125 2038.541259765625 2044.2772216796875 2048.209228515625 2046.1553955078125 2039.9130859375 2028.69677734375 2023.2412109375 2022.497314453125 2021.2490234375 2020.0625 2018.176513671875 2015.98046875 2011.8822021484375 2005.8134765625 2002.4464111328125 2001.9151611328125 2002.34375 2002.1136474609375 1997.3272705078125 1996.2816162109375 1995.71728515625 1995.0113525390625 1994.2225341796875 1991.552490234375 1986.6285400390625 1975.811279296875 1957.532470703125 1940.4019775390625 1920.027099609375 1911.3907470703125 1903.20361328125 1902.7938232421875 1883.7733154296875 -9999. -9999. -9999. -9999. -9999.
1995.123779296875 2018.9708251953125 2024.142333984375 2042.8544921875 2047.7684326171875 2046.1307373046875 2056.80615234375 2063.99658203125 2060.3955078125 2059.704833984375 2063.889404296875 2060.111083984375 2053.91650390625 2043.0401611328125 2034.5308837890625 2029.0985107421875 2024.5888671875 2021.07275390625 2018.424560546875 2016.0404052734375 2011.979736328125 2003.3016357421875 2000.8885498046875 2000.595458984375 2001.9117431640625 2003.6099853515625 2002.4439697265625 2000.2120361328125 1996.2210693359375 1995.5618896484375 1995.814208984375 1994.8594970703125 1991.9593505859375 1986.1151123046875 1964.7181396484375 1952.327392578125 1926.9520263671875 1911.8026123046875 1901.0380859375 1898.4686279296875 1887.9317626953125 1880.7037353515625 -9999. -9999. -9999. -9999.
2016.7286376953125 2030.4315185546875 2049.829833984375 2071.99072265625 2074.380859375 2077.661376953125 2087.4375 2094.059814453125 2082.3759765625 2075.153564453125 2075.31396484375 2071.68701171875 2068.237060546875 2058.03857421875 2047.8939208984375 2037.05322265625 2027.590576171875 2022.748779296875 2018.2987060546875 2015.5146484375 2013.1844482421875 2005.56396484375 2001.9583740234375 1998.9361572265625 2000.5799560546875 2003.751708984375 2004.638427734375 2004.2427978515625 1997.4466552734375 1995.6868896484375 1996.258056640625 1995.927978515625 1996.1090087890625 1986.6220703125 1976.236572265625 1958.948974609375 1943.0975341796875 1920.1468505859375 1908.1583251953125 1903.332275390625 1890.7017822265625 1883.4215087890625 1874.460693359375 -9999. -9999. -9999.
2043.0482177734375 2053.573486328125 2068.32080078125 2080.174560546875 2095.194580078125 2104.566650390625 2104.625732421875 2100.018310546875 2097.05126953125 2095.698486328125 2094.871826171875 2083.44189453125 2086.052734375 2070.10693359375 2063.593994140625 2049.130859375 2034.000244140625 2022.5577392578125 2017.0025634765625 2015.408447265625 2013.054931640625 2008.3363037109375 2005.799072265625 1999.15673828125 1998.508544921875 2003.0552978515625 2004.130859375 2003.9774169921875 1998.759033203125 1998.0040283203125 1997.0572509765625 1996.693359375 1996.20654296875 1991.9451904296875 1987.253173828125 1974.623046875 1954.522216796875 1936.0023193359375 1920.851318359375 1908.2119140625 1894.2127685546875 1886.9815673828125 1876.885009765625 1868.6688232421875 -9999. -9999.
2079.63232421875 2087.304931640625 2104.900634765625 2111.828857421875 2121.06494140625 2123.21826171875 2114.774169921875 2111.607421875 2113.915283203125 2113.470947265625 2113.26611328125 2100.319580078125 2100.760009765625 2093.865966796875 2081.82470703125 2060.36474609375 2043.277099609375 2028.487548828125 2020.57275390625 2018.0865478515625 2013.2239990234375 2009.42138671875 2007.3604736328125 2002.7603759765625 2003.0577392578125 2003.765380859375 2004.6461181640625 2004.912841796875 2002.22021484375 2000.83447265625 1999.4361572265625 1998.2353515625 1995.8780517578125 1993.5821533203125 1990.7330322265625 1976.94384765625 1961.4989013671875 1945.6988525390625 1930.5184326171875 1916.6741943359375 1902.5633544921875 1889.1728515625 1876.7698974609375 1867.2698974609375 1857.3614501953125 -9999.
2090.087158203125 2104.256103515625 2118.91748046875 2127.100341796875 2134.692138671875 2132.103271484375 2127.760986328125 2130.784423828125 2130.32470703125 2128.387451171875 2128.01806640625 2111.01806640625 2105.998046875 2097.5146484375 2085.028564453125 2066.478759765625 2049.608154296875 2035.7113037109375 2025.73974609375 2022.44140625 2013.9246826171875 2010.3525390625 2007.9866943359375 2003 2004.2847900390625 2004.8582763671875 2005.1910400390625 2005.3509521484375 2005.147216796875 2003.79736328125 2001.755126953125 1999.976318359375 1996.734375 1993.019287109375 1990.6307373046875 1980.1610107421875 1967.464111328125 1953.518798828125 1939.0416259765625 1923.5599365234375 1906.887939453125 1888.285400390625 1875.3023681640625 1867.8148193359375 1859.512939453125 1853.0211181640625
2106.844970703125 2121.63525390625 2129.005615234375 2140.870849609375 2148.21923828125 2150.94189453125 2150.283203125 2150.49169921875 2143 2142.1484375 2138.4033203125 2124.63818359375 2117.7080078125 2100.85302734375 2086.27880859375 2072.112060546875 2053.19287109375 2044.7515869140625 2029.08203125 2027.5484619140625 2022.811279296875 2016.9627685546875 2009.0142822265625 2006.4337158203125 2006.015625 2006.0955810546875 2005.9998779296875 2005.8565673828125 2005.757080078125 2004.84375 2004.13623046875 2001.1951904296875 1998.3985595703125 1995.98876953125 1992.6126708984375 1984.2230224609375 1973.3583984375 1960.8018798828125 1946.57666015625 1928.140869140625 1909.7271728515625 1892.0921630859375 1878.3387451171875 1869.84765625 1860.6884765625 1851.1221923828125
2125.677978515625 2140.324462890625 2147.678955078125 2156.524658203125 2162.215576171875 2156.381591796875 2162.744384765625 2167.678955078125 2167.328125 2156.06103515625 2145.016357421875 2138.248046875 2124.159423828125 2108.40478515625 2089.670166015625 2074.037353515625 2059.940673828125 2045.409423828125 2035.03173828125 2028.4410400390625 2023.60888671875 2017.0364990234375 2012.7640380859375 2009.260498046875 2008.566650390625 2007.3787841796875 2006.5655517578125 2006 2005.941162109375 2004.8935546875 2003.2216796875 2000.8863525390625 1999.2969970703125 1996.7001953125 1993.513916015625 1989.084228515625 1980.925048828125 1968.4332275390625 1952.2926025390625 1930.1053466796875 1910.9288330078125 1894.04150390625 1880.43701171875 1872.065185546875 1861.5802001953125 1851.00341796875
2152.00537109375 2154.447998046875 2167.80126953125 2178.36474609375 2182.703857421875 2180.05615234375 2179.47900390625 2183 2173.076904296875 2154.035888671875 2091.62841796875 2139.4208984375 2128.792724609375 2116.27734375 2097.436279296875 2080.5205078125 2064.114990234375 2048.16845703125 2037.940185546875 2031.880859375 2026.2645263671875 2016.6441650390625 2013.1416015625 2010.573974609375 2008.258544921875 2006.8836669921875 2006.1036376953125 2006 2005.9974365234375 2004.6820068359375 2002.7913818359375 2000.9395751953125 1999.560791015625 1995.55078125 1993.0509033203125 1991.947265625 1989.025634765625 1977.78759765625 1959.33203125 1930.4593505859375 1911.06005859375 1893.3702392578125 1879.531494140625 1873.53125 1862.578857421875 1857.059326171875
2162.423828125 2163.44384765625 2178.597412109375 2185.037841796875 2188.045166015625 2188.878662109375 2189.377685546875 2175.03173828125 2166.734375 2153.56103515625 2128.615966796875 2154.902099609375 2142.173583984375 2124.56005859375 2107.2685546875 2086.796875 2066.160400390625 2048.809326171875 2039.98828125 2037.69775390625 2030.5924072265625 2020.4024658203125 2013.941162109375 2009.577880859375 2006.60986328125 2006.108154296875 2006 2006 2006 2003.8358154296875 2001.9906005859375 2000.406005859375 1999.1707763671875 1994.088623046875 1992.7659912109375 1991.1343994140625 1989.1162109375 1988.1239013671875 1968.36376953125 1949.98779296875 1922.4022216796875 1893.2962646484375 1881.114501953125 1876.583740234375 1867.0037841796875 1857.0233154296875
2158.415771484375 2182.986572265625 2192.7666015625 2193.7060546875 2191.309814453125 2191.0712890625 2188.6162109375 2187.65283203125 2173.52880859375 2184.908203125 2158.513916015625 2138.18505859375 2141.86181640625 2128.428955078125 2117.391357421875 2090.16748046875 2073.390380859375 2055.46240234375 2044.6033935546875 2040.94580078125 2030.21337890625 2018.797119140625 2013.6478271484375 2005.7110595703125 2004.987060546875 2005.4146728515625 2005.903564453125 2005.978515625 2005.8399658203125 2000.944580078125 2000.4163818359375 1998.92626953125 1974.7149658203125 1923.5772705078125 1992.584716796875 1990.648681640625 1989.1800537109375 1987.268798828125 1972.376953125 1962.3599853515625 1933.8365478515625 1902.4996337890625 1884.7666015625 1875.2685546875 1871.145751953125 1857.3236083984375
2191.156494140625 2195.36572265625 2201.7509765625 2203.364013671875 2199.554931640625 2192.66455078125 2189.345703125 2185.333984375 2183.58642578125 2177.6484375 2156.048095703125 2139.365234375 2131.690185546875 2126.12158203125 2120.392578125 2099.26953125 2074.485107421875 2062.5859375 2048.2216796875 2042.66552734375 2031.8841552734375 2021.853515625 2012.6287841796875 2006.11474609375 2003.9666748046875 2003.37158203125 2003.3956298828125 2003.38427734375 2001.924560546875 1993.27392578125 1999.0518798828125 1998.026611328125 1990.1092529296875 1992.8760986328125 1992.529296875 1990.259521484375 1988.597412109375 1984.955078125 1976.4786376953125 1948.416015625 1930.6768798828125 1904.63427734375 1884.354248046875 1873.2720947265625 1866.371337890625 1857.3385009765625
2197.409912109375 2202.273193359375 2206.624267578125 2205.447998046875 2200.374755859375 2194.420654296875 2188.82373046875 2182.3388671875 2178.16650390625 2170.734130859375 2147.901123046875 2138.9072265625 2132.812255859375 2128.560791015625 2122.42822265625 2101.859619140625 2078.951416015625 2063.21337890625 2044.6158447265625 2045.3712158203125 2034.2978515625 2027.4854736328125 2013.218017578125 2005.7344970703125 2004.454833984375 2001.8018798828125 1999.690673828125 2000.4161376953125 1996.517333984375 1993.0775146484375 1996.5753173828125 1996.146484375 1994.1226806640625 1992.254638671875 1990.9698486328125 1990.0679931640625 1988.6363525390625 1983.6285400390625 1975.9583740234375 1953.417236328125 1923.8819580078125 1903.820556640625 1878.789794921875 1871.846923828125 1864.8551025390625 1860.1512451171875
