Birgham/input/emb20DEM.asc~
ncols        101
nrows        70
xllcorner    0.0
yllcorner    0.0
cellsize     20.0
NODATA_value  -9999.
[rows 20 to 39 of 70, columns 0 to 45 of 101]
-9999. -9999. -9999. -9999. -9999. -9999. -9999. -9999. -9999. -9999. -9999. -9999. -9999. 1881.0888671875 1876.22265625 1878.77978515625 1876.351806640625 1869.185302734375 1866.75390625 1825.554443359375 1805.082275390625 1803.3319091796875 1799.367919921875 1803.45703125 1814.496826171875 1835.2796630859375 1857.051513671875 1871.041259765625 1901.8482666015625 1929.579833984375 1939.9920654296875 1967.2623291015625 1991.189697265625 2015.0574951171875 2026.8162841796875 2062.735107421875 2089.81689453125 2095.743408203125 2101.53271484375 2124.21826171875 2130.274658203125 2159.428955078125 2180.8603515625 2184.19091796875 2189.166259765625 2194.560791015625
-9999. -9999. -9999. -9999. -9999. -9999. -9999. -9999. -9999. -9999. -9999. -9999. 1899.5130615234375 1886.1917724609375 1871.244873046875 1870.1180419921875 1867.562255859375 1859.3482666015625 1839.923828125 1815.0015869140625 1809.2977294921875 1803.6436767578125 1806.40087890625 1820.572509765625 1832.66064453125 1859.12548828125 1891.2723388671875 1900.9930419921875 1915.340087890625 1939.5675048828125 1965.1824951171875 1979.8568115234375 1997.7138671875 2025.984375 2063.482421875 2091.69580078125 2105.608642578125 2123.92333984375 2124.302734375 2135.332275390625 2149.196044921875 2168.200927734375 2186.01318359375 2202.156494140625 2205.810791015625 2211.58837890625
-9999. -9999. -9999. -9999. -9999. -9999. -9999. -9999. -9999. -9999. -9999. 1910.244384765625 1929.3829345703125 1900.7735595703125 1877.783203125 1865.0919189453125 1856.9891357421875 1849.4522705078125 1829.2816162109375 1816.2921142578125 1810.6602783203125 1806.145751953125 1809.2535400390625 1834.5858154296875 1854.7818603515625 1874.6951904296875 1903.4619140625 1923.639892578125 1939.2030029296875 1958.0252685546875 1983.577880859375 1997.361328125 2016.521728515625 2039.2559814453125 2064.90087890625 2094.60888671875 2100.83056640625 2124.224853515625 2146.0166015625 2164.71337890625 2158.830810546875 2179.69189453125 2191.030517578125 2202.88330078125 2211.9931640625 2215.2607421875
-9999. -9999. -9999. -9999. -9999. -9999. -9999. -9999. -9999. -9999. -9999. 1933.7037353515625 1950.665771484375 1919.14111328125 1885.3658447265625 1861.907958984375 1850.019287109375 1842.2374267578125 1841.9556884765625 1820.664794921875 1812.3165283203125 1818.916015625 1836.3768310546875 1855.6038818359375 1874.2406005859375 1891.7080078125 1918.927734375 1940.4222412109375 1956.7789306640625 1972.244384765625 1991.7640380859375 2010.2861328125 2036.47802734375 2057.893798828125 2072.377197265625 2092.903076171875 2121.071533203125 2138.772705078125 2150.98291015625 2175.701904296875 2178.33642578125 2187.55712890625 2197.970458984375 2207.969482421875 2217.20556640625 2218.64111328125
-9999. -9999. -9999. -9999. -9999. -9999. -9999. -9999. -9999. -9999. 1937.8670654296875 1948.9959716796875 1942.7659912109375 1925.7303466796875 1891.03564453125 1861.4498291015625 1842.78857421875 1841.66796875 1828.7982177734375 1818.7105712890625 1819.5145263671875 1839.952880859375 1860.83203125 1880.9891357421875 1893.4976806640625 1898.5877685546875 1923.579345703125 1945.90625 1965.3720703125 1982.2662353515625 2012.9501953125 2028.7027587890625 2042.5931396484375 2066.638671875 2099.010986328125 2103.68896484375 2125.915283203125 2156.05810546875 2167.77294921875 2176.264404296875 2187.756103515625 2197.301025390625 2206.130615234375 2214.76904296875 2221.315673828125 2221.22607421875
-9999. -9999. -9999. -9999. -9999. -9999. -9999. -9999. -9999. -9999. 1951.9852294921875 1943.1900634765625 1926.7318115234375 1912.330078125 1870.837646484375 1844.6265869140625 1828.19775390625 1821.540771484375 1821.87158203125 1823.322265625 1831.7801513671875 1856.080078125 1879.65771484375 1903.740966796875 1913.6573486328125 1925.552978515625 1941.0841064453125 1955.6392822265625 1976.1390380859375 1996.97314453125 2022.5604248046875 2038.2042236328125 2052.75634765625 2065.07861328125 2103.342529296875 2117.209716796875 2129.9091796875 2155.93359375 2180.286865234375 2192.98779296875 2199.13916015625 2207.606201171875 2215.365966796875 2222.103515625 2223.801513671875 2223.59375
-9999. -9999. -9999. -9999. -9999. -9999. -9999. -9999. -9999. 1962.2789306640625 1955.4259033203125 1936 1916.6895751953125 1881.6644287109375 1855.211669921875 1833.643310546875 1826.12060546875 1825.0386962890625 1832.102294921875 1844.682373046875 1856.6209716796875 1871.48828125 1893.5462646484375 1923.3486328125 1941.1365966796875 1946.466064453125 1966.671142578125 1972.8740234375 1990.2237548828125 2017 2029.026123046875 2047.7548828125 2076.641845703125 2075.96337890625 2109.373779296875 2126.7744140625 2151 2157.74462890625 2186.146728515625 2212.3408203125 2213.893798828125 2220.5048828125 2224.788818359375 2226.6513671875 2226.620361328125 2226.255615234375
-9999. -9999. -9999. -9999. -9999. -9999. -9999. -9999. 1959.7188720703125 1944.4515380859375 1940.699462890625 1927.5147705078125 1907.88623046875 1874.96728515625 1840.996337890625 1826.8404541015625 1825.6260986328125 1839.878173828125 1852.86767578125 1863.6099853515625 1888.81884765625 1886.8848876953125 1902.2415771484375 1929.8341064453125 1953.8575439453125 1968.8343505859375 1982.926513671875 1996.1722412109375 2016.087158203125 2011.85888671875 2042.002685546875 2051.726318359375 2084.365478515625 2086.427001953125 2110.814208984375 2136.695556640625 2160.9326171875 2173.0498046875 2192.12353515625 2214.6796875 2222.253662109375 2227.236083984375 2232.43994140625 2229.150390625 2227.811767578125 2226.8544921875
-9999. -9999. -9999. -9999. -9999. -9999. -9999. -9999. 1954.9957275390625 1915.7509765625 1909.34130859375 1904.9288330078125 1894.7933349609375 1881 1848.326171875 1844.2720947265625 1846.439208984375 1867.5501708984375 1872.061767578125 1896.536376953125 1911.1617431640625 1931.0443115234375 1942.95703125 1965.455078125 1977.989013671875 1993.1396484375 2002.9443359375 2015.1954345703125 2036 2044.6705322265625 2062.956787109375 2081.796142578125 2102.823486328125 2111.84619140625 2132.163330078125 2159.597412109375 2179.274658203125 2190.975341796875 2204.52734375 2220.91943359375 2227.85498046875 2232.879150390625 2236.804443359375 2234.8447265625 2231.093994140625 2224.8125
-9999. -9999. -9999. -9999. -9999. -9999. -9999. 1987.487060546875 1923.5179443359375 1894.8475341796875 1893.2515869140625 1886.6448974609375 1871.7857666015625 1860.468017578125 1860.2952880859375 1861.10498046875 1867.9609375 1875.9176025390625 1886.3204345703125 1908.470703125 1925.8941650390625 1944.15234375 1978.185302734375 1979.861083984375 1996.1256103515625 2018.5584716796875 2026.5556640625 2038.8851318359375 2052.357666015625 2067.014892578125 2088.630126953125 2098.1953125 2114.95654296875 2128.38037109375 2151.7568359375 2184.48291015625 2196.352783203125 2204.459228515625 2214.798828125 2223.425048828125 2229.031494140625 2235.8671875 2240.0693359375 2239.054443359375 2234.982177734375 2226.66943359375
-9999. -9999. -9999. -9999. -9999. -9999. -9999. 1960.8685302734375 1888.3402099609375 1889.48193359375 1886.4105224609375 1878.20751953125 1857.5301513671875 1848.131591796875 1857.3917236328125 1866.8779296875 1882.1812744140625 1900.298095703125 1903.4036865234375 1925.5699462890625 1939.563232421875 1948.5596923828125 1985.4951171875 1999.677490234375 2018.25390625 2034.310302734375 2045.281982421875 2056.065673828125 2071.264404296875 2083.975830078125 2098.331787109375 2115.029296875 2128.26025390625 2140.56396484375 2164.636962890625 2186.877197265625 2201.50439453125 2212.03271484375 2220.1640625 2225.397705078125 2227.41943359375 2238.046630859375 2244.76513671875 2244.892822265625 2238.306640625 2228.20703125
-9999. -9999. -9999. -9999. -9999. -9999. 1994.689453125 1935.8621826171875 1909.1024169921875 1899.1944580078125 1890.8157958984375 1881.2393798828125 1862.1312255859375 1846.1197509765625 1849.9178466796875 1863.58935546875 1890.0924072265625 1905.2772216796875 1924.75830078125 1943.5767822265625 1958.731689453125 1975.60546875 1998.5780029296875 2018.971435546875 2036.37890625 2047.8604736328125 2060.589599609375 2083.9091796875 2093.62060546875 2108.76123046875 2112.421142578125 2128.73095703125 2155.11865234375 2158.63623046875 2171.8427734375 2185.661376953125 2201.648681640625 2215.837646484375 2223.580810546875 2229.1181640625 2234.91357421875 2241.898193359375 2249.767578125 2248.9150390625 2236.444580078125 2222.262939453125
-9999. -9999. -9999. -9999. -9999. 2004.8541259765625 1973.828857421875 1945.622802734375 1929.7347412109375 1916.05419921875 1902.0228271484375 1893.03076171875 1876.21875 1849.6314697265625 1845.432861328125 1857.1219482421875 1892.064208984375 1906.0623779296875 1932.2353515625 1954.4512939453125 1975.0498046875 1984.0311279296875 2006.5146484375 2023.107177734375 2043.8575439453125 2056.320068359375 2071.427001953125 2094.045166015625 2099.072021484375 2113.83349609375 2127.77685546875 2138.742431640625 2147.05615234375 2164.062255859375 2186.17333984375 2189.72900390625 2202.143798828125 2217.781982421875 2228.11572265625 2237.12744140625 2242.91650390625 2247.051025390625 2248.83203125 2244.362060546875 2234.69384765625 2221.08154296875
-9999. -9999. -9999. -9999. -9999. 2003.15771484375 1974.3221435546875 1965.7071533203125 1958.080810546875 1938.5928955078125 1921.765380859375 1906.034912109375 1865.558837890625 1851.171875 1849.1875 1865.8275146484375 1894.555908203125 1916.63525390625 1938.2359619140625 1962.499267578125 1987.5712890625 1993.7298583984375 2010.5321044921875 2028.3714599609375 2042.4248046875 2063.89306640625 2089.3681640625 2102.645751953125 2115.0322265625 2125.407470703125 2137.74755859375 2148.64404296875 2154.357177734375 2169.356689453125 2188.6044921875 2199.652587890625 2207.8115234375 2218.450927734375 2229.9619140625 2245.70263671875 2248.86572265625 2249.9873046875 2247.059326171875 2242.255126953125 2233.728271484375 2218.35400390625
-9999. -9999. -9999. -9999. 2029.0489501953125 2003.392822265625 1985.69091796875 1966.7845458984375 1957.10986328125 1944.787353515625 1932.794677734375 1904.2490234375 1873.216552734375 1856.6722412109375 1851.7445068359375 1870.1331787109375 1898.5281982421875 1922.355224609375 1947.1973876953125 1973.8782958984375 1988.3272705078125 1998.9674072265625 2014.0606689453125 2030.9072265625 2048.70947265625 2061.24609375 2085.060546875 2099.61328125 2117.314697265625 2131.896484375 2145.2177734375 2150.5283203125 2156.040283203125 2168.29541015625 2184.77294921875 2201.406982421875 2212.369873046875 2172.494384765625 2214.861083984375 2247.668701171875 2246.728271484375 2249.78173828125 2247.706298828125 2242.581298828125 2229.46533203125 2214.85595703125
-9999. -9999. -9999. -9999. 2026.8680419921875 2024.929931640625 2002.0377197265625 1978.8414306640625 1962.731201171875 1942 1942 1906.4989013671875 1882.384033203125 1862.3482666015625 1862.2213134765625 1877.959228515625 1904.6160888671875 1927.302978515625 1954.685302734375 1983.0338134765625 1990.9293212890625 2001.2655029296875 2016.3636474609375 2034.107421875 2053.880126953125 2072.546142578125 2093.489013671875 2102.573974609375 2115.81591796875 2135.322509765625 2143.830078125 2149.402099609375 2153.4609375 2161.7412109375 2175.30419921875 2192.14404296875 2209.625244140625 2224.615234375 2233.72900390625 2245.205078125 2249.70849609375 2250.159912109375 2242.9462890625 2227.612548828125 2212.66162109375 2219.371826171875
-9999. -9999. -9999. 2041.22802734375 2030.7139892578125 2032.659423828125 2003.9339599609375 1990.96826171875 1969.460693359375 1945.4686279296875 1933.0462646484375 1914.5194091796875 1892.21484375 1869.711669921875 1863.5399169921875 1884.2244873046875 1906.35205078125 1925.3363037109375 1950.5478515625 1974.8736572265625 1988.6279296875 2000.9566650390625 2016.637939453125 2036.3458251953125 2058.47705078125 2074.742431640625 2090.614013671875 2097.551513671875 2107.99169921875 2124.660888671875 2135.83056640625 2144.211669921875 2154.114990234375 2156 2174.070068359375 2180.534423828125 2203.1630859375 2217.412109375 2224.824462890625 2235.76708984375 2246.695556640625 2247.5087890625 2233.30322265625 2219.622802734375 2196.959228515625 2202.68701171875
-9999. -9999. -9999. 2045.172607421875 2033.711669921875 2022.3231201171875 2002.750244140625 1980.6982421875 1960.298583984375 1942.338134765625 1933.837646484375 1920.9879150390625 1901.8392333984375 1876.910888671875 1856.623291015625 1889.21142578125 1907.87744140625 1922.087890625 1938.694091796875 1956.5791015625 1977.1800537109375 1995.7315673828125 2014.2720947265625 2037.4532470703125 2059.142333984375 2058.46142578125 2079.9814453125 2089.564453125 2096.379150390625 2111.756591796875 2125.853515625 2135.684814453125 2143.051025390625 2150.474365234375 2167.28564453125 2174.244384765625 2189.85302734375 2202.8935546875 2210.675048828125 2224.68359375 2243.50048828125 2246.515625 2226.1328125 2207.44775390625 2194.50146484375 2191.033447265625
-9999. -9999. 2060.4130859375 2050.58837890625 2038.94580078125 2021.832763671875 2002.0072021484375 1979.076416015625 1958.172607421875 1940.81494140625 1933.309326171875 1928.191650390625 1914.8536376953125 1886.2889404296875 1857.990478515625 1876.671142578125 1905.9537353515625 1924.0572509765625 1933.52001953125 1946.76611328125 1966.9322509765625 1987.029052734375 2007.6551513671875 2024.9775390625 2038.070068359375 2045.1029052734375 2061.85009765625 2080.196533203125 2088.447265625 2101.108642578125 2117.1240234375 2129.387939453125 2134.1298828125 2142.4580078125 2155.64501953125 2166.702880859375 2179.58544921875 2194.49072265625 2205.6630859375 2229.75048828125 2237.6064453125 2240.333740234375 2224.775146484375 2202.89306640625 2189.77392578125 2184.516357421875
-9999. 2076.22021484375 2064.735107421875 2061.18994140625 2042.022216796875 2023.4434814453125 2004.392333984375 1978.804931640625 1966.728271484375 1933.521728515625 1928.740966796875 1920.611083984375 1908.806640625 1883.24609375 1866.63623046875 1879.0791015625 1897.560791015625 1925.57177734375 1931.093505859375 1943.62939453125 1960.8748779296875 1980.9764404296875 1999.9525146484375 2011.75146484375 2024.3221435546875 2037.2777099609375 2044.251953125 2054.94140625 2075.291748046875 2086.4208984375 2098.6572265625 2111.38916015625 2120.71875 2131.3525390625 2144.227783203125 2156.579833984375 2172.22802734375 2188.663330078125 2197.478271484375 2208.32470703125 2227.394287109375 2235.11767578125 2229.842529296875 2214.39013671875 2202.552734375 2194.27880859375
