Birgham/input/emb20DEM.asc~
ncols        101
nrows        70
xllcorner    0.0
yllcorner    0.0
cellsize     20.0
NODATA_value  -9999.
[rows 40 to 59 of 70, columns 46 to 91 of 101]
2195.44384765625 2192.756591796875 2191.84765625 2186 2184.667236328125 2177.564453125 2173.031005859375 2159.05810546875 2140.4833984375 2116.2861328125 2095.623779296875 2086.06787109375 2080.560791015625 2079.25927734375 2075.598876953125 2074.701171875 2080.752197265625 2072.588134765625 2071.054931640625 2074.655517578125 2079.3046875 2084.470703125 2093.63623046875 2110.356689453125 2112.92626953125 2109.902587890625 2110.22119140625 2112.618408203125 2117.63916015625 2117.900390625 2112.32568359375 2107.27880859375 2103.122802734375 2095.0341796875 2082.301025390625 2073.3447265625 2060.760009765625 2047.51220703125 2034.2574462890625 2019.53271484375 1999.046142578125 1972.424072265625 1945.4200439453125 1921.27197265625 1903.3328857421875 1882.87646484375
2208.917724609375 2201.533447265625 2190.849365234375 2183.45849609375 2178.29296875 2172.29638671875 2165.826904296875 2158.17919921875 2142.08544921875 2133.793212890625 2105.91943359375 2086.93310546875 2080.00244140625 2077.761474609375 2072.189697265625 2065.440185546875 2068.724609375 2056.91357421875 2061.21142578125 2072.41552734375 2080.786865234375 2091.6865234375 2099.36767578125 2107.0595703125 2112.985107421875 2114.820068359375 2115.840087890625 2118.070068359375 2118.796630859375 2117.826171875 2115.951904296875 2114.56787109375 2117.710693359375 2105.204345703125 2091.671875 2084.91748046875 2074.298095703125 2063.31689453125 2053.760009765625 2043.371826171875 2024.3507080078125 1993.519287109375 1965.4317626953125 1940.6258544921875 1923.6160888671875 1901.490966796875
2206.16015625 2196.836669921875 2184.40576171875 2177.65234375 2172.915283203125 2166.717529296875 2158.075927734375 2157.744873046875 2141.16845703125 2126.89990234375 2108.077880859375 2089.364990234375 2078.783447265625 2076.452392578125 2064.4501953125 2051.073486328125 2048.533935546875 2043.9361572265625 2049.211181640625 2062.1103515625 2072.2001953125 2085.1240234375 2095.4482421875 2106.68408203125 2112.998291015625 2116.34716796875 2118.357666015625 2119.594482421875 2118.698486328125 2118.3642578125 2117.859375 2117.926025390625 2118.53173828125 2112.79345703125 2094.152587890625 2103.152587890625 2082.401611328125 2074.822998046875 2071.10205078125 2066.8505859375 2030.2044677734375 2012.138916015625 1983.93115234375 1964.465087890625 1936.515869140625 1919.9481201171875
2181.822021484375 2176.6279296875 2170.70849609375 2168.47998046875 2167.093017578125 2163.980712890625 2148.21337890625 2142.914306640625 2132.797607421875 2116.88916015625 2103.760498046875 2088.69873046875 2077.432373046875 2069.945556640625 2049.58642578125 2032.8260498046875 2025.9381103515625 2025.537109375 2032.2021484375 2046.2457275390625 2057.6328125 2061.735595703125 2094.8515625 2111.503662109375 2115.3359375 2117.52734375 2118 2118.069091796875 2117.957275390625 2118.119140625 2118.504150390625 2119.65869140625 2119.29541015625 2116.896484375 2111.87939453125 2110.18408203125 2095.127197265625 2084.69091796875 2079.304443359375 2072.130859375 2059.08740234375 2038.4405517578125 2003.3720703125 1969.4586181640625 1958.5797119140625 1940.8045654296875
2101.005126953125 2155.787109375 2147.11865234375 2147.552490234375 2144.599609375 2142.4931640625 2136.13037109375 2126.462646484375 2121.116455078125 2106.159423828125 2091.266845703125 2082.28759765625 2076.364990234375 2069.593994140625 2047.10205078125 2026.635986328125 2013.5836181640625 2002.726806640625 2011.4093017578125 2029.90625 2047.368408203125 2064.528564453125 2092.509033203125 2112.37451171875 2115.7890625 2114.262451171875 2111.619873046875 2110.598876953125 2111.627197265625 2116.263916015625 2116.377197265625 2116.869384765625 2115.83984375 2115.474853515625 2115.51318359375 2117.538818359375 2106.003662109375 2096.02685546875 2089.06005859375 2087.638427734375 2083.96630859375 2078.811279296875 2039.23779296875 2007.60595703125 1981.410400390625 1961.099609375
2148.841552734375 2148.532470703125 2138.506591796875 2135.002197265625 2130.54296875 2126.035888671875 2117.34033203125 2107.312255859375 2106.76123046875 2117.314697265625 2090.265625 2079.09130859375 2076.77685546875 2066.212158203125 2051.403076171875 2037.7711181640625 2027.861572265625 2019.9794921875 2019.614990234375 2029.91845703125 2049.662109375 2067.423583984375 2088.393798828125 2113.1748046875 2111.351806640625 2107.40771484375 2103.85498046875 2101.166748046875 2100.09375 2102.783203125 2111.521484375 2109.285888671875 2110.34521484375 2111.7275390625 2113.4521484375 2114.99609375 2112.198486328125 2103.75 2092.180908203125 2087.574951171875 2085.14208984375 2078.61279296875 2048.55322265625 2022.486083984375 1985.0875244140625 1957.869140625
2154.6513671875 2141.565673828125 2133.32373046875 2127.89404296875 2120.174560546875 2112.935546875 2097.5205078125 2093.20703125 2086.965576171875 2081.9091796875 2083.16943359375 2082.076416015625 2077.96533203125 2070.028564453125 2060.917724609375 2051.52490234375 2043.14111328125 2038.036865234375 2032.347900390625 2039.9737548828125 2053.984619140625 2071.47900390625 2087.35302734375 2101.066650390625 2102.69091796875 2100.315185546875 2096.6435546875 2092.227783203125 2088.517333984375 2085.883056640625 2089.17236328125 2098.33154296875 2103.099365234375 2106.7451171875 2109.871337890625 2112.423583984375 2113.968994140625 2106.57470703125 2090.7607421875 2087.034912109375 2084.90869140625 2078.87158203125 2069.427978515625 2034.478515625 1999.5208740234375 1968.655029296875
2148.6806640625 2135.3828125 2129.82666015625 2104.207275390625 2120.822265625 2110.333984375 2102.409423828125 2094.6611328125 2088.92529296875 2085.81689453125 2083.97802734375 2082.997314453125 2080.65576171875 2075.21435546875 2069.01806640625 2062.953857421875 2057.976806640625 2056.4287109375 2042.975830078125 2057.55859375 2067.712890625 2071.769287109375 2090.42822265625 2097.5419921875 2097.609375 2094.47265625 2089.919921875 2083.904296875 2077.512939453125 2077.53125 2078.447998046875 2086.771728515625 2095.173095703125 2101.665283203125 2106.9326171875 2110.7900390625 2114.47314453125 2113.916259765625 2091.74072265625 2089.139892578125 2087.755126953125 2081.12646484375 2063.56298828125 2041.0068359375 2015.8355712890625 1989.0286865234375
2146.662109375 2133.371826171875 2124.0390625 2095.31103515625 2104.61865234375 2104.638916015625 2100.14111328125 2095.3193359375 2090.414306640625 2087.4404296875 2085.338134765625 2084.170166015625 2083.1953125 2080.493408203125 2076.580810546875 2072.39501953125 2069.9716796875 2073.49951171875 2073.21826171875 2074.450927734375 2091.48779296875 2089.611328125 2094.8974609375 2097.073974609375 2095.498046875 2090.92578125 2084.957763671875 2077.146240234375 2070 2071.776123046875 2073.55419921875 2075.158203125 2086.323486328125 2097.734130859375 2106.1279296875 2111.351318359375 2115.875 2112.991943359375 2104.692626953125 2096.8525390625 2090.933837890625 2080.662109375 2065.82666015625 2047.555908203125 2026.875244140625 2005.4083251953125
2141.104736328125 2131.8212890625 2112.88671875 2090.821044921875 2093.385498046875 2097.321044921875 2097.383544921875 2094.688720703125 2091.59423828125 2088.8974609375 2086.527587890625 2085.07666015625 2084.48779296875 2084.498046875 2084.728271484375 2082.583251953125 2080.655517578125 2084.851318359375 2082.42822265625 2088.032958984375 2095.1806640625 2098.494384765625 2102.370849609375 2100.557373046875 2095.56103515625 2089.53125 2081.647216796875 2074.005859375 2070 2070 2070 2074.386962890625 2084.22216796875 2095.53515625 2106.3623046875 2113.6171875 2115.255859375 2115.179931640625 2113.444091796875 2113.942626953125 2091.564697265625 2081.970947265625 2069.511962890625 2053.97509765625 2035.7239990234375 2019.8294677734375
2135.353515625 2131.086181640625 2108.778076171875 2087.936767578125 2089.747802734375 2092.60205078125 2096.647216796875 2094.804931640625 2092.312255859375 2092.305908203125 2088.396728515625 2087.447509765625 2085.04638671875 2085 2085.42626953125 2087.345458984375 2089.002197265625 2091.16748046875 2093.33740234375 2097.381591796875 2101.796630859375 2103.969482421875 2108.207763671875 2107.097900390625 2098.25390625 2092.802001953125 2082.542236328125 2073.84033203125 2071.302001953125 2071.02197265625 2070.143310546875 2071.537841796875 2078.70849609375 2092.530517578125 2105.08203125 2113.26611328125 2113.73681640625 2114.6337890625 2115.05224609375 2105.670654296875 2093.91455078125 2085.139892578125 2074.390869140625 2061.12255859375 2042.6187744140625 2016.0213623046875
2135.26416015625 2134.734130859375 2124.573974609375 2118.47998046875 2122.47314453125 2126.2490234375 2119.615234375 2118.419189453125 2109.63330078125 2109.322509765625 2108.527587890625 2110.010986328125 2102.425048828125 2097.566162109375 2098.145263671875 2098.680419921875 2096.606689453125 2095.383544921875 2096.687744140625 2099.890625 2103.00439453125 2104.907470703125 2108.212890625 2109.89013671875 2106.77734375 2087.590576171875 2082.112548828125 2077.636474609375 2076.195068359375 2075.433349609375 2073.031982421875 2072.275146484375 2073.554931640625 2088.687255859375 2099.263427734375 2109.62646484375 2112.66455078125 2112.990234375 2110.76318359375 2099.01953125 2094.34912109375 2089.310791015625 2081.708251953125 2073.968017578125 2067.40576171875 2016.50244140625
2140.37451171875 2140.123291015625 2136.77880859375 2137.374267578125 2137.6337890625 2135.8466796875 2132.51123046875 2128.479736328125 2126.676513671875 2126.853271484375 2126.673828125 2125.419677734375 2118.851806640625 2113.6357421875 2112.161376953125 2111.376953125 2107.310546875 2101.349365234375 2099.610107421875 2102.20166015625 2105.425048828125 2104.684814453125 2109.8486328125 2097.62158203125 2091.72998046875 2083.49560546875 2079.87158203125 2078.77490234375 2079.7578125 2081.451171875 2073.781982421875 2079.785888671875 2080.178466796875 2097.90478515625 2106.845703125 2111.322265625 2112.505126953125 2110.3583984375 2102.726318359375 2095.60546875 2091.57666015625 2090.130859375 2082.678955078125 2074.796875 2057.0654296875 2019.8753662109375
2150.812255859375 2152.58935546875 2151.864990234375 2153.516357421875 2152.00927734375 2147.75927734375 2144.4638671875 2142.38427734375 2143.012451171875 2145.732666015625 2145.32373046875 2142.858154296875 2134.78662109375 2128.2724609375 2126.366943359375 2125.369873046875 2119.39453125 2109.29931640625 2100.715087890625 2103.56201171875 2103.572998046875 2095.513671875 2085.33154296875 2077.80712890625 2078.237060546875 2074.984375 2076.16748046875 2076.33544921875 2083.836181640625 2091.80712890625 2091.974609375 2094.632080078125 2098.557373046875 2110.96240234375 2111.5224609375 2110.77734375 2106.193359375 2101.855712890625 2096.279296875 2091.02099609375 2087.0380859375 2084.68408203125 2080.9541015625 2062.381591796875 2032.9530029296875 2006.840087890625
2150.3193359375 2165.03515625 2166.154052734375 2170.03369140625 2168.544189453125 2158.8232421875 2154.18994140625 2154.1025390625 2153.87060546875 2152.880126953125 2152.0068359375 2149.101318359375 2140.579833984375 2137.621826171875 2135.864501953125 2130.3203125 2120.694091796875 2109.189697265625 2099.388427734375 2094.627685546875 2090.501220703125 2082.56005859375 2077.26904296875 2074.322998046875 2073.85595703125 2074.606201171875 2076.865478515625 2084.638427734375 2094.194091796875 2104.33984375 2104.993408203125 2105.418701171875 2108.2978515625 2111.908203125 2109.656982421875 2106.92578125 2100.47509765625 2094.039306640625 2089.617919921875 2085.443359375 2082.072021484375 2078.237060546875 2073.410888671875 2052.693359375 2018.2945556640625 1997.7999267578125
2148.79443359375 2162.21923828125 2170 2173.833984375 2167.8935546875 2158.787841796875 2153.785400390625 2151.46435546875 2148.28857421875 2144.37890625 2140.588623046875 2135.765625 2133.033447265625 2131.498779296875 2128.606201171875 2123.63232421875 2112.811767578125 2102.1376953125 2093.79833984375 2088.10595703125 2082.516357421875 2073.937255859375 2072.929931640625 2071.74853515625 2072.750732421875 2075.692138671875 2083.17138671875 2095.043701171875 2104.9599609375 2112.168212890625 2112.9306640625 2112.7685546875 2112.71044921875 2111.9990234375 2108.15771484375 2105 2100.279541015625 2087.495361328125 2081.806884765625 2077.953369140625 2071.488037109375 2075.801025390625 2056.47607421875 2040.1231689453125 2024.6644287109375 2003.7562255859375
2147.333251953125 2159.302001953125 2168.74462890625 2170.08349609375 2162.240478515625 2152.112060546875 2146.512939453125 2143.23681640625 2139.9462890625 2135.99609375 2130.69189453125 2125.79345703125 2124.739013671875 2125.07666015625 2121.660888671875 2114.375732421875 2103.367431640625 2093.539794921875 2086.6455078125 2083.01708984375 2077.883544921875 2076.38232421875 2072.2998046875 2073.36083984375 2075.42822265625 2079.112060546875 2087.09423828125 2098.955078125 2111.12060546875 2111.868408203125 2112.26953125 2106.469482421875 2104.565185546875 2104.3681640625 2099.65869140625 2094.052001953125 2087.414794921875 2079.140380859375 2075.483642578125 2068.79150390625 2052.957275390625 2040.66357421875 2026.9688720703125 2013.8365478515625 2008.1126708984375 -9999.
2148.54541015625 2160.416748046875 2168.18994140625 2167.619873046875 2157.318115234375 2144.99853515625 2138.366943359375 2134.725830078125 2131.21337890625 2127.862060546875 2120.7578125 2113.722900390625 2115.89892578125 2118.98046875 2114.919677734375 2105.576171875 2092.85986328125 2085.281005859375 2081.195068359375 2079.67724609375 2076.5302734375 2075.494384765625 2073.41064453125 2074.113525390625 2077.40625 2078.7373046875 2083.8037109375 2090.55419921875 2098.0166015625 2103.835205078125 2108.560302734375 2105.0791015625 2096.376708984375 2093.20849609375 2087.913818359375 2080.47998046875 2070.155517578125 2064.260986328125 2068.5107421875 2050.143798828125 2027.2276611328125 2009.51220703125 1997.163818359375 1981.2354736328125 -9999. -9999.
2149.98974609375 2161.609375 2170.152099609375 2167.982666015625 2154.2841796875 2135.184814453125 2129.470703125 2127.28857421875 2121.845458984375 2116.900390625 2109.2578125 2103.1650390625 2104.3955078125 2106.5126953125 2102.94287109375 2094.359619140625 2087.028076171875 2081.154541015625 2077.947265625 2077.103515625 2075.035400390625 2075.76904296875 2076.027587890625 2077.299560546875 2079.291015625 2081.292724609375 2084.623291015625 2087.98046875 2091.319580078125 2094.320556640625 2096.91064453125 2096.14501953125 2087.485107421875 2083.177490234375 2076.974365234375 2068.429931640625 2049.33984375 2034.0047607421875 2032.7320556640625 2020.5931396484375 1998.54052734375 1979.429443359375 1967.9375 -9999. -9999. -9999.
2149.423095703125 2157.056396484375 2162.988037109375 2156.9111328125 2148.730224609375 2133.846435546875 2128.0087890625 2124.388916015625 2118.7431640625 2111.09228515625 2101.54443359375 2096.0869140625 2092.72705078125 2095.1708984375 2092.52880859375 2086.776611328125 2080.98486328125 2077.884521484375 2077.0029296875 2076.5732421875 2075.780029296875 2076.68994140625 2077.61279296875 2078.871337890625 2081.07861328125 2083.652587890625 2086.29248046875 2087.470458984375 2086.70068359375 2085.009765625 2082.222412109375 2081.076904296875 2071.71826171875 2060.040283203125 2049.697021484375 2033.174560546875 2012.046630859375 1999.52392578125 1995.93017578125 1990.4674072265625 1970.2159423828125 1943.1763916015625 -9999. -9999. -9999. -9999.
