Birgham/input/emb20DEM.asc~
ncols        152
nrows        86
xllcorner    0.000000
yllcorner    0.000000
cellsize     20
NODATA_value  -9999.
[rows 33 to 65 of 86, columns 74 to 147 of 152]
1891.2 1893.2 1894.7 1895.2 1898.7 1904.1 1909.5 1916 1923.9 1923.9 1932.2 1945.8 1944.3 1953.6 1956 1962.2 1966.7 1983.7 2003.3 1998.6 2004 2002.6 2011.3 2011.7 2020.4 2029.5 2029.5 2034.6 2024.7 2022.2 2022.1 2030.5 2035.4 2031.5 2033.9 2029.5 2031.5 2031.5 2034 2040.2 2034.7 2043.3 2043.3 2039.1 2026 2013.3 2012.9 2004.2 2009.9 2001.2 1998.2 1989.6 1987.4 1993.8 1986.1 1988.6 1982.5 1991.8 1989.3 1989.8 1985.3 1985 1991.9 1990.4 1998.2 1997 1997 1997 2002 1936.6 1936.6 2000 2000 2000
1890.1 1892.1 1893.6 1896.3 1900.3 1905.6 1905.6 1910.7 1919.8 1928.4 1942 1942 1951 1952.5 1961.8 1970.3 1972.2 1988.8 1996.7 2003.3 2004 2010.4 2019.1 2019.5 2026.4 2027.4 2035 2031 2031 2026.9 2028.6 2039.6 2035.4 2042.9 2043.9 2039.9 2043.1 2039.1 2041.1 2041.1 2052 2052.7 2052 2040.8 2022.8 2024.4 2021 2018.7 2015.5 2006.8 2012.4 2004 2001.8 1993.8 1993.1 1994 1994 1994 1993.2 1994.9 1985.3 2007 2012.6 2003 1999.1 1997 1997 1997 2008.8 1978.9 2000 2000 2000 2000
1890.7 1892.1 1894 1894 1897.7 1904.4 1908.1 1916.1 1916.1 1929.4 1945.2 1948.2 1956.1 1959.5 1966.1 1969.7 1982.8 1995.6 1999.9 1994.3 2001.3 2018.5 2019.1 2026.1 2032.4 2032.4 2036.6 2035.9 2033.5 2026.9 2049.4 2056.7 2048.9 2048.4 2043.9 2046.6 2046.6 2051.7 2061.9 2055.7 2055 2055 2055.9 2052.8 2040.7 2037.1 2027.7 2033.2 2024.2 2020.9 2018.1 2009.9 2016 2008.1 2006.8 1999 1996.1 1996.7 1996.7 2012.6 2009.2 2019 2012.6 2013.3 2009.3 1997.7 2012.1 2010.1 2031 2031 1952.1 2000 2000 2000
1890.3 1893.2 1894 1894 1900.1 1903.4 1908 1917.9 1926.1 1938.5 1945.2 1947 1955.8 1961.4 1972.7 1977.8 1985.8 1993.9 1994 2000.5 2013 2030.2 2030.2 2033.3 2032.7 2038.6 2042.2 2042.2 2059.2 2058 2058.9 2056.7 2053.7 2055.9 2052.3 2057.3 2054.5 2061 2061 2070 2063.6 2059.6 2060.5 2056.2 2061.6 2056.7 2043.6 2038.5 2029.5 2034.8 2026.4 2023.9 2016 2014.6 2011.5 2011.5 2014.5 2008.2 2019.6 2012.6 2021.8 2019.5 2018.2 2014.5 2009.3 2021.4 2040.4 2031.6 2032 2020 2000 2000 2000 2000
1890.3 1894 1894 1894 1898.7 1903.4 1912.1 1912.1 1922.5 1931.2 1943.3 1948.8 1955.8 1960.7 1973.6 1979.6 1991.6 1994 1997.2 1995 2016.9 2031.9 2034.6 2038.9 2038.9 2045.7 2046 2059.6 2065.1 2065.1 2064 2061.5 2061.7 2055.9 2058.7 2070.2 2066.1 2071.2 2069.8 2067.9 2063.6 2068.4 2069.7 2065.6 2066.5 2061.5 2062.3 2048.6 2043.5 2039.9 2031.9 2029.7 2029.7 2028.2 2020.4 2019.6 2027.3 2027.3 2031.7 2027.5 2024.9 2019.5 2017.6 2023 2024.6 2045.1 2040.4 2032 2032 2032 1967.5 2000 2000 2000
1884 1889.3 1894 1895.1 1904.9 1902.9 1910.5 1916.6 1926 1931.2 1927.8 1941.7 1952.9 1966.7 1973.6 1981 1987.1 1998.8 2017.1 2014.9 2026.7 2026.7 2033.8 2037.1 2044.5 2053.6 2053.6 2064.5 2066 2065 2064 2065.8 2071.9 2067.2 2073.1 2070.2 2075.6 2077.7 2071.3 2072.5 2071.6 2074.1 2069.7 2074.2 2072 2067.2 2064.7 2053.2 2057.3 2048.2 2044.7 2042.4 2035.4 2035.2 2035.2 2039.6 2032.6 2033.5 2032.1 2032.1 2036.4 2031.5 2037.4 2023 2044 2050 2050 2039.9 2033 2034.3 1967.5 2000 2000 2000
1879.1 1877.6 1892 1904.6 1904.9 1905.5 1914.7 1914.7 1926 1927.8 1936.7 1941.7 1947.4 1965.8 1973.8 1989.2 1995.2 2021.7 2021.7 2022 2024.8 2029.3 2038.3 2038.3 2050.3 2051.9 2061 2065.8 2066 2066 2068.4 2075.2 2071.9 2076.1 2084.6 2087.3 2087.3 2077.7 2076.6 2072.5 2083.5 2085.5 2079.7 2077.1 2072 2068.1 2069.5 2067.2 2060.3 2052.3 2049.2 2049.2 2048.4 2050.6 2044.4 2045.7 2045.7 2038.5 2033.4 2037.5 2048.3 2048.4 2059.8 2053.2 2050 2050 2049.9 2056.1 2049.2 2055.4 2009.3 2000 2000 2000
1873 1880.8 1905.9 1897.9 1905.1 1906.3 1907.4 1925.7 1940 1940 1945 1943.9 1951.9 1965.8 1977.7 1993.3 1998.4 2008.2 2021.8 2022 2022 2027.7 2046.9 2048.6 2057.1 2057.1 2062.7 2064.3 2065.3 2067.3 2075.5 2088 2085 2088.3 2084.6 2089 2090.5 2090.5 2094.7 2089.6 2092.6 2085.5 2093.3 2081.2 2073.5 2076.5 2076.8 2070.1 2070.1 2060.7 2056.7 2053.7 2057.3 2057.3 2058.7 2052.1 2044.3 2045.6 2033.4 2055 2050.2 2059 2059.8 2052.5 2051.2 2050.7 2060.6 2056.1 2067.4 2048.4 2048.4 2000 2000 2000
1868.5 1873.5 1879.9 1897.9 1904.5 1912.2 1912.2 1922 1932.7 1945 1945 1945 1952.4 1972.9 1996.1 1993.3 2001 2001 2017.6 2026.2 2022 2045 2045 2049.5 2059.8 2062.5 2063 2063.9 2064.3 2065.9 2087.1 2096.4 2095.8 2097.5 2093 2097 2091.7 2112 2104.3 2104.3 2095 2095.4 2093.8 2081.2 2082.3 2085.1 2090 2087.5 2079.7 2052.3 2052.3 2069.5 2074.5 2068.6 2047 2047 2051.4 2052.9 2071.4 2066.9 2060.1 2063.5 2061 2057.2 2051.2 2063.9 2082 2082 2085 2071.8 2024.4 2000 2000 2000
1868 1873.4 1879.4 1879.4 1909.1 1912.3 1917 1921.1 1921.1 1934.1 1945 1947.2 1952.4 1984.2 1990.3 1997.6 2004.9 2001.8 2013.7 2013.7 2039.1 2045 2045 2048.6 2059.8 2056.8 2063 2063 2079.2 2077.8 2090.4 2096 2099.5 2097.5 2099.8 2105.7 2105.7 2112 2112 2105 2099.5 2099.5 2100.8 2093.2 2086.9 2085.1 2091.3 2093 2083.7 2081.7 2072.2 2077.3 2077.3 2077.6 2070.6 2050.1 2063.3 2070.7 2077 2075.7 2068.5 2061.1 2060.3 2073.5 2069.4 2085.5 2081.5 2085.1 2086.2 2086.2 2062.9 1998.2 2000 2000
1863.1 1869 1879.7 1892.7 1917 1917 1919 1918.9 1919.3 1942.4 1942.4 1966.4 1969.1 1982.6 1990.3 2000.9 2005.5 2009.6 2019.3 2026.3 2045 2045 2044.9 2044.8 2048.2 2062.6 2067.7 2079.2 2087 2087 2096 2098 2105.3 2105.3 2109 2106.2 2112 2115.9 2115.9 2119.5 2098.1 2106.2 2100.8 2095.5 2099.7 2090.3 2101.4 2093 2091.1 2091.1 2090.2 2090.2 2083.9 2082.3 2070.6 2076.6 2076.2 2076.4 2077 2074.3 2075.3 2066.1 2086.5 2093.2 2089.6 2093.3 2093.3 2086.2 2085 2089.2 2039.6 2039.6 2000 2000
1862.9 1872.6 1872.6 1891.1 1893.7 1916 1919 1919 1919 1930.3 1955.9 1972 1975.7 1979.3 1987.2 1999.5 2005.5 2017.7 2024.2 2030.4 2041.7 2045 2044 2044.8 2049.9 2068.3 2073.3 2087 2087 2087.3 2091.6 2098 2118 2112.4 2113.7 2113.7 2116.9 2117.1 2124.8 2133.1 2133.1 2130.1 2111.2 2107.2 2099.7 2105.9 2120 2108.8 2107.2 2098.7 2097.4 2090.2 2096.7 2095.4 2087.9 2083.6 2076.2 2084.1 2079.1 2078.5 2094.9 2070.2 2099 2099 2099 2098.9 2089.7 2092 2092 2100.3 2089.8 2013.7 2000 2000
1855.9 1872.1 1881.7 1893 1893 1903.6 1915.7 1919.4 1929.8 1942.9 1951.3 1970.1 1972 1979.3 1992.6 1998.4 2005.3 2017.3 2024.2 2032.2 2041.7 2036.4 2039.2 2046.6 2064.5 2068.3 2076.6 2086.7 2087.2 2094.3 2098.1 2113 2113 2117.2 2117.8 2117.8 2126 2126 2136.8 2137.3 2161.7 2125 2113.6 2116.4 2112.7 2129.5 2120 2115.9 2122.6 2114 2112.6 2103.8 2102.5 2095.4 2100.8 2099.2 2092.9 2088.7 2079.7 2078.6 2092.2 2109.2 2100.6 2099 2101.6 2101.6 2109 2097.7 2114 2108 2108 2055.1 2000 2000
1857.2 1857.2 1892.9 1893 1895.7 1912.2 1912.2 1931.2 1929.6 1937.2 1945.6 1958.7 1949.1 1975 1991.8 1998.4 2010.3 2022.7 2022.7 2025.3 2028.6 2027.1 2039.2 2043.9 2060.3 2069.5 2080.6 2086.7 2092.7 2092.7 2104.5 2113.1 2116.5 2115.7 2115.7 2118 2121.5 2136.2 2143.8 2147.4 2144.3 2137 2123.5 2120.5 2121 2133 2137.4 2130.7 2122.6 2119.8 2117.3 2117.3 2115.4 2108 2105.8 2099.2 2103.4 2103.7 2095.9 2102.4 2107.6 2108.7 2108.7 2110.9 2126.7 2124.1 2121.4 2121.4 2119.4 2118 2106.1 2029.3 2000 2000
1862 1873.8 1890.8 1890.8 1893 1905.4 1916.1 1919.5 1930.1 1926.6 1935.6 1932.7 1971.3 1986.1 1995 1997.6 2006.2 2014.1 2021.5 2026 2026 2034 2035.2 2051.2 2060.3 2066.4 2071.2 2073.5 2098.5 2102.1 2109.5 2109.5 2109.8 2116.2 2120.8 2131.4 2131.4 2142 2143.1 2141.8 2135 2130.5 2134 2127.3 2125.5 2133 2137.5 2137 2137 2134.2 2125.3 2122.8 2115.4 2121 2119.1 2111.1 2105.3 2103.7 2111.5 2112 2114.3 2124.8 2117 2129.7 2129.7 2136.9 2131.6 2124.8 2118.4 2123.1 2126.5 2093 2000 2000
1858 1863.7 1881.7 1892 1902.6 1905.4 1908.9 1908.9 1917.3 1931.4 1933.4 1942 1951.8 1991.1 1998.1 2001 2003.7 2003.7 2009.8 2021.9 2032.4 2037.8 2037.8 2047.1 2058.9 2069 2071.2 2089.2 2101.4 2107 2107 2108 2107 2107 2135.7 2141.3 2141 2141.8 2137.6 2135.7 2135.3 2138.7 2138.8 2128.8 2123.3 2114.8 2137.7 2140.2 2143.7 2138.8 2138.8 2135.2 2128.2 2126.7 2119.1 2125.3 2129.9 2119.4 2120.5 2112 2125.1 2125.1 2139.3 2147.9 2140.6 2136.2 2136.2 2137.2 2128.7 2131.9 2123.5 2070.7 2044.9 2000
1858 1862.6 1862.6 1895.2 1907.8 1921 1913.1 1909 1909.2 1923.5 1941.5 1951.1 1958.7 1991.6 1991.6 1996 1999 1996.6 2017 2017 2038 2038 2038 2047.1 2069.2 2074 2085.8 2089.7 2101.4 2106.3 2107.2 2109.8 2118.3 2118.6 2138.4 2141.3 2138.7 2141 2142 2144.5 2143.1 2150 2147.2 2144.3 2128.3 2099.4 2146.8 2146.8 2158.6 2150.9 2142.2 2139 2139 2139.6 2132.9 2134.7 2129.9 2129.8 2134 2122.5 2134.1 2136.5 2149.1 2149.1 2147.2 2144.6 2141.9 2148.6 2142.2 2162.9 2149 2108.6 2000 2000
1858 1875 1877.9 1885.8 1907.8 1907.2 1909.1 1909.9 1926.4 1936.7 1948.2 1952.1 1954 1963.1 1994.2 2000.1 2000.1 2013.4 2016 2035.1 2038 2038 2038 2044.2 2062.8 2074 2086 2086 2092.2 2103.3 2107.2 2117.3 2117.3 2125.8 2131 2135.5 2138.8 2141 2142.3 2143.7 2147.9 2150 2150 2151.1 2151.1 2154.3 2160 2158.5 2160 2160 2152.3 2140.3 2144.3 2152.8 2142.9 2150.2 2137.4 2135.6 2134 2134.2 2144.3 2142.5 2149.1 2150.5 2149.8 2144.6 2153.6 2164.1 2161.3 2168.9 2144.7 2139.6 2086.4 2000
1869.7 1875.1 1875.1 1876.5 1880.9 1904.5 1909.1 1915.1 1923.4 1933 1943 1950.6 1953.9 1953.9 1976.3 1994.8 2011.7 2015.5 2015.5 2025 2035.4 2042 2045.8 2050.7 2058.8 2068.5 2085.5 2086 2096.1 2105.5 2112.9 2124.5 2124.2 2129 2131 2132.1 2137.7 2140.3 2144.4 2146 2148.7 2149.5 2150 2163.8 2160.1 2163.1 2163.1 2160.9 2160.7 2159.1 2150.5 2150.5 2158.5 2162.7 2163 2150.2 2134 2147.9 2147.4 2149.6 2144.3 2148.8 2152.7 2151.7 2164.9 2160 2168.5 2164.1 2170.6 2170 2168.8 2124.6 2060.7 2000
1861 1868.3 1872.9 1876.5 1877.8 1894.2 1912.1 1922.6 1923.4 1933 1933 1943.7 1957.3 1960.6 1981.9 1981.9 1997.6 2003.3 2014.7 2028.2 2037.4 2042.5 2051.2 2056.3 2068.4 2077.6 2085.2 2086 2096.3 2105.5 2124.1 2128.8 2128.8 2131.1 2129.3 2134.8 2137.7 2140.1 2145.4 2147.5 2152.7 2150.8 2162.8 2162.8 2168 2167.2 2162.5 2166.3 2166.3 2167.4 2160.7 2161.9 2169 2165.3 2171.9 2163.7 2162.6 2147.9 2166.6 2168 2158.4 2157.5 2152.7 2160.8 2164.9 2180.5 2182.5 2175.8 2174.2 2170 2169.3 2163.1 2102.3 2000
1861 1861 1869.1 1874.6 1884 1894.2 1902.9 1924 1924 1924.1 1934.1 1949.1 1949.1 1973.6 1985 1985 1989.9 1989.9 2005.2 2017.7 2033.1 2047 2056 2053 2060.2 2075.3 2085.2 2106.6 2111 2110.5 2111 2115.3 2129 2140 2140 2140.4 2138.1 2142.8 2145.4 2152.2 2159.7 2159.3 2168.4 2168.1 2168 2168 2167.8 2178 2173.2 2175 2168.9 2178 2172.3 2177.9 2180.1 2174.9 2185.9 2186.6 2170.9 2168 2163.2 2165.9 2165.9 2181 2177.5 2185.7 2182.5 2185.7 2185.2 2177.9 2184.5 2156.8 2076.6 2076.6
1853.8 1862.7 1872.2 1872.2 1883 1890.2 1903.4 1924 1924 1924 1927.1 1945 1959.5 1985 1985 1986.2 1987.9 1988.6 2013.2 2023.6 2030.2 2037.5 2046.7 2054 2065.2 2070.7 2082.2 2101.2 2111 2111 2111.4 2111.4 2131.1 2135.8 2140.6 2140.4 2142 2145.4 2146.6 2160.3 2159.7 2168.4 2168.4 2168.7 2168.3 2168 2176.8 2176.8 2188.7 2189.3 2183.6 2187.1 2181.9 2191 2185.5 2187.3 2192.5 2183.3 2179.9 2169.5 2169.8 2168.4 2187.5 2185 2185 2187.9 2188.4 2190.5 2185.2 2185 2197.2 2180.4 2118.5 2000
1847.7 1859 1865.6 1876.4 1889.3 1897.1 1902 1906.1 1913.6 1924 1934.1 1943 1947.9 1982.9 1987 1992.8 1987.9 1999.3 2021.1 2024.2 2037.2 2040.7 2041.8 2038.9 2059.7 2073.9 2085.8 2102.2 2102.2 2112.5 2112.9 2118.9 2133.8 2133.8 2138.1 2140.8 2143.7 2145.4 2158.6 2163.5 2167.9 2168.9 2169 2168.8 2168.8 2168.4 2196.8 2197 2195.7 2189.3 2197.5 2192.5 2196.4 2197.6 2191.5 2195.5 2192.3 2190.7 2179.9 2169.6 2185.4 2185.4 2197.9 2190.5 2185 2187.9 2193.8 2202.3 2197.5 2200 2197.2 2173.7 2158 2092.7
1852.7 1863.1 1863.1 1874.4 1881.9 1896 1902 1908.3 1914.3 1929 1943 1943 1962.9 1962.9 1991.5 2006 2003.4 2018.1 2021.1 2037.8 2043.1 2042.5 2046.5 2049 2063.9 2063.9 2076.4 2084.2 2094.1 2115.7 2115.7 2128.4 2131.3 2135.4 2141 2141.6 2149.5 2152.3 2160.3 2163.5 2168.3 2170.6 2169.4 2172.7 2172.8 2194.9 2196.8 2199 2200.1 2200.8 2205.5 2201.8 2210.1 2204.8 2201.3 2194.9 2193.4 2192.2 2192.2 2213.7 2188.4 2196.9 2202.6 2202.6 2192 2185 2204.5 2202.3 2205.2 2209.4 2204.9 2199.3 2158 2000
1861.6 1859.2 1867.5 1879.7 1888.6 1896.8 1903.8 1917.2 1914.3 1942.8 1940.6 1943 1945 1971 2005.5 2006 2013.3 2025.1 2031.4 2044.4 2043.1 2048.5 2047 2051 2060.5 2068.1 2078.8 2078.8 2087.8 2104.7 2120.5 2131 2131 2134.8 2138.3 2146.4 2156.6 2157.9 2161.1 2163.7 2169.1 2170.6 2172.7 2189.4 2185.5 2196.4 2198.8 2199 2200.1 2206.2 2210 2210 2210.4 2208.5 2200 2200 2197.2 2206.6 2212.9 2209.3 2209.3 2204.1 2204.2 2210.8 2210.9 2206.3 2214.6 2214.5 2213.9 2209.4 2204.5 2211.1 2191.2 2108.9
1868 1864.5 1868 1869.9 1885.9 1910.7 1916.6 1981.6 1960.9 1928.5 1940.6 1953.3 1968.9 1968.9 1987.4 2008.4 2019.3 2025.1 2032.7 2043.5 2051 2051 2051 2052.5 2052.5 2064.7 2076.4 2082.5 2100.5 2100.5 2117 2129.6 2131 2139.4 2143 2148 2152.6 2158.6 2161.1 2166.7 2169.9 2172.6 2181 2189.4 2193.7 2196.4 2197.4 2203 2206.1 2210.4 2210 2212.4 2211.8 2210.3 2208.6 2203.7 2205 2205 2215 2213 2204.7 2210 2210 2220.6 2219.1 2216.8 2217.8 2215.7 2218.2 2216.2 2221.5 2211.1 2175.9 2151.6
1857 1868 1868.8 1868 1881.2 1899.3 1925.8 1960.1 1924.7 1921.3 1921.7 1964.8 1971.2 1975 1986.7 1986.7 2013.8 2025.6 2037.9 2043.5 2049.6 2047.3 2051 2052.5 2058.3 2070.7 2070.7 2084.2 2098.4 2102.8 2119.3 2130.9 2132.4 2135.7 2144.2 2151 2155.4 2157.5 2160.9 2166.9 2169.9 2177 2191.2 2191.2 2195.7 2194.6 2202.7 2203 2213.2 2213.5 2212.6 2214.2 2212.6 2211.8 2211.8 2211.6 2212.5 2211.8 2215 2215 2214.3 2208.3 2217.3 2222 2220 2221.4 2219.7 2220.2 2218.2 2219.2 2221.4 2221.6 2210.8 2151.6
1861.6 1869.7 1870.5 1881.8 1896.7 1898.6 1912 1933.6 1919.2 1921.3 1938.5 1975 1975 1975 1975 1986.1 2013.8 2011.3 2035 2035.6 2036.2 2047.3 2051 2087.2 2065.9 2074.4 2077.1 2091.9 2091.9 2103 2117.6 2123.2 2138 2141.8 2144 2146.9 2152.4 2161.3 2164.1 2167.9 2170.2 2176.5 2182.5 2194 2201.6 2201.6 2210.8 2212.5 2214 2213.5 2215 2217.6 2216.2 2216.7 2214.4 2215.1 2215.1 2217 2219.9 2000 2224.5 2218.4 2224.5 2222 2222 2223.9 2222.1 2224.1 2222.3 2222.7 2221.4 2222 2195.3 2195.3
1863.4 1883.3 1884.6 1894.6 1893.6 1904.4 1918.5 1922.1 1935.8 1935.8 1942.7 1959.8 1974 1981 1981 1993.8 1998.2 2019.6 2035 2035 2034.6 2038.2 2075.7 2087.2 2076 2076 2076.6 2096.9 2103 2109.3 2117.6 2126 2128.1 2141.3 2143.3 2147.5 2148.7 2154.9 2167 2172.2 2172.8 2177.6 2177.6 2194.4 2196.2 2207 2210 2210 2212.9 2214 2217.1 2217.6 2218.8 2221.7 2219.6 2221 2219 2222.8 2222.8 2224.3 2225 2225.4 2226.4 2223.4 2227.8 2225.7 2226.1 2226 2224.3 2226.1 2224.5 2224.3 2221.6 2169
1862.8 1879.2 1894.9 1892.6 1898 1901.6 1909.6 1925.5 1937.9 1938.9 1938.3 1938.3 1944.7 1972.3 1994.5 2002.6 2004.1 2007 2019.2 2029.7 2034.6 2046.8 2046.6 2077.8 2075.8 2076 2084.8 2096.9 2105.5 2125 2126 2126.2 2130.4 2139.9 2144.1 2146 2153.7 2163.7 2174.8 2174.8 2175 2175 2188.7 2205.1 2205.1 2210 2210 2211.4 2212.9 2215.8 2225.9 2222.4 2224.4 2221.7 2222.8 2222.8 2225.3 2230 2226.3 2225.1 2225 2226.6 2229.5 2229.2 2231.9 2228.3 2230.2 2228 2227.8 2227.5 2226 2225.8 2225.8 2215.1
1868.4 1879.2 1879.6 1895.5 1893 1905.9 1914.8 1932.6 1932.6 1931.7 1939.3 1941.9 1959.3 1959.3 2000.6 2004 2004 2012.4 2022.4 2026.8 2032.8 2042.3 2046.6 2066 2076.7 2077.9 2085.7 2093.6 2110.7 2125 2123 2126 2131 2147.7 2151 2149.9 2150.8 2155.8 2167.8 2174.8 2178.3 2178.3 2187.2 2193.1 2207.8 2210 2210 2213.3 2218.2 2229.1 2225.9 2228.7 2229 2228.3 2223.7 2225.8 2232 2230 2232 2228.1 2225.3 2229.2 2229.5 2232.2 2232.1 2232.7 2231.8 2229.7 2229.2 2229.2 2228.7 2227.1 2227 2187.9
1864.5 1872.2 1879.7 1876.3 1897.4 1897.4 1910.3 1918.8 1925.6 1934.8 1934.8 1946.1 1951.3 1970.7 1991.1 2002.8 1996.3 2004 2023.6 2026.8 2037.1 2043.2 2049.7 2067.4 2076.7 2086.5 2097 2097 2097 2111.6 2125.9 2126 2131.5 2142.1 2146.9 2149.5 2152.7 2157.7 2157.7 2167.5 2180.3 2183.6 2190.1 2190.1 2193.2 2201.7 2210 2227.3 2229.3 2230 2229.4 2229.3 2229 2229.3 2232.8 2231.9 2232.8 2232 2231.9 2228.1 2226.7 2232.3 2232.3 2234.8 2233.7 2235.8 2233.8 2232.9 2232.1 2230.4 2229.7 2229.7 2228.1 2227
1864.5 1868.2 1878.7 1884.3 1900.9 1903.4 1914.3 1914.3 1923.6 1935.2 1940.8 1953.7 1960 1967.8 1976.1 1989.2 1980.9 1969.1 1959.9 2011 2036.6 2043.2 2060.4 2076.4 2076.4 2086.6 2097 2097.1 2097 2101.6 2120.9 2132.4 2141.6 2142.1 2144.9 2144.9 2150.8 2160.8 2164.9 2178.3 2178.3 2186.1 2187.4 2192.2 2202.2 2213.6 2225 2229.5 2229.9 2230 2229.6 2233 2232.1 2234.1 2232.8 2235.1 2236.3 2236.3 2236.7 2232 2233.2 2232.3 2237 2238.5 2237.9 2237.6 2234.9 2233.9 2233.9 2233.1 2232.3 2230.3 2227 2227
