Birgham/input/Overall2.asc
ncols        58
nrows        62
xllcorner    0.0
yllcorner    0.0
cellsize     20.0
NODATA_value  -9999.
[rows 22 to 43 of 62, columns 0 to 47 of 58]
-9999. -9999. 1821.0068359375 1826.0030517578125 1826.94384765625 1835.9412841796875 1851.9073486328125 1881 1892.7047119140625 1899.1463623046875 1937.212646484375 1951.6390380859375 1961.494873046875 1974.1873779296875 1991.05810546875 2014.866943359375 2021.146240234375 2041.179931640625 2061.5791015625 2076.980712890625 2110.40234375 2126.010498046875 2155.15771484375 2178.767578125 2183.93115234375 2197.16845703125 2214.135009765625 2221.0263671875 2226.902099609375 2226.882568359375 2226.11279296875 2224.683837890625 2224 2221.662841796875 2210.594970703125 2199.504638671875 2181.888671875 2174 2162.7236328125 2175.84326171875 2176.921630859375 2167.936279296875 2169.881591796875 2144 2143.1162109375 2128 2120.705810546875 2116.9765625
-9999. -9999. 1822.391357421875 1828.217041015625 1836.0611572265625 1850.816650390625 1853.0887451171875 1877.9052734375 1913.7607421875 1934.693115234375 1954.181396484375 1985.168701171875 1998.5704345703125 1992.79248046875 2007.98291015625 2013.5465087890625 2017.0006103515625 2046 2071.229248046875 2098.88671875 2118.640625 2136.06005859375 2156.79443359375 2170.44970703125 2186.234375 2205.509033203125 2219.345947265625 2225.765869140625 2230.990966796875 2229.6123046875 2226.0419921875 2223.73046875 2223.09423828125 2214.261474609375 2206.7646484375 2192.71484375 2187.833251953125 2174 2176.3876953125 2176.962158203125 2178.94189453125 2176.649658203125 2171.24462890625 2149.1865234375 2144.316650390625 2131.23681640625 2119.07177734375 2116.7958984375
-9999. -9999. 1839 1854.8978271484375 1871.759765625 1879.4390869140625 1895.4698486328125 1916.98486328125 1950.978759765625 1962.0538330078125 1986.230224609375 2002.4190673828125 2020.8685302734375 2035.0302734375 2036 2046.9510498046875 2057.807373046875 2069.095947265625 2087.30419921875 2111.123046875 2134 2145.06298828125 2163.105224609375 2181.84130859375 2200.71044921875 2215.2294921875 2231.35546875 2232.82568359375 2236.4423828125 2234.51220703125 2222 2221.8828125 2221 2206.508056640625 2197 2192.158447265625 2189.0341796875 2186.552001953125 2183.641357421875 2183.55322265625 2182.830810546875 2181.76513671875 2176.351806640625 2161.8662109375 2139.95947265625 2126.97509765625 2121.200927734375 2110.510009765625
-9999. -9999. 1848.4884033203125 1866.2587890625 1890.5206298828125 1909.7269287109375 1946.1561279296875 1942.0220947265625 1972.993896484375 1985.462646484375 2005.1920166015625 2020.2969970703125 2026.895751953125 2046.6619873046875 2066.361572265625 2077.262939453125 2084.114501953125 2098.919921875 2109.847412109375 2126.892333984375 2139.22021484375 2155.2900390625 2173.5390625 2195.134033203125 2213.060546875 2222.93212890625 2229.026123046875 2234.4013671875 2239.203125 2237.0927734375 2227.69482421875 2221.89697265625 2217.661376953125 2192.918212890625 2195.0322265625 2191.045654296875 2187.10009765625 2187.182861328125 2186.029052734375 2185.14697265625 2183 2177.288330078125 2173.823486328125 2160.986572265625 2135.09228515625 2125.594482421875 2121.32958984375 2110.398193359375
-9999. 1845.79052734375 1853 1886.7623291015625 1913.9705810546875 1917.00048828125 1941.875244140625 1957.2528076171875 1988.494873046875 1998.9002685546875 2026 2032.9810791015625 2046.9034423828125 2060.200439453125 2078.41845703125 2090.9384765625 2098.873291015625 2121.2939453125 2127.214599609375 2143.317138671875 2163 2183.45263671875 2193.34814453125 2215.99072265625 2220.6806640625 2226.932373046875 2236.767822265625 2242.51220703125 2247.9013671875 2243.998779296875 2234.22314453125 2222.944580078125 2215.058349609375 2193.87646484375 2187.75390625 2186.477294921875 2186.114501953125 2187.9716796875 2186.284912109375 2184.249755859375 2181.779541015625 2174.4990234375 2161.591796875 2138.994873046875 2138.12451171875 2124.427978515625 2115.50927734375 2110.1533203125
-9999. 1854.3406982421875 1883.0965576171875 1912.818115234375 1928.0911865234375 1940.15869140625 1954.12939453125 1972.3812255859375 1999.5703125 2017.3427734375 2041.0108642578125 2046.761474609375 2065.402587890625 2077.271240234375 2099.423583984375 2112.0078125 2120.137939453125 2136.810791015625 2140.505126953125 2155.671630859375 2177.47412109375 2191.476806640625 2204.807373046875 2222.980224609375 2223.139892578125 2229.01708984375 2238.162353515625 2246.77978515625 2251.13623046875 2248.9140625 2245.330810546875 2226.670166015625 2216.447509765625 2193.723388671875 2186.023681640625 2184.837890625 2185.267578125 2185.58447265625 2185.001708984375 2183.98583984375 2182 2178.015380859375 2152.85205078125 2129 2127.82470703125 2118.001220703125 2098.924072265625 2096
-9999. 1863.841552734375 1893.7987060546875 1921.91943359375 1932.6129150390625 1953.5692138671875 1972.8499755859375 1984.0455322265625 2007.6802978515625 2029.2083740234375 2042.92822265625 2051.36376953125 2077.731689453125 2093.5390625 2095 2107.353271484375 2120.262939453125 2144.013427734375 2154.903564453125 2167.421630859375 2185.687744140625 2194.13134765625 2212.43017578125 2223.86865234375 2223.580078125 2235.220947265625 2239.280029296875 2247.482666015625 2251.258056640625 2250.537109375 2247 2230.79736328125 2214.394775390625 2200.545654296875 2184.74853515625 2183 2184.293212890625 2184.4384765625 2184.965576171875 2183.83447265625 2182.12841796875 2170.287109375 2155.065673828125 2134.7099609375 2123.10205078125 2112.586669921875 2101.67431640625 2095.704345703125
-9999. 1875.2113037109375 1916.2091064453125 1941.1820068359375 1961.4417724609375 1973.85302734375 1982.8685302734375 1996.3995361328125 2015.395263671875 2038.9385986328125 2056.115234375 2059.718505859375 2083.85107421875 2101.790283203125 2112 2121.13720703125 2135.77880859375 2150.212890625 2168 2175.19384765625 2199 2201.7880859375 2213.5732421875 2224.67919921875 2233.396728515625 2244.914794921875 2245.906005859375 2250.03759765625 2250.84521484375 2248.18505859375 2236 2230.94189453125 2203.712158203125 2188.98095703125 2183 2183 2183 2183.551513671875 2184.540283203125 2183.224853515625 2179.42578125 2165.480224609375 2149.402587890625 2133.134033203125 2117.9150390625 2104.989990234375 2091.892822265625 2079.426513671875
-9999. 1886.1512451171875 1921.6619873046875 1944.2667236328125 1950.2017822265625 1978.788330078125 1985.7855224609375 1978.802734375 2019.646240234375 2043.906494140625 2060.777587890625 2067.52294921875 2092.63427734375 2114.42578125 2113.823974609375 2134.825439453125 2147.328125 2150.63037109375 2166.8984375 2178.545166015625 2196.21875 2209.067138671875 2210.65771484375 2223.603271484375 2239.16796875 2246.69677734375 2248.827392578125 2250.75537109375 2250.303466796875 2249.52001953125 2232.0595703125 2218.519775390625 2200.509765625 2184.263916015625 2183 2183 2183 2183.293212890625 2184.165283203125 2183.905029296875 2179.819091796875 2161.568115234375 2146.6552734375 2133.480224609375 2112.383056640625 2097.256591796875 2074.494873046875 2059.17138671875
-9999. 1895.077392578125 1922.122314453125 1944.345947265625 1948.0634765625 1986 1994.99853515625 1997.344482421875 2034.229248046875 2032.2615966796875 2066 2066.06640625 2091.576416015625 2110.69677734375 2121.6201171875 2138.8818359375 2145.07275390625 2151.6474609375 2163.1962890625 2174.98388671875 2192.4208984375 2206.658447265625 2204.49951171875 2222.441162109375 2233.572265625 2244.8486328125 2247.301513671875 2250.05126953125 2245.96875 2244.9658203125 2229.707275390625 2211.117431640625 2195.013427734375 2183.47998046875 2183 2183 2182.96826171875 2183 2183.4150390625 2184 2179.781005859375 2155.312744140625 2142.831787109375 2106.33740234375 2108.44384765625 2085.88818359375 2072.00244140625 2057
-9999. 1896.365478515625 1920.0086669921875 1938.0557861328125 1940 1974.73046875 1994.6756591796875 2003.8272705078125 2026.4117431640625 2014.5997314453125 2034.99560546875 2066.974609375 2092.435546875 2106.448974609375 2116.1416015625 2133.652587890625 2131.014404296875 2140.993408203125 2155.53857421875 2168.558349609375 2178.68017578125 2192.05908203125 2193.2177734375 2212.529052734375 2224.971923828125 2240.228759765625 2243.79833984375 2247.110595703125 2228.115966796875 2225.895263671875 2205.727294921875 2195.727783203125 2189.782470703125 2183.346435546875 2183 2183 2182.314697265625 2182 2181.894287109375 2179.6865234375 2176.0751953125 2160.07861328125 2137.846923828125 2111.354248046875 2096.405517578125 2082.80126953125 2060.281005859375 2058.04150390625
1858.7156982421875 1888.9620361328125 1913.3057861328125 1931.0360107421875 1940 1973.8397216796875 1994.2677001953125 2002.689697265625 2027.447021484375 2039.3446044921875 2054.889404296875 2059.40771484375 2076.9970703125 2097.999755859375 2108.84130859375 2123.77294921875 2134.71630859375 2141.203125 2150.169921875 2161.24658203125 2175 2181.8759765625 2189.56494140625 2206.574462890625 2216.33447265625 2238.131103515625 2241.977783203125 2244.09130859375 2230.44677734375 2212.6552734375 2195.67578125 2195 2183.892822265625 2182.858154296875 2182.088623046875 2182.992919921875 2182.17626953125 2181.995849609375 2180.192138671875 2176.81298828125 2175.281005859375 2155.51806640625 2143.52099609375 2113 2105.99267578125 2082.02880859375 2068.67138671875 2068.958740234375
1865.506103515625 1866.4166259765625 1892.8505859375 1923.2142333984375 1934.8922119140625 1969.0443115234375 1988.0626220703125 2005.155517578125 2022.2286376953125 2037.458251953125 2048.3359375 2045 2060.95947265625 2077.406494140625 2087.773681640625 2110.96533203125 2122.694580078125 2130.82177734375 2139.522705078125 2149.688232421875 2156.2265625 2169.66943359375 2178.265380859375 2193.380615234375 2209.038818359375 2233.972412109375 2237.271484375 2231.72705078125 2206.54833984375 2204.3779296875 2185.95166015625 2184 2185.4619140625 2184.608154296875 2181 2181 2180.814697265625 2180.431884765625 2176.255615234375 2174.93408203125 2158.30908203125 2139.030029296875 2120.9951171875 2107.328125 2098.015625 2096 2092.9677734375 2085.624267578125
1864.338134765625 1873.4378662109375 1891.3045654296875 1910.30322265625 1933.7347412109375 1963.3355712890625 1980.95654296875 1998.4915771484375 2016.9716796875 2023.8900146484375 2031.5711669921875 2032.6612548828125 2063.042724609375 2061.26708984375 2079.12744140625 2089.428466796875 2096.538330078125 2114.885498046875 2128.617431640625 2139.046875 2148.7294921875 2154.264404296875 2165.94140625 2184.15087890625 2201.171142578125 2215.317138671875 2226.203857421875 2227.470947265625 2210.6875 2214.190673828125 2197.89111328125 2195.895751953125 2192.008056640625 2191.0244140625 2183.445556640625 2182.521240234375 2182.94677734375 2177.607666015625 2174.099853515625 2169.755859375 2153.721435546875 2144.65185546875 2108.29296875 2093.883056640625 2087.404541015625 2091.26904296875 2091.437744140625 2085.522705078125
1868.5135498046875 1879.3182373046875 1893.4849853515625 1911.9205322265625 1933.1083984375 1945 1958.882080078125 1977.7996826171875 1997.88525390625 1997.6947021484375 2022.9290771484375 2026.4091796875 2037.27734375 2055.68017578125 2061.4599609375 2075.165771484375 2090.060302734375 2103.665771484375 2111.346435546875 2127.793701171875 2137.17822265625 2145.680908203125 2164.076904296875 2171.6103515625 2180.606689453125 2209.140380859375 2223.371826171875 2239.743408203125 2225.424560546875 2215.162353515625 2213.169921875 2204.72998046875 2197.945068359375 2195.163818359375 2190.9443359375 2182.375732421875 2178.899658203125 2176.9033203125 2172.713623046875 2166.4970703125 2146.369873046875 2113.695068359375 2095.083740234375 2086.834716796875 2081.272216796875 2080.17041015625 2078.255126953125 2075.44140625
1881.880615234375 1888.024658203125 1894.24853515625 1911.7218017578125 1917.0474853515625 1926.1573486328125 1944.3388671875 1946.3306884765625 1977.39794921875 1974.4068603515625 1999.602294921875 1923.8629150390625 1982.5347900390625 2035.619384765625 2046.2073974609375 2059.210693359375 2059.529052734375 2076.64111328125 2088.301513671875 2112.155029296875 2125.21484375 2134.699951171875 2149.621826171875 2164.6708984375 2165.55029296875 2189.697021484375 2204.496337890625 2229.544189453125 2233.220458984375 2226.983642578125 2227.4248046875 2224.7783203125 2208.509765625 2195.9990234375 2190 2120.169189453125 2176.891845703125 2175.9208984375 2167.556396484375 2165.309814453125 2150.209716796875 2122.386474609375 2094.177978515625 2086.369140625 2079.65576171875 2077.95458984375 2064.911376953125 2062.911376953125
1883.126708984375 1885.9952392578125 1894.4068603515625 1911.3577880859375 1916.027099609375 1925.919677734375 1931.137939453125 1945.2388916015625 1950.9873046875 1968.7596435546875 1994.845947265625 1994.98486328125 1996.7027587890625 2016.84814453125 2029.7142333984375 2042.801513671875 2052.954833984375 2074.042724609375 2078.79931640625 2092.38671875 2119.90576171875 2131.433837890625 2149 2157.351806640625 2164.127197265625 2174.049072265625 2181.70654296875 2202.113037109375 2226.634521484375 2231.19140625 2226.106201171875 2212.894287109375 2197.15380859375 2188.54296875 2185.86865234375 2170.4892578125 2173.178955078125 2173.039306640625 2162.49267578125 2161.459228515625 2150.87060546875 2126.964111328125 2095 2088.0078125 2080.2216796875 2072.6484375 2066.62255859375 2058.55078125
1887.6949462890625 1885.4364013671875 1889.0380859375 1894.423095703125 1903.419921875 1906 1918.028076171875 1927.442138671875 1933.18115234375 1944.3570556640625 1954 1954 1977.3944091796875 1992.8048095703125 2010.7099609375 2033.7568359375 2036.8885498046875 2051.970947265625 2058.26318359375 2071.77490234375 2096.86865234375 2110.23681640625 2128.88037109375 2148.189453125 2149.75048828125 2164.249267578125 2169.999267578125 2186.78125 2199.492919921875 2211.26513671875 2205.353271484375 2190.400146484375 2180.29150390625 2170.509521484375 2167.4208984375 2165 2166.28857421875 2164 2155.82275390625 2151 2138.331298828125 2116.171630859375 2099.170654296875 2088.4619140625 2080.04443359375 2069.483154296875 2048.43017578125 2032
1876.4881591796875 1878.0501708984375 1880.076171875 1881.8634033203125 1886.2569580078125 1892.1119384765625 1891.99560546875 1907.5953369140625 1915.0770263671875 1919.8436279296875 1933.1588134765625 1946.3876953125 1956.5421142578125 1970.83447265625 2004.84326171875 2024.4293212890625 2016.1011962890625 2029.591064453125 2037.124267578125 2058.240234375 2080.44775390625 2096.911865234375 2110.09228515625 2127.808349609375 2136.94775390625 2161.715576171875 2167.78759765625 2179.8818359375 2191.76611328125 2205.61083984375 2193.326904296875 2182.488525390625 2165.6103515625 2151.45849609375 2150.95166015625 2148.10791015625 2151.437744140625 2151.84130859375 2145.333251953125 2140.67333984375 2131.176025390625 2111.172607421875 2095.076171875 2082.10009765625 2080.34765625 2067.34130859375 2038.4696044921875 2028.4102783203125
1870.5577392578125 1868.6761474609375 1871.742919921875 1871.6812744140625 1872.51708984375 1879 1873.8267822265625 1883.56982421875 1903.586181640625 1907.91650390625 1923.95068359375 1934.481201171875 1943 1951.505126953125 1965.2435302734375 1998.310791015625 2004.2025146484375 2027.37841796875 2040.3779296875 2043.083251953125 2065.4775390625 2076.615234375 2094.02392578125 2126.237060546875 2131.873046875 2149.37646484375 2159.291748046875 2168.558349609375 2179.9150390625 2184.279541015625 2178.401611328125 2173.779296875 2158.767822265625 2147.976318359375 2141.201904296875 2139.197265625 2141.448486328125 2136.642578125 2136.485595703125 2127.1220703125 2120.2392578125 2117.746337890625 2087.727783203125 2079.136962890625 2082.830078125 2066.545654296875 2034.698974609375 2026.280029296875
-9999. 1852.1278076171875 1856.0367431640625 1854.2120361328125 1856.135986328125 1856.268310546875 1855.6072998046875 1859.42578125 1879.3973388671875 1890.6798095703125 1905.3795166015625 1912.3543701171875 1921.40380859375 1936.181884765625 1938.9649658203125 1968.5699462890625 2004.830810546875 2015.1580810546875 2026.5028076171875 2027.885498046875 2046.816162109375 2049.373291015625 2078.962646484375 2108.283447265625 2125.37646484375 2137.7021484375 2148.505859375 2155.197021484375 2166.061279296875 2171.350830078125 2165.10107421875 2165.66455078125 2156.055419921875 2143.5625 2131 2127.444091796875 2125.729248046875 2116.05908203125 2093.64697265625 2096.99853515625 2099.731689453125 2086.623779296875 2082.082763671875 2078.004150390625 2077.04052734375 2063.892822265625 2044.225341796875 2040.5423583984375
-9999. 1848.647216796875 1855.2803955078125 1852.73486328125 1851.189453125 1851 1848.1773681640625 1846.7679443359375 1869.6649169921875 1884.6295166015625 1899.9803466796875 1900.06005859375 1919 1925.1007080078125 1934.049560546875 1954.207275390625 1991.46240234375 2006 2022.213623046875 2023.109375 2031.9375 2046.082275390625 2064.594482421875 2092.122314453125 2113.595703125 2130.859375 2139.03173828125 2147.04736328125 2154.3056640625 2160.498779296875 2162.848388671875 2161.4951171875 2151.497802734375 2138.795166015625 2126.22900390625 2122.038330078125 2106.391357421875 2110.41162109375 2092.83935546875 2086.998779296875 2081.07080078125 2080.24462890625 2077.9521484375 2077.7978515625 2076.647216796875 2069.314208984375 2061.73291015625 2050.948486328125
