Birgham/input/Overall2.asc
ncols        58
nrows        62
xllcorner    0.0
yllcorner    0.0
cellsize     20.0
NODATA_value  -9999.
[rows 0 to 21 of 62, columns 0 to 47 of 58]
-9999. -9999. -9999. -9999. -9999. -9999. -9999. -9999. -9999. -9999. -9999. -9999. -9999. -9999. -9999. -9999. -9999. -9999. -9999. -9999. -9999. -9999. -9999. -9999. -9999. -9999. -9999. -9999. -9999. -9999. -9999. -9999. 1877.978759765625 1917.834716796875 1885.9864501953125 1921.412109375 1940.762451171875 1942.4381103515625 1975.197998046875 1962.3966064453125 1997.72607421875 -9999. -9999. -9999. -9999. -9999. -9999. -9999.
-9999. -9999. -9999. -9999. -9999. -9999. -9999. -9999. -9999. -9999. -9999. -9999. -9999. -9999. -9999. -9999. -9999. -9999. -9999. -9999. -9999. -9999. -9999. -9999. -9999. -9999. -9999. -9999. 1861.17578125 1876.3612060546875 1905.40380859375 1904.4190673828125 1907.997802734375 1919.2672119140625 1923.9464111328125 1949 1958.83984375 1978.797119140625 1999.1983642578125 1997.5560302734375 2014 2020.387939453125 -9999. -9999. -9999. -9999. -9999. -9999.
-9999. -9999. -9999. -9999. -9999. -9999. -9999. -9999. -9999. -9999. -9999. -9999. -9999. -9999. -9999. -9999. -9999. -9999. -9999. -9999. -9999. -9999. -9999. -9999. -9999. 1869 1869.2235107421875 1879.8870849609375 1909.6314697265625 1905.2835693359375 1935.6875 1929.695068359375 1932.3555908203125 1965.5179443359375 1962.702392578125 1995.17333984375 1999.21826171875 2019 2027.757080078125 2027.918212890625 2030.521728515625 2035.5474853515625 -9999. -9999. -9999. -9999. -9999. -9999.
-9999. -9999. -9999. -9999. -9999. -9999. -9999. -9999. -9999. -9999. -9999. -9999. -9999. -9999. -9999. -9999. -9999. -9999. -9999. -9999. -9999. -9999. -9999. 1842.6612548828125 1851.717041015625 1868.1363525390625 1871.6219482421875 1893.907958984375 1911.396728515625 1941.4842529296875 1960.8604736328125 1937.6748046875 1953.790283203125 1990.7120361328125 1977.680908203125 1998.894287109375 1999.6019287109375 2018.66162109375 2027.696044921875 2030 2035 2040.7801513671875 2041 -9999. -9999. -9999. -9999. -9999.
-9999. -9999. -9999. -9999. -9999. -9999. -9999. -9999. -9999. -9999. -9999. -9999. -9999. -9999. -9999. -9999. -9999. -9999. -9999. -9999. -9999. 1838.96337890625 1849.572509765625 1874.9483642578125 1875.9989013671875 1883.9542236328125 1901.6964111328125 1932.1923828125 1955.5255126953125 1958.482666015625 1976.9385986328125 1979.7208251953125 1993.618408203125 2023.0048828125 2024.36083984375 2039.6522216796875 2040 2053.041259765625 2058.02734375 2064.922119140625 2065.69287109375 2068.190673828125 2065.371337890625 -9999. -9999. -9999. -9999. -9999.
-9999. -9999. -9999. -9999. -9999. -9999. -9999. -9999. -9999. -9999. -9999. -9999. -9999. -9999. -9999. -9999. -9999. -9999. -9999. 1822.97998046875 1831.2313232421875 1846.8121337890625 1866.5079345703125 1896.5400390625 1910.2694091796875 1918.5322265625 1939.094482421875 1940.767578125 1956.1134033203125 1969.3597412109375 1989.428466796875 2011.2392578125 2025.0216064453125 2035.7041015625 2023.30126953125 2051.412353515625 2044.56298828125 2061.027587890625 2071.12353515625 2089.470703125 2069.553955078125 2079.281494140625 2091.756103515625 -9999. -9999. -9999. -9999. -9999.
-9999. -9999. -9999. -9999. -9999. -9999. -9999. -9999. -9999. -9999. -9999. -9999. -9999. -9999. -9999. -9999. -9999. 1808.50439453125 1822.0911865234375 1836.1771240234375 1858.4625244140625 1876.8123779296875 1883 1905.7584228515625 1927.484619140625 1945.550048828125 1965.188232421875 1972.10693359375 1983.9130859375 1994.6083984375 2013.6346435546875 2020.98193359375 2039.611328125 2053.662353515625 2061 2078.47216796875 2080.767822265625 2095.24072265625 2099.727783203125 2101.696533203125 2100.507568359375 2100.8740234375 2096 2050.226806640625 -9999. -9999. -9999. -9999.
-9999. -9999. -9999. -9999. -9999. -9999. -9999. -9999. -9999. -9999. -9999. -9999. -9999. -9999. -9999. 1788.8160400390625 1793.835693359375 1824.79150390625 1865.274658203125 1866.58154296875 1879.5841064453125 1895.5164794921875 1915.97119140625 1947 1955.692626953125 1975 1988.87060546875 2002.669189453125 2005.6275634765625 2021.3555908203125 2051.35205078125 2054.391357421875 2070.61767578125 2088.390380859375 2097.62841796875 2108.97412109375 2111.871337890625 2110.791015625 2116.018798828125 2116.754638671875 2115.913818359375 2122.327880859375 2111.65869140625 2086.814453125 -9999. -9999. -9999. -9999.
-9999. -9999. -9999. -9999. -9999. -9999. -9999. -9999. -9999. -9999. -9999. -9999. -9999. 1775 1776.6768798828125 1790 1790.4354248046875 1851.6666259765625 1873.31884765625 1867.5357666015625 1885.2646484375 1902.1400146484375 1919.9398193359375 1944.319091796875 1963.6964111328125 1979.064453125 1997.7808837890625 2005 2027.5623779296875 2051.006591796875 2071.6845703125 2079.396484375 2090.9853515625 2104.595947265625 2104.729736328125 2111.8564453125 2112 2127.11865234375 2124.00927734375 2132.0458984375 2131.724365234375 2124.180908203125 2118.03759765625 2104.477294921875 -9999. -9999. -9999. -9999.
-9999. -9999. -9999. -9999. -9999. -9999. -9999. -9999. -9999. -9999. -9999. -9999. 1775.0665283203125 1782.2069091796875 1788.27197265625 1815.9439697265625 1853.50830078125 1877.423583984375 1896.252685546875 1897.4920654296875 1909.0712890625 1925.798583984375 1947.0831298828125 1963.261962890625 1976.294189453125 2005.7386474609375 2015.456787109375 2031 2048.82177734375 2074.191162109375 2087 2097.927978515625 2113.3955078125 2123.350830078125 2129 2134.37109375 2141.796630859375 2149.34716796875 2148 2147.610107421875 2142.37158203125 2138.087890625 2137 2124.046875 2056.388916015625 -9999. -9999. -9999.
-9999. -9999. -9999. -9999. -9999. -9999. -9999. -9999. -9999. -9999. -9999. 1780.435791015625 1783.8221435546875 1797.3251953125 1810.751220703125 1834.068359375 1857.474609375 1883.410400390625 1902.9229736328125 1917.5152587890625 1927.6827392578125 1946.0616455078125 1973.079833984375 1975.352783203125 1996.5260009765625 2018.589599609375 2033.25048828125 2057.106689453125 2082.267333984375 2093.1826171875 2098.253662109375 2121.16552734375 2140.578125 2147.49365234375 2164.11767578125 2160.69189453125 2166.832275390625 2167.395263671875 2181.64208984375 2175.157470703125 2150.525390625 2164.724365234375 2144.40283203125 2131.666259765625 2095.557373046875 -9999. -9999. -9999.
-9999. -9999. -9999. -9999. -9999. -9999. -9999. -9999. -9999. 1788.5836181640625 1783.10888671875 1786.7342529296875 1788.105224609375 1808.5675048828125 1824.69091796875 1855.6033935546875 1863.8428955078125 1888.896728515625 1910.5943603515625 1907.61767578125 1860.362548828125 1960.510009765625 1981.2952880859375 1998.2039794921875 2018.8907470703125 2045.9637451171875 2059.25537109375 2062 2091.8544921875 2107.089599609375 2120.826171875 2146.517822265625 2144.75439453125 2160.82958984375 2167 2178.688720703125 2183.372802734375 2185.470703125 2183.771728515625 2183 2173.49267578125 2162.353515625 2146.154541015625 2134.0146484375 2132.00732421875 -9999. -9999. -9999.
-9999. -9999. -9999. -9999. -9999. -9999. -9999. -9999. 1795.8634033203125 1787.750732421875 1792.914794921875 1798.291015625 1805.513427734375 1827.4920654296875 1854.601806640625 1874.4957275390625 1880.098388671875 1901.4906005859375 1926.000244140625 1943.2603759765625 1964.4803466796875 1978.5076904296875 2000.3238525390625 2012.2158203125 2034.2611083984375 2064.772705078125 2081.208251953125 2094.9677734375 2106.837646484375 2122.710205078125 2151.62451171875 2165.41015625 2178 2177.32861328125 2188.096435546875 2189.227783203125 2190.276611328125 2190.4072265625 2188.751220703125 2186.09228515625 2180.250732421875 2167.880615234375 2159.993896484375 2141.119873046875 2130.80712890625 2062.542724609375 -9999. -9999.
-9999. -9999. -9999. -9999. -9999. -9999. -9999. 1816.998046875 1793.3428955078125 1790.435546875 1794.34326171875 1809.9163818359375 1827.601318359375 1846.1561279296875 1856.184326171875 1882.0899658203125 1897.9547119140625 1915.3287353515625 1941.6822509765625 1952.6123046875 1976.4913330078125 1976.935302734375 2015.136962890625 2025.90478515625 2034.05419921875 2066.845703125 2079.26171875 2104.501953125 2120.077880859375 2133.577392578125 2153.31689453125 2169.739501953125 2177.1455078125 2184.62548828125 2187.7578125 2191.215087890625 2191.010009765625 2191.5478515625 2190.000244140625 2187.767578125 2184.01220703125 2167.91162109375 2158.679443359375 2144.14013671875 2138 2100.849609375 -9999. -9999.
-9999. -9999. -9999. -9999. -9999. -9999. 1838.28857421875 1805.8795166015625 1796.1700439453125 1792.833740234375 1799.499267578125 1810.6766357421875 1838.3466796875 1864.6256103515625 1880 1900.234619140625 1918.8792724609375 1934.8057861328125 1970.8121337890625 1971.265625 1990.8428955078125 2024.249755859375 2043.6392822265625 2060.659423828125 2083.9091796875 2098.595703125 2114.055419921875 2134.526611328125 2153 2153.005126953125 2176.610595703125 2182.6884765625 2190.03076171875 2194.55859375 2199.42822265625 2203.281494140625 2195.654541015625 2193 2189.7724609375 2188.99560546875 2185 2166.21923828125 2158.001220703125 2146.498046875 2136.202392578125 2126 -9999. -9999.
-9999. -9999. -9999. -9999. -9999. 1843.005126953125 1826.642333984375 1802.3634033203125 1791.483154296875 1798.1923828125 1805.608642578125 1813.3253173828125 1851.0035400390625 1882.0418701171875 1892.922119140625 1933.6405029296875 1941.6527099609375 1958.3673095703125 1981.8228759765625 1987.85546875 2004.278076171875 2026.8172607421875 2049.784423828125 2068.68408203125 2093.31689453125 2114.186767578125 2134.980712890625 2150.93896484375 2161.122314453125 2171.777099609375 2180.470947265625 2193.77392578125 2202.64404296875 2198.96484375 2204.254638671875 2203.96240234375 2199.538818359375 2193.6064453125 2191.441162109375 2185.9111328125 2178.33642578125 2166.7080078125 2156.824462890625 2144.86083984375 2136.489013671875 2129.223876953125 2068.63671875 -9999.
-9999. -9999. -9999. -9999. 1865.1353759765625 1822 1816.1776123046875 1800.7716064453125 1799.2247314453125 1804.6082763671875 1812.516845703125 1820.96875 1863.896240234375 1899.525146484375 1905.2303466796875 1939.9947509765625 1959.31201171875 1978.952880859375 2002.5364990234375 2001.35986328125 2019.6053466796875 2042.781005859375 2072.58544921875 2098.958251953125 2114.626220703125 2131.872314453125 2150.7236328125 2155.394775390625 2173.7470703125 2184.136474609375 2195 2195.98388671875 2207.057861328125 2208.2236328125 2210.77783203125 2207 2201.7958984375 2194.8486328125 2185.7080078125 2173.908935546875 2167.490966796875 2165.195556640625 2148.584228515625 2139 2138.9736328125 2132.024658203125 2104.36376953125 -9999.
-9999. -9999. -9999. -9999. 1823.737548828125 1814.7669677734375 1811.5399169921875 1803.9552001953125 1805.1278076171875 1807.364990234375 1825.096923828125 1846.81494140625 1885.1763916015625 1906.0006103515625 1926.66015625 1966.5811767578125 1974.99365234375 1993.812744140625 2020.9505615234375 2024.2789306640625 2038.636962890625 2063.478515625 2099.7509765625 2122.67333984375 2130.74853515625 2155.80126953125 2172.002197265625 2172.382080078125 2177.78564453125 2197.772216796875 2204.178955078125 2209.677734375 2212.583251953125 2213.85595703125 2212.620849609375 2211.09423828125 2208.423828125 2201.901611328125 2177.151611328125 2161.614013671875 2156.537109375 2145.487548828125 2140.501953125 2135.68798828125 2135.4375 2127.873046875 2116.25146484375 -9999.
-9999. -9999. -9999. 1832.173583984375 1828.9306640625 1817.620361328125 1807.9278564453125 1804.60888671875 1809.871337890625 1830.21484375 1856.6732177734375 1885.0133056640625 1900.2562255859375 1914.1370849609375 1931.814208984375 1969.206298828125 1984.3623046875 1997.681640625 2034.924072265625 2033.586669921875 2063.20703125 2094.666259765625 2102.795654296875 2127.669677734375 2128.577392578125 2152.550537109375 2165.585205078125 2180.788330078125 2197.226806640625 2200.341552734375 2209.792236328125 2215.88330078125 2216.00048828125 2215.486572265625 2214.124267578125 2212.214599609375 2207.872314453125 2194.004150390625 2167.65478515625 2156.878662109375 2149.5458984375 2142.46875 2139.86376953125 2136.19580078125 2133.8671875 2125.881591796875 2117.21484375 2074.672119140625
-9999. -9999. -9999. 1845.9249267578125 1839.851806640625 1819.8941650390625 1813.388427734375 1810 1825.7796630859375 1851.3060302734375 1878.0260009765625 1899.5059814453125 1911 1922.6585693359375 1942.524658203125 1975.7755126953125 1995.8009033203125 2018.747314453125 2036.9156494140625 2057.57373046875 2090.620849609375 2108.68798828125 2118 2137.2978515625 2154.930908203125 2173.733154296875 2185.486328125 2198.201171875 2217.318115234375 2218 2218.791748046875 2219.71435546875 2219.266845703125 2219.1572265625 2217.568115234375 2213.17041015625 2203.66552734375 2177.007080078125 2153 2153 2148.74365234375 2142.924560546875 2138.8203125 2135 2132.88134765625 2126.6552734375 2119.589599609375 2113.157470703125
-9999. -9999. 1845.8599853515625 1838.35986328125 1826.272705078125 1818.6126708984375 1818.0032958984375 1819.6455078125 1844.351806640625 1864.7265625 1890.36083984375 1918.3909912109375 1927.30224609375 1931.033447265625 1946.855712890625 1981.7283935546875 2003.8192138671875 2023.4998779296875 2040.9349365234375 2054.98486328125 2097.7880859375 2112.20703125 2123.4853515625 2146.776611328125 2179.524169921875 2197.779541015625 2202.157958984375 2210.992919921875 2218.88525390625 2220.243896484375 2222.810302734375 2222.4697265625 2222.28125 2220.51806640625 2217.52978515625 2211.815673828125 2193.051513671875 2172.0263671875 2155.79248046875 2148.3369140625 2147.698486328125 2144.0693359375 2140.97900390625 2135.653076171875 2133.238525390625 2128.49560546875 2122.814697265625 2115.690673828125
-9999. -9999. 1831.3851318359375 1829.3369140625 1821.91845703125 1817.5274658203125 1820.08203125 1829.955322265625 1856.0479736328125 1863.80078125 1913.075439453125 1934.51611328125 1937.566650390625 1940.685546875 1956.585693359375 1987.6787109375 2012.3623046875 2031.6904296875 2049.894775390625 2063.42138671875 2098.09912109375 2116.182861328125 2137.763427734375 2162.992431640625 2171.860107421875 2193.513916015625 2205.396240234375 2217.44677734375 2222.010009765625 2224.573486328125 2225.333251953125 2224.48583984375 2223.702392578125 2221.81494140625 2215.558349609375 2208.513916015625 2203.007080078125 2171.0078125 2154.82080078125 2145.866455078125 2146.74609375 2150.38232421875 2143 2139.589111328125 2134.996337890625 2128.389892578125 2125.3095703125 2117.624755859375
