Output/test4_newDEM_out.asc
ncols           133
nrows           133
xllcorner            0.000000                               
yllcorner            0.000000                               
cellsize         0.5000
NODATA_value  -9999.0000
[rows 30 to 59 of 64, columns 0 to 66 of 133]
15.0000 15.0000 15.0000 15.0000 15.0000 15.0000 15.0000 15.0000 15.0000 15.0000 15.0000 15.0000 15.0000 15.0000 15.0000 15.0000 15.0000 15.0000 15.0000 15.0000 15.0000 15.0000 15.0000 15.0000 15.0000 15.0000 15.0000 15.0000 15.0000 15.0000 15.0000 15.0000 15.0000 15.0000 15.0000 15.0000 15.0000 15.3333 15.6667 16.0000 16.3333 16.6667 17.0000 17.3333 17.6667 18.0000 13.1272 13.0889 13.0596 13.0391 13.0276 13.0249 13.0310 13.0461 13.0700 13.1029 13.1447 13.1954 13.2552 13.3241 13.4021 13.4894 13.5860 13.6920 13.8075 13.9327 14.0677
15.0000 15.0000 15.0000 15.0000 15.0000 15.0000 15.0000 15.0000 15.0000 15.0000 15.0000 15.0000 15.0000 15.0000 15.0000 15.0000 15.0000 15.0000 15.0000 15.0000 15.0000 15.0000 15.0000 15.0000 15.0000 15.0000 15.0000 15.0000 15.0000 15.0000 15.0000 15.0000 15.0000 15.0000 15.0000 15.0000 15.0000 15.3333 15.6667 16.0000 16.3333 16.6667 17.0000 17.3333 17.6667 12.8337 12.7870 12.7492 12.7202 12.7000 12.6886 12.6859 12.6920 12.7069 12.7305 12.7630 12.8043 12.8544 12.9135 12.9816 13.0587 13.1449 13.2403 13.3449 13.4590 13.5826 13.7159
15.0000 15.0000 15.0000 15.0000 15.0000 15.0000 15.0000 15.0000 15.0000 15.0000 15.0000 15.0000 15.0000 15.0000 15.0000 15.0000 15.0000 15.0000 15.0000 15.0000 15.0000 15.0000 15.0000 15.0000 15.0000 15.0000 15.0000 15.0000 15.0000 15.0000 15.0000 15.0000 15.0000 15.0000 15.0000 15.0000 15.0000 15.3333 15.6667 16.0000 16.3333 16.6667 17.0000 17.3333 12.5606 12.5057 12.4595 12.4222 12.3935 12.3735 12.3622 12.3596 12.3656 12.3804 12.4037 12.4358 12.4766 12.5262 12.5846 12.6519 12.7281 12.8133 12.9076 13.0110 13.1237 13.2459 13.3775
15.0000 15.0000 15.0000 15.0000 15.0000 15.0000 15.0000 15.0000 15.0000 15.0000 15.0000 15.0000 15.0000 15.0000 15.0000 15.0000 15.0000 15.0000 15.0000 15.0000 15.0000 15.0000 15.0000 15.0000 15.0000 15.0000 15.0000 15.0000 15.0000 15.0000 15.0000 15.0000 15.0000 15.0000 15.0000 15.0000 15.0000 15.3333 15.6667 16.0000 16.3333 16.6667 17.0000 12.3074 12.2443 12.1900 12.1444 12.1074 12.0790 12.0593 12.0481 12.0455 12.0515 12.0660 12.0892 12.1209 12.1613 12.2103 12.2681 12.3346 12.4100 12.4942 12.5875 12.6897 12.8012 12.9219 13.0521
15.0000 15.0000 15.0000 15.0000 15.0000 15.0000 15.0000 15.0000 15.0000 15.0000 15.0000 15.0000 15.0000 15.0000 15.0000 15.0000 15.0000 15.0000 15.0000 15.0000 15.0000 15.0000 15.0000 15.0000 15.0000 15.0000 15.0000 15.0000 15.0000 15.0000 15.0000 15.0000 15.0000 15.0000 15.0000 15.0000 15.0000 15.3333 15.6667 16.0000 16.3333 16.6667 17.0000 12.0024 11.9400 11.8862 11.8411 11.8045 11.7764 11.7569 11.7458 11.7433 11.7492 11.7636 11.7864 11.8179 11.8578 11.9063 11.9635 12.0293 12.1039 12.1873 12.2795 12.3807 12.4910 12.6104 12.7391
15.0000 15.0000 15.0000 15.0000 15.0000 15.0000 15.0000 15.0000 15.0000 15.0000 15.0000 15.0000 15.0000 15.0000 15.0000 15.0000 15.0000 15.0000 15.0000 15.0000 15.0000 15.0000 15.0000 15.0000 15.0000 15.0000 15.0000 15.0000 15.0000 15.0000 15.0000 15.0000 15.0000 15.0000 15.0000 15.0000 15.0000 15.3333 15.6667 16.0000 16.3333 16.6667 11.7795 11.7091 11.6473 11.5940 11.5493 11.5131 11.4853 11.4659 11.4550 11.4524 11.4583 11.4725 11.4952 11.5263 11.5659 11.6139 11.6705 11.7357 11.8095 11.8921 11.9834 12.0836 12.1927 12.3109 12.4382
15.0000 15.0000 15.0000 15.0000 15.0000 15.0000 15.0000 15.0000 15.0000 15.0000 15.0000 15.0000 15.0000 15.0000 15.0000 15.0000 15.0000 15.0000 15.0000 15.0000 15.0000 15.0000 15.0000 15.0000 15.0000 15.0000 15.0000 15.0000 15.0000 15.0000 15.0000 15.0000 15.0000 15.0000 15.0000 15.0000 15.0000 15.3333 15.6667 16.0000 16.3333 11.5751 11.4967 11.4270 11.3658 11.3130 11.2687 11.2328 11.2053 11.1861 11.1753 11.1728 11.1786 11.1927 11.2151 11.2460 11.2851 11.3328 11.3888 11.4534 11.5265 11.6082 11.6987 11.7979 11.9060 12.0230 12.1491
15.0000 15.0000 15.0000 15.0000 15.0000 15.0000 15.0000 15.0000 15.0000 15.0000 15.0000 15.0000 15.0000 15.0000 15.0000 15.0000 15.0000 15.0000 15.0000 15.0000 15.0000 15.0000 15.0000 15.0000 15.0000 15.0000 15.0000 15.0000 15.0000 15.0000 15.0000 15.0000 15.0000 15.0000 15.0000 15.0000 15.0000 15.3333 15.6667 16.0000 11.3888 11.3026 11.2250 11.1559 11.0952 11.0429 10.9990 10.9635 10.9362 10.9172 10.9064 10.9039 10.9097 10.9237 10.9459 10.9765 11.0153 11.0625 11.1180 11.1820 11.2545 11.3355 11.4251 11.5234 11.6304 11.7464 11.8713
15.0000 15.0000 15.0000 15.0000 15.0000 15.0000 15.0000 15.0000 15.0000 15.0000 15.0000 15.0000 15.0000 15.0000 15.0000 15.0000 15.0000 15.0000 15.0000 15.0000 15.0000 15.0000 15.0000 15.0000 15.0000 15.0000 15.0000 15.0000 15.0000 15.0000 15.0000 15.0000 15.0000 15.0000 15.0000 15.0000 15.0000 15.3333 15.6667 16.0000 11.1263 11.0409 10.9639 10.8954 10.8352 10.7834 10.7399 10.7046 10.6776 10.6587 10.6481 10.6456 10.6513 10.6652 10.6872 10.7175 10.7560 10.8028 10.8579 10.9213 10.9932 11.0735 11.1623 11.2597 11.3658 11.4807 11.6045
15.0000 15.0000 15.0000 15.0000 15.0000 15.0000 15.0000 15.0000 15.0000 15.0000 15.0000 15.0000 15.0000 15.0000 15.0000 15.0000 15.0000 15.0000 15.0000 15.0000 15.0000 15.0000 15.0000 15.0000 15.0000 15.0000 15.0000 15.0000 15.0000 15.0000 15.0000 15.0000 15.0000 15.0000 15.0000 15.0000 15.0000 15.3333 15.6667 10.9676 10.8744 10.7896 10.7133 10.6453 10.5857 10.5343 10.4911 10.4561 10.4293 10.4106 10.4000 10.3976 10.4032 10.4170 10.4389 10.4689 10.5071 10.5535 10.6081 10.6711 10.7423 10.8219 10.9100 11.0066 11.1119 11.2258 11.3485
15.0000 15.0000 15.0000 15.0000 15.0000 15.0000 15.0000 15.0000 15.0000 15.0000 15.0000 15.0000 15.0000 15.0000 15.0000 15.0000 15.0000 15.0000 15.0000 15.0000 15.0000 15.0000 15.0000 15.0000 15.0000 15.0000 15.0000 15.0000 15.0000 15.0000 15.0000 15.0000 15.0000 15.0000 15.0000 15.0000 15.0000 15.3333 15.6667 10.7252 10.6326 10.5486 10.4728 10.4054 10.3462 10.2952 10.2524 10.2177 10.1910 10.1725 10.1620 10.1596 10.1652 10.1788 10.2005 10.2303 10.2683 10.3143 10.3685 10.4309 10.5016 10.5806 10.6680 10.7639 10.8683 10.9813 11.1030
15.0000 15.0000 15.0000 15.0000 15.0000 15.0000 15.0000 15.0000 15.0000 15.0000 15.0000 15.0000 15.0000 15.0000 15.0000 15.0000 15.0000 15.0000 15.0000 15.0000 15.0000 15.0000 15.0000 15.0000 15.0000 15.0000 15.0000 15.0000 15.0000 15.0000 15.0000 15.0000 15.0000 15.0000 15.0000 15.0000 15.0000 15.3333 10.5930 10.4927 10.4009 10.3175 10.2423 10.1754 10.1166 10.0660 10.0235 9.9890 9.9626 9.9442 9.9338 9.9313 9.9369 9.9505 9.9720 10.0016 10.0392 10.0849 10.1388 10.2007 10.2709 10.3493 10.4360 10.5312 10.6347 10.7469 10.8677
15.0000 15.0000 15.0000 15.0000 15.0000 15.0000 15.0000 15.0000 15.0000 15.0000 15.0000 15.0000 15.0000 15.0000 15.0000 15.0000 15.0000 15.0000 15.0000 15.0000 15.0000 15.0000 15.0000 15.0000 15.0000 15.0000 15.0000 15.0000 15.0000 15.0000 15.0000 15.0000 15.0000 15.0000 15.0000 15.0000 15.0000 15.3333 10.3697 10.2701 10.1790 10.0961 10.0215 9.9550 9.8967 9.8464 9.8042 9.7700 9.7437 9.7255 9.7151 9.7127 9.7182 9.7317 9.7531 9.7825 9.8199 9.8652 9.9187 9.9802 10.0499 10.1277 10.2138 10.3083 10.4111 10.5225 10.6424
15.0000 15.0000 15.0000 15.0000 15.0000 15.0000 15.0000 15.0000 15.0000 15.0000 15.0000 15.0000 15.0000 15.0000 15.0000 15.0000 15.0000 15.0000 15.0000 15.0000 15.0000 15.0000 15.0000 15.0000 15.0000 15.0000 15.0000 15.0000 15.0000 15.0000 15.0000 15.0000 15.0000 15.0000 15.0000 15.0000 15.0000 10.2632 10.1560 10.0572 9.9666 9.8843 9.8102 9.7442 9.6862 9.6363 9.5944 9.5604 9.5343 9.5161 9.5059 9.5035 9.5090 9.5223 9.5436 9.5728 9.6099 9.6550 9.7081 9.7692 9.8384 9.9157 10.0012 10.0950 10.1972 10.3077 10.4268
15.0000 15.0000 15.0000 15.0000 15.0000 15.0000 15.0000 15.0000 15.0000 15.0000 15.0000 15.0000 15.0000 15.0000 15.0000 15.0000 15.0000 15.0000 15.0000 15.0000 15.0000 15.0000 15.0000 15.0000 15.0000 15.0000 15.0000 15.0000 15.0000 15.0000 15.0000 15.0000 15.0000 15.0000 15.0000 15.0000 10.1733 10.0583 9.9518 9.8536 9.7636 9.6819 9.6082 9.5426 9.4850 9.4354 9.3938 9.3600 9.3341 9.3160 9.3058 9.3034 9.3089 9.3222 9.3433 9.3723 9.4092 9.4540 9.5067 9.5675 9.6362 9.7131 9.7980 9.8912 9.9927 10.1025 10.2208
15.0000 15.0000 15.0000 15.0000 15.0000 15.0000 15.0000 15.0000 15.0000 15.0000 15.0000 15.0000 15.0000 15.0000 15.0000 15.0000 15.0000 15.0000 15.0000 15.0000 15.0000 15.0000 15.0000 15.0000 15.0000 15.0000 15.0000 15.0000 15.0000 15.0000 15.0000 15.0000 15.0000 15.0000 10.2309 10.0996 9.9769 9.8627 9.7568 9.6592 9.5698 9.4886 9.4154 9.3502 9.2929 9.2436 9.2022 9.1686 9.1429 9.1249 9.1148 9.1124 9.1178 9.1310 9.1521 9.1809 9.2176 9.2621 9.3145 9.3749 9.4432 9.5196 9.6040 9.6966 9.7975 9.9066 10.0242
15.0000 15.0000 15.0000 15.0000 15.0000 15.0000 15.0000 15.0000 15.0000 15.0000 15.0000 15.0000 15.0000 15.0000 15.0000 15.0000 15.0000 15.0000 15.0000 15.0000 15.0000 15.0000 15.0000 15.0000 15.0000 15.0000 15.0000 15.0000 15.0000 15.0000 15.0000 15.0000 15.0000 10.1812 10.0422 9.9117 9.7898 9.6762 9.5710 9.4740 9.3851 9.3043 9.2315 9.1667 9.1098 9.0607 9.0196 8.9862 8.9606 8.9427 8.9326 8.9303 8.9357 8.9488 8.9697 8.9984 9.0348 9.0791 9.1312 9.1912 9.2592 9.3351 9.4191 9.5111 9.6114 9.7199 9.8367
15.0000 15.0000 15.0000 15.0000 15.0000 15.0000 15.0000 15.0000 15.0000 15.0000 15.0000 15.0000 15.0000 15.0000 15.0000 15.0000 15.0000 15.0000 15.0000 15.0000 15.0000 15.0000 15.0000 15.0000 15.0000 15.0000 15.0000 15.0000 15.0000 15.0000 15.0000 15.0000 10.1478 10.0009 9.8626 9.7329 9.6117 9.4987 9.3941 9.2976 9.2092 9.1288 9.0565 8.9920 8.9354 8.8866 8.8457 8.8124 8.7870 8.7692 8.7592 8.7569 8.7622 8.7753 8.7961 8.8246 8.8608 8.9049 8.9567 9.0164 9.0840 9.1595 9.2430 9.3346 9.4343 9.5422 9.6583
15.0000 15.0000 15.0000 15.0000 15.0000 15.0000 15.0000 15.0000 15.0000 15.0000 15.0000 15.0000 15.0000 15.0000 15.0000 15.0000 15.0000 15.0000 15.0000 15.0000 15.0000 15.0000 15.0000 15.0000 15.0000 15.0000 15.0000 15.0000 15.0000 15.0000 15.0000 10.1304 9.9756 9.8295 9.6920 9.5630 9.4424 9.3301 9.2260 9.1300 9.0421 8.9621 8.8901 8.8260 8.7697 8.7211 8.6804 8.6473 8.6220 8.6043 8.5943 8.5920 8.5973 8.6104 8.6310 8.6594 8.6955 8.7393 8.7909 8.8502 8.9175 8.9926 9.0757 9.1668 9.2659 9.3733 9.4888
15.0000 15.0000 15.0000 15.0000 15.0000 15.0000 15.0000 15.0000 15.0000 15.0000 15.0000 15.0000 15.0000 15.0000 15.0000 15.0000 15.0000 15.0000 15.0000 15.0000 15.0000 15.0000 15.0000 15.0000 15.0000 15.0000 15.0000 15.0000 15.0000 15.0000 10.1291 9.9663 9.8123 9.6670 9.5302 9.4018 9.2818 9.1701 9.0665 8.9710 8.8835 8.8039 8.7323 8.6685 8.6124 8.5641 8.5236 8.4907 8.4655 8.4479 8.4379 8.4356 8.4409 8.4539 8.4745 8.5027 8.5386 8.5822 8.6335 8.6926 8.7595 8.8343 8.9169 9.0076 9.1063 9.2131 9.3280
15.0000 15.0000 15.0000 15.0000 15.0000 15.0000 15.0000 15.0000 15.0000 15.0000 15.0000 15.0000 15.0000 15.0000 15.0000 15.0000 15.0000 15.0000 15.0000 15.0000 15.0000 15.0000 15.0000 15.0000 15.0000 15.0000 15.0000 15.0000 15.0000 10.1439 9.9731 9.8110 9.6578 9.5132 9.3770 9.2493 9.1299 9.0187 8.9156 8.8205 8.7334 8.6542 8.5829 8.5193 8.4636 8.4155 8.3751 8.3424 8.3173 8.2998 8.2899 8.2876 8.2929 8.3057 8.3262 8.3543 8.3901 8.4335 8.4846 8.5434 8.6100 8.6844 8.7667 8.8569 8.9551 9.0614 9.1759
15.0000 15.0000 15.0000 15.0000 15.0000 15.0000 15.0000 15.0000 15.0000 15.0000 15.0000 15.0000 15.0000 15.0000 15.0000 15.0000 15.0000 15.0000 15.0000 15.0000 15.0000 15.0000 15.0000 15.0000 15.0000 15.0000 15.0000 15.0000 10.1749 9.9958 9.8257 9.6645 9.5119 9.3679 9.2324 9.1053 8.9864 8.8757 8.7730 8.6784 8.5917 8.5128 8.4418 8.3785 8.3230 8.2751 8.2349 8.2023 8.1773 8.1599 8.1500 8.1477 8.1530 8.1658 8.1862 8.2142 8.2498 8.2930 8.3439 8.4025 8.4688 8.5429 8.6248 8.7146 8.8124 8.9182 9.0322
15.0000 15.0000 15.0000 15.0000 15.0000 15.0000 15.0000 15.0000 15.0000 15.0000 15.0000 15.0000 15.0000 15.0000 15.0000 15.0000 15.0000 15.0000 15.0000 15.0000 15.0000 15.0000 15.0000 15.0000 15.0000 15.0000 15.0000 10.2219 10.0346 9.8563 9.6870 9.5264 9.3746 9.2312 9.0963 8.9697 8.8513 8.7410 8.6388 8.5445 8.4581 8.3796 8.3089 8.2459 8.1906 8.1429 8.1028 8.0704 8.0455 8.0281 8.0183 8.0160 8.0213 8.0340 8.0544 8.0822 8.1177 8.1607 8.2114 8.2697 8.3358 8.4096 8.4912 8.5806 8.6780 8.7834 8.8968
15.0000 15.0000 15.0000 15.0000 15.0000 15.0000 15.0000 15.0000 15.0000 15.0000 15.0000 15.0000 15.0000 15.0000 15.0000 15.0000 15.0000 15.0000 15.0000 15.0000 15.0000 15.0000 15.0000 15.0000 15.0000 15.0000 15.0000 10.0895 9.9029 9.7254 9.5568 9.3969 9.2456 9.1028 8.9684 8.8423 8.7244 8.6145 8.5127 8.4188 8.3328 8.2546 8.1841 8.1213 8.0662 8.0187 7.9788 7.9465 7.9217 7.9044 7.8946 7.8923 7.8975 7.9103 7.9305 7.9583 7.9936 8.0365 8.0870 8.1451 8.2109 8.2844 8.3657 8.4548 8.5518 8.6568 8.7698
15.0000 15.0000 15.0000 15.0000 15.0000 15.0000 15.0000 15.0000 15.0000 15.0000 15.0000 15.0000 15.0000 15.0000 15.0000 15.0000 15.0000 15.0000 15.0000 15.0000 15.0000 15.0000 15.0000 15.0000 15.0000 15.0000 10.1606 9.9656 9.7797 9.6029 9.4349 9.2757 9.1250 8.9827 8.8488 8.7232 8.6057 8.4962 8.3948 8.3012 8.2155 8.1375 8.0673 8.0048 7.9498 7.9025 7.8628 7.8305 7.8058 7.7886 7.7788 7.7766 7.7818 7.7944 7.8146 7.8423 7.8775 7.9202 7.9705 8.0284 8.0940 8.1673 8.2483 8.3371 8.4337 8.5383 8.6509
15.0000 15.0000 15.0000 15.0000 15.0000 15.0000 15.0000 15.0000 15.0000 15.0000 15.0000 15.0000 15.0000 15.0000 15.0000 15.0000 15.0000 15.0000 15.0000 15.0000 15.0000 15.0000 15.0000 15.0000 15.0000 10.2479 10.0444 9.8501 9.6650 9.4888 9.3214 9.1627 9.0125 8.8708 8.7373 8.6121 8.4950 8.3859 8.2848 8.1916 8.1061 8.0284 7.9584 7.8961 7.8414 7.7942 7.7546 7.7224 7.6978 7.6806 7.6709 7.6686 7.6738 7.6865 7.7066 7.7342 7.7692 7.8118 7.8620 7.9197 7.9851 8.0581 8.1388 8.2273 8.3236 8.4279 8.5401
15.0000 15.0000 15.0000 15.0000 15.0000 15.0000 15.0000 15.0000 15.0000 15.0000 15.0000 15.0000 15.0000 15.0000 15.0000 15.0000 15.0000 15.0000 15.0000 15.0000 15.0000 15.0000 15.0000 15.0000 15.0000 10.1395 9.9366 9.7430 9.5585 9.3829 9.2161 9.0579 8.9082 8.7669 8.6339 8.5091 8.3923 8.2836 8.1828 8.0898 8.0047 7.9272 7.8574 7.7953 7.7407 7.6937 7.6542 7.6221 7.5976 7.5804 7.5707 7.5685 7.5737 7.5863 7.6063 7.6338 7.6688 7.7113 7.7613 7.8188 7.8840 7.9568 8.0372 8.1255 8.2215 8.3254 8.4373
15.0000 15.0000 15.0000 15.0000 15.0000 15.0000 15.0000 15.0000 15.0000 15.0000 15.0000 15.0000 15.0000 15.0000 15.0000 15.0000 15.0000 15.0000 15.0000 15.0000 15.0000 15.0000 15.0000 15.0000 10.2510 10.0394 9.8372 9.6442 9.4603 9.2852 9.1189 8.9612 8.8119 8.6711 8.5385 8.4140 8.2976 8.1892 8.0886 7.9960 7.9110 7.8338 7.7642 7.7022 7.6478 7.6009 7.5615 7.5295 7.5050 7.4880 7.4783 7.4761 7.4812 7.4938 7.5138 7.5412 7.5761 7.6184 7.6683 7.7257 7.7906 7.8632 7.9435 8.0315 8.1272 8.2309 8.3424
15.0000 15.0000 15.0000 15.0000 15.0000 15.0000 15.0000 15.0000 15.0000 15.0000 15.0000 15.0000 15.0000 15.0000 15.0000 15.0000 15.0000 15.0000 15.0000 15.0000 15.0000 15.0000 15.0000 15.0000 10.1586 9.9477 9.7461 9.5536 9.3702 9.1956 9.0298 8.8725 8.7237 8.5832 8.4509 8.3268 8.2107 8.1025 8.0023 7.9098 7.8251 7.7481 7.6787 7.6168 7.5626 7.5158 7.4765 7.4446 7.4202 7.4031 7.3935 7.3913 7.3964 7.4089 7.4289 7.4562 7.4910 7.5333 7.5830 7.6403 7.7051 7.7775 7.8575 7.9453 8.0408 8.1441 8.2554
15.0000 15.0000 15.0000 15.0000 15.0000 15.0000 15.0000 15.0000 15.0000 15.0000 15.0000 15.0000 15.0000 15.0000 15.0000 15.0000 15.0000 15.0000 15.0000 15.0000 15.0000 15.0000 15.0000 15.0000 10.0745 9.8642 9.6631 9.4711 9.2882 9.1141 8.9486 8.7918 8.6433 8.5031 8.3712 8.2474 8.1316 8.0237 7.9237 7.8314 7.7469 7.6700 7.6008 7.5391 7.4850 7.4383 7.3991 7.3673 7.3429 7.3259 7.3163 7.3140 7.3192 7.3317 7.3516 7.3789 7.4136 7.4557 7.5054 7.5625 7.6271 7.6994 7.7792 7.8668 7.9621 8.0652 8.1762
