Output/test16_newDEM_out.asc
ncols           133
nrows           133
xllcorner            0.000000                               
yllcorner            0.000000                               
cellsize         0.5000
NODATA_value  -9999.0000
[rows 58 to 86 of 133, columns 0 to 66 of 133]
15.0000 15.0000 15.0000 15.0000 15.0000 15.0000 15.0000 15.0000 15.0000 15.0000 15.0000 15.0000 15.0000 15.0000 15.0000 15.0000 15.0000 15.0000 15.0000 15.0000 15.0000 15.0000 15.0000 15.0000 15.0000 15.0000 15.0000 15.0000 15.0000 15.0000 14.9606 14.8479 14.7044 14.5692 14.4422 14.3234 14.2127 14.1099 14.0150 13.9280 13.8487 13.7772 13.7133 13.6570 13.6083 13.5671 13.5335 13.5073 13.4887 13.4775 13.4738 13.4775 13.4887 13.5073 13.5335 13.5671 13.6083 13.6570 13.7133 13.7772 13.8487 13.9280 14.0150 14.1099 14.2127 14.3234 14.4422
15.0000 15.0000 15.0000 15.0000 15.0000 15.0000 15.0000 15.0000 15.0000 15.0000 15.0000 15.0000 15.0000 15.0000 15.0000 15.0000 15.0000 15.0000 15.0000 15.0000 15.0000 15.0000 15.0000 15.0000 15.0000 15.0000 15.0000 15.0000 15.0000 15.0000 14.9145 14.7896 14.6464 14.5114 14.3847 14.2661 14.1556 14.0530 13.9582 13.8713 13.7922 13.7208 13.6570 13.6008 13.5522 13.5111 13.4775 13.4514 13.4328 13.4216 13.4179 13.4216 13.4328 13.4514 13.4775 13.5111 13.5522 13.6008 13.6570 13.7208 13.7922 13.8713 13.9582 14.0530 14.1556 14.2661 14.3847
15.0000 15.0000 15.0000 15.0000 15.0000 15.0000 15.0000 15.0000 15.0000 15.0000 15.0000 15.0000 15.0000 15.0000 15.0000 15.0000 15.0000 15.0000 15.0000 15.0000 15.0000 15.0000 15.0000 15.0000 15.0000 15.0000 15.0000 15.0000 15.0000 14.9842 14.8907 14.7392 14.5962 14.4614 14.3349 14.2165 14.1061 14.0037 13.9091 13.8223 13.7433 13.6720 13.6083 13.5522 13.5036 13.4626 13.4291 13.4030 13.3844 13.3733 13.3695 13.3733 13.3844 13.4030 13.4291 13.4626 13.5036 13.5522 13.6083 13.6720 13.7433 13.8223 13.9091 14.0037 14.1061 14.2165 14.3349
15.0000 15.0000 15.0000 15.0000 15.0000 15.0000 15.0000 15.0000 15.0000 15.0000 15.0000 15.0000 15.0000 15.0000 15.0000 15.0000 15.0000 15.0000 15.0000 15.0000 15.0000 15.0000 15.0000 15.0000 15.0000 15.0000 15.0000 15.0000 15.0000 14.9626 14.8479 14.6966 14.5538 14.4192 14.2928 14.1746 14.0643 13.9620 13.8676 13.7809 13.7020 13.6307 13.5671 13.5111 13.4626 13.4216 13.3881 13.3621 13.3435 13.3324 13.3287 13.3324 13.3435 13.3621 13.3881 13.4216 13.4626 13.5111 13.5671 13.6307 13.7020 13.7809 13.8676 13.9620 14.0643 14.1746 14.2928
15.0000 15.0000 15.0000 15.0000 15.0000 15.0000 15.0000 15.0000 15.0000 15.0000 15.0000 15.0000 15.0000 15.0000 15.0000 15.0000 15.0000 15.0000 15.0000 15.0000 15.0000 15.0000 15.0000 15.0000 15.0000 15.0000 15.0000 15.0000 15.0000 14.9449 14.8129 14.6618 14.5191 14.3847 14.2585 14.1403 14.0302 13.9280 13.8336 13.7471 13.6682 13.5970 13.5335 13.4775 13.4291 13.3881 13.3547 13.3287 13.3101 13.2990 13.2953 13.2990 13.3101 13.3287 13.3547 13.3881 13.4291 13.4775 13.5335 13.5970 13.6682 13.7471 13.8336 13.9280 14.0302 14.1403 14.2585
15.0000 15.0000 15.0000 15.0000 15.0000 15.0000 15.0000 15.0000 15.0000 15.0000 15.0000 15.0000 15.0000 15.0000 15.0000 15.0000 15.0000 15.0000 15.0000 15.0000 15.0000 15.0000 15.0000 15.0000 15.0000 15.0000 15.0000 15.0000 15.0000 14.9310 14.7858 14.6348 14.4922 14.3579 14.2318 14.1137 14.0037 13.9015 13.8073 13.7208 13.6420 13.5709 13.5073 13.4514 13.4030 13.3621 13.3287 13.3027 13.2842 13.2730 13.2693 13.2730 13.2842 13.3027 13.3287 13.3621 13.4030 13.4514 13.5073 13.5709 13.6420 13.7208 13.8073 13.9015 14.0037 14.1137 14.2318
15.0000 15.0000 15.0000 15.0000 15.0000 15.0000 15.0000 15.0000 15.0000 15.0000 15.0000 15.0000 15.0000 15.0000 15.0000 15.0000 15.0000 15.0000 15.0000 15.0000 15.0000 15.0000 15.0000 15.0000 15.0000 15.0000 15.0000 15.0000 15.0000 14.9210 14.7664 14.6155 14.4730 14.3387 14.2127 14.0947 13.9847 13.8827 13.7884 13.7020 13.6232 13.5522 13.4887 13.4328 13.3844 13.3435 13.3101 13.2842 13.2656 13.2545 13.2508 13.2545 13.2656 13.2842 13.3101 13.3435 13.3844 13.4328 13.4887 13.5522 13.6232 13.7020 13.7884 13.8827 13.9847 14.0947 14.2127
15.0000 15.0000 15.0000 15.0000 15.0000 15.0000 15.0000 15.0000 15.0000 15.0000 15.0000 15.0000 15.0000 15.0000 15.0000 15.0000 15.0000 15.0000 15.0000 15.0000 15.0000 15.0000 15.0000 15.0000 15.0000 15.0000 15.0000 15.0000 15.0000 14.9109 14.7547 14.6039 14.4614 14.3273 14.2013 14.0833 13.9734 13.8713 13.7772 13.6907 13.6120 13.5410 13.4775 13.4216 13.3733 13.3324 13.2990 13.2730 13.2545 13.2434 13.2397 13.2434 13.2545 13.2730 13.2990 13.3324 13.3733 13.4216 13.4775 13.5410 13.6120 13.6907 13.7772 13.8713 13.9734 14.0833 14.2013
15.0000 15.0000 15.0000 15.0000 15.0000 15.0000 15.0000 15.0000 15.0000 15.0000 15.0000 15.0000 15.0000 15.0000 15.0000 15.0000 15.0000 15.0000 15.0000 15.0000 15.0000 15.0000 15.0000 15.0000 15.0000 15.0000 15.0000 15.0000 14.9960 14.9102 14.7508 14.6000 14.4576 14.3234 14.1974 14.0795 13.9696 13.8676 13.7734 13.6870 13.6083 13.5372 13.4738 13.4179 13.3695 13.3287 13.2953 13.2693 13.2508 13.2397 13.2360 13.2397 13.2508 13.2693 13.2953 13.3287 13.3695 13.4179 13.4738 13.5372 13.6083 13.6870 13.7734 13.8676 13.9696 14.0795 14.1974
15.0000 15.0000 15.0000 15.0000 15.0000 15.0000 15.0000 15.0000 15.0000 15.0000 15.0000 15.0000 15.0000 15.0000 15.0000 15.0000 15.0000 15.0000 15.0000 15.0000 15.0000 15.0000 15.0000 15.0000 15.0000 15.0000 15.0000 15.0000 15.0000 14.9109 14.7547 14.6039 14.4614 14.3273 14.2013 14.0833 13.9734 13.8713 13.7772 13.6907 13.6120 13.5410 13.4775 13.4216 13.3733 13.3324 13.2990 13.2730 13.2545 13.2434 13.2397 13.2434 13.2545 13.2730 13.2990 13.3324 13.3733 13.4216 13.4775 13.5410 13.6120 13.6907 13.7772 13.8713 13.9734 14.0833 14.2013
15.0000 15.0000 15.0000 15.0000 15.0000 15.0000 15.0000 15.0000 15.0000 15.0000 15.0000 15.0000 15.0000 15.0000 15.0000 15.0000 15.0000 15.0000 15.0000 15.0000 15.0000 15.0000 15.0000 15.0000 15.0000 15.0000 15.0000 15.0000 15.0000 14.9210 14.7664 14.6155 14.4730 14.3387 14.2127 14.0947 13.9847 13.8827 13.7884 13.7020 13.6232 13.5522 13.4887 13.4328 13.3844 13.3435 13.3101 13.2842 13.2656 13.2545 13.2508 13.2545 13.2656 13.2842 13.3101 13.3435 13.3844 13.4328 13.4887 13.5522 13.6232 13.7020 13.7884 13.8827 13.9847 14.0947 14.2127
15.0000 15.0000 15.0000 15.0000 15.0000 15.0000 15.0000 15.0000 15.0000 15.0000 15.0000 15.0000 15.0000 15.0000 15.0000 15.0000 15.0000 15.0000 15.0000 15.0000 15.0000 15.0000 15.0000 15.0000 15.0000 15.0000 15.0000 15.0000 15.0000 14.9310 14.7858 14.6348 14.4922 14.3579 14.2318 14.1137 14.0037 13.9015 13.8073 13.7208 13.6420 13.5709 13.5073 13.4514 13.4030 13.3621 13.3287 13.3027 13.2842 13.2730 13.2693 13.2730 13.2842 13.3027 13.3287 13.3621 13.4030 13.4514 13.5073 13.5709 13.6420 13.7208 13.8073 13.9015 14.0037 14.1137 14.2318
15.0000 15.0000 15.0000 15.0000 15.0000 15.0000 15.0000 15.0000 15.0000 15.0000 15.0000 15.0000 15.0000 15.0000 15.0000 15.0000 15.0000 15.0000 15.0000 15.0000 15.0000 15.0000 15.0000 15.0000 15.0000 15.0000 15.0000 15.0000 15.0000 14.9449 14.8129 14.6618 14.5191 14.3847 14.2585 14.1403 14.0302 13.9280 13.8336 13.7471 13.6682 13.5970 13.5335 13.4775 13.4291 13.3881 13.3547 13.3287 13.3101 13.2990 13.2953 13.2990 13.3101 13.3287 13.3547 13.3881 13.4291 13.4775 13.5335 13.5970 13.6682 13.7471 13.8336 13.9280 14.0302 14.1403 14.2585
15.0000 15.0000 15.0000 15.0000 15.0000 15.0000 15.0000 15.0000 15.0000 15.0000 15.0000 15.0000 15.0000 15.0000 15.0000 15.0000 15.0000 15.0000 15.0000 15.0000 15.0000 15.0000 15.0000 15.0000 15.0000 15.0000 15.0000 15.0000 15.0000 14.9626 14.8479 14.6966 14.5538 14.4192 14.2928 14.1746 14.0643 13.9620 13.8676 13.7809 13.7020 13.6307 13.5671 13.5111 13.4626 13.4216 13.3881 13.3621 13.3435 13.3324 13.3287 13.3324 13.3435 13.3621 13.3881 13.4216 13.4626 13.5111 13.5671 13.6307 13.7020 13.7809 13.8676 13.9620 14.0643 14.1746 14.2928
15.0000 15.0000 15.0000 15.0000 15.0000 15.0000 15.0000 15.0000 15.0000 15.0000 15.0000 15.0000 15.0000 15.0000 15.0000 15.0000 15.0000 15.0000 15.0000 15.0000 15.0000 15.0000 15.0000 15.0000 15.0000 15.0000 15.0000 15.0000 15.0000 14.9842 14.8907 14.7392 14.5962 14.4614 14.3349 14.2165 14.1061 14.0037 13.9091 13.8223 13.7433 13.6720 13.6083 13.5522 13.5036 13.4626 13.4291 13.4030 13.3844 13.3733 13.3695 13.3733 13.3844 13.4030 13.4291 13.4626 13.5036 13.5522 13.6083 13.6720 13.7433 13.8223 13.9091 14.0037 14.1061 14.2165 14.3349
15.0000 15.0000 15.0000 15.0000 15.0000 15.0000 15.0000 15.0000 15.0000 15.0000 15.0000 15.0000 15.0000 15.0000 15.0000 15.0000 15.0000 15.0000 15.0000 15.0000 15.0000 15.0000 15.0000 15.0000 15.0000 15.0000 15.0000 15.0000 15.0000 15.0000 14.9145 14.7896 14.6464 14.5114 14.3847 14.2661 14.1556 14.0530 13.9582 13.8713 13.7922 13.7208 13.6570 13.6008 13.5522 13.5111 13.4775 13.4514 13.4328 13.4216 13.4179 13.4216 13.4328 13.4514 13.4775 13.5111 13.5522 13.6008 13.6570 13.7208 13.7922 13.8713 13.9582 14.0530 14.1556 14.2661 14.3847
15.0000 15.0000 15.0000 15.0000 15.0000 15.0000 15.0000 15.0000 15.0000 15.0000 15.0000 15.0000 15.0000 15.0000 15.0000 15.0000 15.0000 15.0000 15.0000 15.0000 15.0000 15.0000 15.0000 15.0000 15.0000 15.0000 15.0000 15.0000 15.0000 15.0000 14.9606 14.8479 14.7044 14.5692 14.4422 14.3234 14.2127 14.1099 14.0150 13.9280 13.8487 13.7772 13.7133 13.6570 13.6083 13.5671 13.5335 13.5073 13.4887 13.4775 13.4738 13.4775 13.4887 13.5073 13.5335 13.5671 13.6083 13.6570 13.7133 13.7772 13.8487 13.9280 14.0150 14.1099 14.2127 14.3234 14.4422
15.0000 15.0000 15.0000 15.0000 15.0000 15.0000 15.0000 15.0000 15.0000 15.0000 15.0000 15.0000 15.0000 15.0000 15.0000 15.0000 15.0000 15.0000 15.0000 15.0000 15.0000 15.0000 15.0000 15.0000 15.0000 15.0000 15.0000 15.0000 15.0000 15.0000 15.0000 14.8796 14.7702 14.6348 14.5076 14.3885 14.2776 14.1746 14.0795 13.9923 13.9129 13.8412 13.7772 13.7208 13.6720 13.6307 13.5970 13.5709 13.5522 13.5410 13.5372 13.5410 13.5522 13.5709 13.5970 13.6307 13.6720 13.7208 13.7772 13.8412 13.9129 13.9923 14.0795 14.1746 14.2776 14.3885 14.5076
15.0000 15.0000 15.0000 15.0000 15.0000 15.0000 15.0000 15.0000 15.0000 15.0000 15.0000 15.0000 15.0000 15.0000 15.0000 15.0000 15.0000 15.0000 15.0000 15.0000 15.0000 15.0000 15.0000 15.0000 15.0000 15.0000 15.0000 15.0000 15.0000 15.0000 15.0000 14.9565 14.8440 14.7082 14.5808 14.4614 14.3502 14.2470 14.1517 14.0643 13.9847 13.9129 13.8487 13.7922 13.7433 13.7020 13.6682 13.6420 13.6232 13.6120 13.6083 13.6120 13.6232 13.6420 13.6682 13.7020 13.7433 13.7922 13.8487 13.9129 13.9847 14.0643 14.1517 14.2470 14.3502 14.4614 14.5808
15.0000 15.0000 15.0000 15.0000 15.0000 15.0000 15.0000 15.0000 15.0000 15.0000 15.0000 15.0000 15.0000 15.0000 15.0000 15.0000 15.0000 15.0000 15.0000 15.0000 15.0000 15.0000 15.0000 15.0000 15.0000 15.0000 15.0000 15.0000 15.0000 15.0000 15.0000 15.0000 14.8835 14.7896 14.6618 14.5422 14.4307 14.3273 14.2318 14.1441 14.0643 13.9923 13.9280 13.8713 13.8223 13.7809 13.7471 13.7208 13.7020 13.6907 13.6870 13.6907 13.7020 13.7208 13.7471 13.7809 13.8223 13.8713 13.9280 13.9923 14.0643 14.1441 14.2318 14.3273 14.4307 14.5422 14.6618
15.0000 15.0000 15.0000 15.0000 15.0000 15.0000 15.0000 15.0000 15.0000 15.0000 15.0000 15.0000 15.0000 15.0000 15.0000 15.0000 15.0000 15.0000 15.0000 15.0000 15.0000 15.0000 15.0000 15.0000 15.0000 15.0000 15.0000 15.0000 15.0000 15.0000 15.0000 15.0000 14.9722 14.8790 14.7508 14.6309 14.5191 14.4154 14.3196 14.2318 14.1517 14.0795 14.0150 13.9582 13.9091 13.8676 13.8336 13.8073 13.7884 13.7772 13.7734 13.7772 13.7884 13.8073 13.8336 13.8676 13.9091 13.9582 14.0150 14.0795 14.1517 14.2318 14.3196 14.4154 14.5191 14.6309 14.7508
15.0000 15.0000 15.0000 15.0000 15.0000 15.0000 15.0000 15.0000 15.0000 15.0000 15.0000 15.0000 15.0000 15.0000 15.0000 15.0000 15.0000 15.0000 15.0000 15.0000 15.0000 15.0000 15.0000 15.0000 15.0000 15.0000 15.0000 15.0000 15.0000 15.0000 15.0000 15.0000 15.0000 14.9263 14.8479 14.7276 14.6155 14.5114 14.4154 14.3273 14.2470 14.1746 14.1099 14.0530 14.0037 13.9620 13.9280 13.9015 13.8827 13.8713 13.8676 13.8713 13.8827 13.9015 13.9280 13.9620 14.0037 14.0530 14.1099 14.1746 14.2470 14.3273 14.4154 14.5114 14.6155 14.7276 14.8479
15.0000 15.0000 15.0000 15.0000 15.0000 15.0000 15.0000 15.0000 15.0000 15.0000 15.0000 15.0000 15.0000 15.0000 15.0000 15.0000 15.0000 15.0000 15.0000 15.0000 15.0000 15.0000 15.0000 15.0000 15.0000 15.0000 15.0000 15.0000 15.0000 15.0000 15.0000 15.0000 15.0000 15.0000 14.8990 14.8324 14.7199 14.6155 14.5191 14.4307 14.3502 14.2776 14.2127 14.1556 14.1061 14.0643 14.0302 14.0037 13.9847 13.9734 13.9696 13.9734 13.9847 14.0037 14.0302 14.0643 14.1061 14.1556 14.2127 14.2776 14.3502 14.4307 14.5191 14.6155 14.7199 14.8324 14.9530
15.0000 15.0000 15.0000 15.0000 15.0000 15.0000 15.0000 15.0000 15.0000 15.0000 15.0000 15.0000 15.0000 15.0000 15.0000 15.0000 15.0000 15.0000 15.0000 15.0000 15.0000 15.0000 15.0000 15.0000 15.0000 15.0000 15.0000 15.0000 15.0000 15.0000 15.0000 15.0000 15.0000 15.0000 15.0000 14.8874 14.8324 14.7276 14.6309 14.5422 14.4614 14.3885 14.3234 14.2661 14.2165 14.1746 14.1403 14.1137 14.0947 14.0833 14.0795 14.0833 14.0947 14.1137 14.1403 14.1746 14.2165 14.2661 14.3234 14.3885 14.4614 14.5422 14.6309 14.7276 14.8324 14.9452 15.0664
15.0000 15.0000 15.0000 15.0000 15.0000 15.0000 15.0000 15.0000 15.0000 15.0000 15.0000 15.0000 15.0000 15.0000 15.0000 15.0000 15.0000 15.0000 15.0000 15.0000 15.0000 15.0000 15.0000 15.0000 15.0000 15.0000 15.0000 15.0000 15.0000 15.0000 15.0000 15.0000 15.0000 15.0000 15.0000 15.0000 14.9019 14.8479 14.7508 14.6618 14.5808 14.5076 14.4422 14.3847 14.3349 14.2928 14.2585 14.2318 14.2127 14.2013 14.1974 14.2013 14.2127 14.2318 14.2585 14.2928 14.3349 14.3847 14.4422 14.5076 14.5808 14.6618 14.7508 14.8479 14.9530 15.0664 15.1879
15.0000 15.0000 15.0000 15.0000 15.0000 15.0000 15.0000 15.0000 15.0000 15.0000 15.0000 15.0000 15.0000 15.0000 15.0000 15.0000 15.0000 15.0000 15.0000 15.0000 15.0000 15.0000 15.0000 15.0000 15.0000 15.0000 15.0000 15.0000 15.0000 15.0000 15.0000 15.0000 15.0000 15.0000 15.0000 15.0000 15.0000 14.9765 14.8790 14.7896 14.7082 14.6348 14.5692 14.5114 14.4614 14.4192 14.3847 14.3579 14.3387 14.3273 14.3234 14.3273 14.3387 14.3579 14.3847 14.4192 14.4614 14.5114 14.5692 14.6348 14.7082 14.7896 14.8790 14.9765 15.0820 15.1958 15.3179
15.0000 15.0000 15.0000 15.0000 15.0000 15.0000 15.0000 15.0000 15.0000 15.0000 15.0000 15.0000 15.0000 15.0000 15.0000 15.0000 15.0000 15.0000 15.0000 15.0000 15.0000 15.0000 15.0000 15.0000 15.0000 15.0000 15.0000 15.0000 15.0000 15.0000 15.0000 15.0000 15.0000 15.0000 15.0000 15.0000 15.0000 15.0566 15.0155 14.9257 14.8440 14.7702 14.7044 14.6464 14.5962 14.5538 14.5191 14.4922 14.4730 14.4614 14.4576 14.4614 14.4730 14.4922 14.5191 14.5538 14.5962 14.6464 14.7044 14.7702 14.8440 14.9257 15.0155 15.1134 15.2194 15.3337 15.4563
15.0000 15.0000 15.0000 15.0000 15.0000 15.0000 15.0000 15.0000 15.0000 15.0000 15.0000 15.0000 15.0000 15.0000 15.0000 15.0000 15.0000 15.0000 15.0000 15.0000 15.0000 15.0000 15.0000 15.0000 15.0000 15.0000 15.0000 15.0000 15.0000 15.0000 15.0000 15.0000 15.0000 15.0000 15.0000 15.0000 15.0000 15.2419 15.1604 15.0703 14.9882 14.9141 14.8479 14.7896 14.7392 14.6966 14.6618 14.6348 14.6155 14.6039 14.6000 14.6039 14.6155 14.6348 14.6618 14.6966 14.7392 14.7896 14.8479 14.9141 14.9882 15.0703 15.1604 15.2587 15.3652 15.4800 15.6032
15.0000 15.0000 15.0000 15.0000 15.0000 15.0000 15.0000 15.0000 15.0000 15.0000 15.0000 15.0000 15.0000 15.0000 15.0000 15.0000 15.0000 15.0000 15.0000 15.0000 15.0000 15.0000 15.0000 15.0000 15.0000 15.0000 15.0000 15.0000 15.0000 15.0000 15.0000 15.0000 15.0000 15.0000 15.0000 15.0000 15.0000 15.3333 15.3139 15.2233 15.1408 15.0664 14.9999 14.9413 14.8907 14.8479 14.8129 14.7858 14.7664 14.7547 14.7508 14.7547 14.7664 14.7858 14.8129 14.8479 14.8907 14.9413 14.9999 15.0664 15.1408 15.2233 15.3139 15.4127 15.5197 15.6351 15.7589
