Output/test11_slope_out.asc
ncols           149
nrows           178
xllcorner    0.000000                                       
yllcorner    0.000000                                       
cellsize        20.0000
NODATA_value  -9999.0000
[rows 27 to 53 of 68, columns 0 to 61 of 149]
-9999.0000 -9999.0000 -9999.0000 -9999.0000 -9999.0000 -9999.0000 -9999.0000 -9999.0000 -9999.0000 -9999.0000 -9999.0000 -9999.0000 -9999.0000 -9999.0000 -9999.0000 -9999.0000 -9999.0000 -9999.0000 -9999.0000 -9999.0000 -9999.0000 -9999.0000 -9999.0000 -9999.0000 -9999.0000 -9999.0000 -9999.0000 -9999.0000 -9999.0000 -9999.0000 -9999.0000 -9999.0000 -9999.0000 -9999.0000 -9999.0000 -9999.0000 -9999.0000 -9999.0000 24.6609 24.4619 24.2805 24.0845 23.8396 23.5431 23.1838 22.7419 22.1904 21.6906 22.2188 24.1511 27.8204 35.1243 48.0714 52.4816 58.8368 62.5266 59.9409 57.2707 55.9378 54.0985 51.7338 46.9901
-9999.0000 -9999.0000 -9999.0000 -9999.0000 -9999.0000 -9999.0000 -9999.0000 -9999.0000 -9999.0000 -9999.0000 -9999.0000 -9999.0000 -9999.0000 -9999.0000 -9999.0000 -9999.0000 -9999.0000 -9999.0000 -9999.0000 -9999.0000 -9999.0000 -9999.0000 -9999.0000 -9999.0000 -9999.0000 -9999.0000 -9999.0000 -9999.0000 -9999.0000 -9999.0000 -9999.0000 -9999.0000 -9999.0000 -9999.0000 -9999.0000 -9999.0000 -9999.0000 -9999.0000 24.3508 24.1117 23.8828 23.6199 23.2817 22.8636 22.3404 21.6701 20.7971 20.1748 20.7597 22.4101 25.3642 32.4188 42.2749 52.3625 57.4146 58.4056 58.3798 58.5296 56.9744 54.0060 49.2994 42.5127
-9999.0000 -9999.0000 -9999.0000 -9999.0000 -9999.0000 -9999.0000 -9999.0000 -9999.0000 -9999.0000 -9999.0000 -9999.0000 -9999.0000 -9999.0000 -9999.0000 -9999.0000 -9999.0000 -9999.0000 -9999.0000 -9999.0000 -9999.0000 -9999.0000 -9999.0000 -9999.0000 -9999.0000 -9999.0000 -9999.0000 -9999.0000 -9999.0000 -9999.0000 -9999.0000 -9999.0000 -9999.0000 -9999.0000 -9999.0000 -9999.0000 -9999.0000 -9999.0000 24.2998 24.0156 23.7322 23.4493 23.1085 22.6625 22.1030 21.3884 20.4522 19.2508 18.6446 19.3231 20.6113 22.6637 29.6905 28.2134 38.4372 49.7727 49.6182 54.5243 58.5132 57.4172 53.2981 46.9513 38.9907
-9999.0000 -9999.0000 -9999.0000 -9999.0000 -9999.0000 -9999.0000 -9999.0000 -9999.0000 -9999.0000 -9999.0000 -9999.0000 -9999.0000 -9999.0000 -9999.0000 -9999.0000 -9999.0000 -9999.0000 -9999.0000 -9999.0000 -9999.0000 -9999.0000 -9999.0000 -9999.0000 -9999.0000 -9999.0000 -9999.0000 -9999.0000 -9999.0000 -9999.0000 -9999.0000 -9999.0000 -9999.0000 -9999.0000 -9999.0000 -9999.0000 -9999.0000 24.2988 23.9825 23.6555 23.3237 22.9792 22.5480 21.9776 21.2542 20.3166 19.0724 17.6366 17.1625 17.8865 18.8208 20.0585 29.0068 20.5506 25.2393 40.7341 42.9983 50.7085 57.2235 57.0710 52.2558 44.9297 35.9808
-9999.0000 -9999.0000 -9999.0000 -9999.0000 -9999.0000 -9999.0000 -9999.0000 -9999.0000 -9999.0000 -9999.0000 -9999.0000 -9999.0000 -9999.0000 -9999.0000 -9999.0000 -9999.0000 -9999.0000 -9999.0000 -9999.0000 -9999.0000 -9999.0000 -9999.0000 -9999.0000 -9999.0000 -9999.0000 -9999.0000 -9999.0000 -9999.0000 -9999.0000 -9999.0000 -9999.0000 -9999.0000 -9999.0000 -9999.0000 -9999.0000 -9999.0000 24.0019 23.6455 23.2725 22.8894 22.4736 21.9357 21.2221 20.3084 19.1088 17.5114 16.0459 15.8139 16.4832 17.1970 18.0016 33.9740 34.6406 21.0298 30.2912 38.6653 49.2026 56.3501 55.4845 51.2377 43.9132 32.9517
-9999.0000 -9999.0000 -9999.0000 -9999.0000 -9999.0000 -9999.0000 -9999.0000 -9999.0000 -9999.0000 -9999.0000 -9999.0000 -9999.0000 -9999.0000 -9999.0000 -9999.0000 -9999.0000 -9999.0000 -9999.0000 -9999.0000 -9999.0000 -9999.0000 -9999.0000 -9999.0000 -9999.0000 -9999.0000 -9999.0000 -9999.0000 -9999.0000 -9999.0000 -9999.0000 -9999.0000 -9999.0000 -9999.0000 -9999.0000 -9999.0000 24.0658 23.6912 23.2931 22.8725 22.4355 21.9369 21.2729 20.3894 19.2420 17.7210 15.7893 14.5391 14.6339 15.2199 15.8931 16.9600 37.7729 42.9816 27.0520 28.2118 37.7263 50.8142 56.6298 54.0688 52.0054 47.1369 38.8819
-9999.0000 -9999.0000 -9999.0000 -9999.0000 -9999.0000 -9999.0000 -9999.0000 -9999.0000 -9999.0000 -9999.0000 -9999.0000 -9999.0000 -9999.0000 -9999.0000 -9999.0000 -9999.0000 -9999.0000 -9999.0000 -9999.0000 -9999.0000 -9999.0000 -9999.0000 -9999.0000 -9999.0000 -9999.0000 -9999.0000 -9999.0000 -9999.0000 -9999.0000 -9999.0000 -9999.0000 -9999.0000 -9999.0000 -9999.0000 24.1641 23.7800 23.3681 22.9267 22.4565 21.9621 21.3689 20.5581 19.4722 18.0345 16.1097 13.9930 13.1327 13.5547 14.1918 14.9736 18.1732 36.5048 50.4502 44.8112 34.1789 36.8274 49.8609 54.7827 53.5148 53.9145 51.7043 45.9388
-9999.0000 -9999.0000 -9999.0000 -9999.0000 -9999.0000 -9999.0000 -9999.0000 -9999.0000 -9999.0000 -9999.0000 -9999.0000 -9999.0000 -9999.0000 -9999.0000 -9999.0000 -9999.0000 -9999.0000 -9999.0000 -9999.0000 -9999.0000 -9999.0000 -9999.0000 -9999.0000 -9999.0000 -9999.0000 -9999.0000 -9999.0000 -9999.0000 -9999.0000 -9999.0000 -9999.0000 -9999.0000 -9999.0000 -9999.0000 23.9001 23.4819 23.0300 22.5424 22.0201 21.4624 20.7607 19.7826 18.4658 16.6912 14.3207 12.2764 11.8084 12.3679 13.2490 14.4820 20.4721 30.9457 47.2976 50.9562 41.0637 38.6330 45.3172 47.7207 47.2911 49.7516 49.9710 45.5535
-9999.0000 -9999.0000 -9999.0000 -9999.0000 -9999.0000 -9999.0000 -9999.0000 -9999.0000 -9999.0000 -9999.0000 -9999.0000 -9999.0000 -9999.0000 -9999.0000 -9999.0000 -9999.0000 -9999.0000 -9999.0000 -9999.0000 -9999.0000 -9999.0000 -9999.0000 -9999.0000 -9999.0000 -9999.0000 -9999.0000 -9999.0000 -9999.0000 -9999.0000 -9999.0000 -9999.0000 -9999.0000 -9999.0000 24.0447 23.6249 23.1693 22.6740 22.1365 21.5593 20.9291 20.1003 18.9316 17.3524 15.2012 12.5272 10.8550 10.6598 10.9946 11.9628 14.5236 20.2610 16.6193 33.5552 50.0259 46.7208 42.3132 41.6550 40.7705 37.9505 38.2423 42.9268 43.8946
-9999.0000 -9999.0000 -9999.0000 -9999.0000 -9999.0000 -9999.0000 -9999.0000 -9999.0000 -9999.0000 -9999.0000 -9999.0000 -9999.0000 -9999.0000 -9999.0000 -9999.0000 -9999.0000 -9999.0000 -9999.0000 -9999.0000 -9999.0000 -9999.0000 -9999.0000 -9999.0000 -9999.0000 -9999.0000 -9999.0000 -9999.0000 -9999.0000 -9999.0000 -9999.0000 -9999.0000 -9999.0000 -9999.0000 23.7914 23.3368 22.8403 22.2972 21.7056 21.0705 20.3535 19.3723 17.9831 16.0985 13.5373 10.9642 9.8987 9.8373 9.8425 10.4936 15.2990 18.0500 5.3762 32.8473 48.7120 49.1933 44.2656 38.9447 37.3548 33.3510 26.0176 30.4462 38.3087
-9999.0000 -9999.0000 -9999.0000 -9999.0000 -9999.0000 -9999.0000 -9999.0000 -9999.0000 -9999.0000 -9999.0000 -9999.0000 -9999.0000 -9999.0000 -9999.0000 -9999.0000 -9999.0000 -9999.0000 -9999.0000 -9999.0000 -9999.0000 -9999.0000 -9999.0000 -9999.0000 -9999.0000 -9999.0000 -9999.0000 -9999.0000 -9999.0000 -9999.0000 -9999.0000 -9999.0000 -9999.0000 23.9776 23.5271 23.0338 22.4919 21.8965 21.2469 20.5508 19.7258 18.5586 16.9111 14.6662 11.7788 9.7683 9.3390 9.2679 9.1365 9.8458 14.7573 13.8226 18.0126 35.0143 45.4610 51.0659 46.0211 36.2328 34.3518 30.6423 21.3161 20.4381 27.8502
-9999.0000 -9999.0000 -9999.0000 -9999.0000 -9999.0000 -9999.0000 -9999.0000 -9999.0000 -9999.0000 -9999.0000 -9999.0000 -9999.0000 -9999.0000 -9999.0000 -9999.0000 -9999.0000 -9999.0000 -9999.0000 -9999.0000 -9999.0000 -9999.0000 -9999.0000 -9999.0000 -9999.0000 -9999.0000 -9999.0000 -9999.0000 -9999.0000 -9999.0000 -9999.0000 -9999.0000 24.1815 23.7370 23.2502 22.7142 22.1223 21.4699 20.7584 19.9952 19.0329 17.6362 15.6813 13.0192 10.1989 9.0005 8.9655 8.8968 8.8416 10.1486 11.4721 5.0288 30.1403 42.8232 44.6726 51.0040 44.9155 33.5195 30.1142 27.3055 22.3603 18.8458 21.4455
-9999.0000 -9999.0000 -9999.0000 -9999.0000 -9999.0000 -9999.0000 -9999.0000 -9999.0000 -9999.0000 -9999.0000 -9999.0000 -9999.0000 -9999.0000 -9999.0000 -9999.0000 -9999.0000 -9999.0000 -9999.0000 -9999.0000 -9999.0000 -9999.0000 -9999.0000 -9999.0000 -9999.0000 -9999.0000 -9999.0000 -9999.0000 -9999.0000 -9999.0000 -9999.0000 -9999.0000 23.9649 23.4868 22.9602 22.3772 21.7303 21.0159 20.2389 19.3928 18.2546 16.5778 14.2511 11.2212 9.0389 8.6330 8.7451 8.7965 9.0168 9.9846 6.6219 5.8252 38.3321 49.3967 45.7458 44.9664 38.5383 31.4903 27.5183 24.3457 21.4483 18.4762 19.6480
-9999.0000 -9999.0000 -9999.0000 -9999.0000 -9999.0000 -9999.0000 -9999.0000 -9999.0000 -9999.0000 -9999.0000 -9999.0000 -9999.0000 -9999.0000 -9999.0000 -9999.0000 -9999.0000 -9999.0000 -9999.0000 -9999.0000 -9999.0000 -9999.0000 -9999.0000 -9999.0000 -9999.0000 -9999.0000 -9999.0000 -9999.0000 -9999.0000 -9999.0000 -9999.0000 24.2091 23.7416 23.2269 22.6566 22.0217 21.3145 20.5323 19.6867 18.7291 17.3645 15.3490 12.5742 9.5604 8.3318 8.4759 8.7115 8.9579 9.5437 8.9723 6.1560 15.7488 40.0339 51.4745 43.2550 33.7177 31.7930 28.7216 25.6798 22.7482 19.7319 17.0290 17.2551
-9999.0000 -9999.0000 -9999.0000 -9999.0000 -9999.0000 -9999.0000 -9999.0000 -9999.0000 -9999.0000 -9999.0000 -9999.0000 -9999.0000 -9999.0000 -9999.0000 -9999.0000 -9999.0000 -9999.0000 -9999.0000 -9999.0000 -9999.0000 -9999.0000 -9999.0000 -9999.0000 -9999.0000 -9999.0000 -9999.0000 -9999.0000 -9999.0000 -9999.0000 24.4680 24.0123 23.5115 22.9568 22.3384 21.6465 20.8723 20.0159 19.0999 17.9884 16.3288 13.9010 10.6889 8.3599 8.0956 8.4827 8.8563 9.3317 9.8475 8.1909 11.1990 22.0867 40.6041 51.6211 43.0403 28.6389 28.4622 26.3099 24.1808 21.7199 18.3241 15.9305 18.4680
-9999.0000 -9999.0000 -9999.0000 -9999.0000 -9999.0000 -9999.0000 -9999.0000 -9999.0000 -9999.0000 -9999.0000 -9999.0000 -9999.0000 -9999.0000 -9999.0000 -9999.0000 -9999.0000 -9999.0000 -9999.0000 -9999.0000 -9999.0000 -9999.0000 -9999.0000 -9999.0000 -9999.0000 -9999.0000 -9999.0000 -9999.0000 -9999.0000 -9999.0000 24.2977 23.8121 23.2750 22.6764 22.0050 21.2496 20.4003 19.4662 18.4703 17.1463 15.1010 12.1427 8.8929 7.7650 8.1644 8.6376 9.1605 9.9190 9.7306 9.0134 15.2180 25.6499 40.8379 50.8729 43.4145 27.7941 26.0368 24.4376 23.2861 20.9567 16.0738 14.2781 20.2041
-9999.0000 -9999.0000 -9999.0000 -9999.0000 -9999.0000 -9999.0000 -9999.0000 -9999.0000 -9999.0000 -9999.0000 -9999.0000 -9999.0000 -9999.0000 -9999.0000 -9999.0000 -9999.0000 -9999.0000 -9999.0000 -9999.0000 -9999.0000 -9999.0000 -9999.0000 -9999.0000 -9999.0000 -9999.0000 -9999.0000 -9999.0000 -9999.0000 24.5972 24.1272 23.6092 23.0326 22.3856 21.6552 20.8276 19.8966 18.8882 17.7781 16.1473 13.5788 10.0697 7.7077 7.7655 8.3486 8.9325 9.7083 10.3918 9.5792 11.3173 17.6375 27.4382 39.9648 49.2316 46.1652 31.5990 22.5950 21.8554 24.8513 19.6190 11.8028 18.8812 25.1015
-9999.0000 -9999.0000 -9999.0000 -9999.0000 -9999.0000 -9999.0000 -9999.0000 -9999.0000 -9999.0000 -9999.0000 -9999.0000 -9999.0000 -9999.0000 -9999.0000 -9999.0000 -9999.0000 -9999.0000 -9999.0000 -9999.0000 -9999.0000 -9999.0000 -9999.0000 -9999.0000 -9999.0000 -9999.0000 -9999.0000 -9999.0000 -9999.0000 24.4560 23.9575 23.4045 22.7848 22.0842 21.2871 20.3786 19.3606 18.2777 16.9660 14.8702 11.6065 8.1500 7.3875 8.0401 8.6792 9.4843 10.4983 10.5934 10.0293 13.4387 19.1794 28.0649 38.4146 46.3025 48.1763 40.3149 22.8625 15.1503 24.7659 22.8199 26.4218 29.7273 30.4273
-9999.0000 -9999.0000 -9999.0000 -9999.0000 -9999.0000 -9999.0000 -9999.0000 -9999.0000 -9999.0000 -9999.0000 -9999.0000 -9999.0000 -9999.0000 -9999.0000 -9999.0000 -9999.0000 -9999.0000 -9999.0000 -9999.0000 -9999.0000 -9999.0000 -9999.0000 -9999.0000 -9999.0000 -9999.0000 -9999.0000 -9999.0000 24.7979 24.3193 23.7902 23.1992 22.5319 21.7707 20.8953 19.8914 18.7739 17.5849 15.9290 13.1626 9.2767 7.1522 7.6711 8.4323 9.2810 10.3590 11.1552 10.6175 11.1920 14.9242 20.2134 27.9233 36.4201 42.8416 46.4598 48.0122 35.3629 14.6420 21.1530 34.1249 38.1099 35.5923 33.7119
-9999.0000 -9999.0000 -9999.0000 -9999.0000 -9999.0000 -9999.0000 -9999.0000 -9999.0000 -9999.0000 -9999.0000 -9999.0000 -9999.0000 -9999.0000 -9999.0000 -9999.0000 -9999.0000 -9999.0000 -9999.0000 -9999.0000 -9999.0000 -9999.0000 -9999.0000 -9999.0000 -9999.0000 -9999.0000 -9999.0000 25.1527 24.6933 24.1885 23.6259 22.9919 22.2682 21.4325 20.4595 19.3379 18.1117 16.7326 14.5406 10.8977 7.3571 7.2519 8.2148 9.1073 10.2122 11.3851 11.5691 10.8940 12.4103 15.9528 20.7842 27.3214 34.1195 39.3374 42.0104 48.0774 48.0542 35.0939 33.9836 40.0121 40.8590 39.2436 37.9132
-9999.0000 -9999.0000 -9999.0000 -9999.0000 -9999.0000 -9999.0000 -9999.0000 -9999.0000 -9999.0000 -9999.0000 -9999.0000 -9999.0000 -9999.0000 -9999.0000 -9999.0000 -9999.0000 -9999.0000 -9999.0000 -9999.0000 -9999.0000 -9999.0000 -9999.0000 -9999.0000 -9999.0000 -9999.0000 -9999.0000 25.0777 24.5955 24.0609 23.4590 22.7729 21.9792 21.0500 19.9566 18.6989 17.3607 15.6326 12.6188 8.3107 6.8160 7.9709 8.9838 10.1069 11.3947 12.2209 11.7258 11.5465 13.4639 16.6146 20.8917 26.4222 31.6997 35.7730 37.8588 43.4170 49.4634 45.5222 45.3599 47.9497 47.1144 44.2022 40.8074
-9999.0000 -9999.0000 -9999.0000 -9999.0000 -9999.0000 -9999.0000 -9999.0000 -9999.0000 -9999.0000 -9999.0000 -9999.0000 -9999.0000 -9999.0000 -9999.0000 -9999.0000 -9999.0000 -9999.0000 -9999.0000 -9999.0000 -9999.0000 -9999.0000 -9999.0000 -9999.0000 -9999.0000 -9999.0000 25.4719 25.0100 24.5016 23.9323 23.2838 22.5345 21.6556 20.6119 19.3739 17.9718 16.4646 14.1200 9.9850 6.6352 7.6028 8.9270 10.0768 11.4003 12.6166 12.7223 11.8772 12.2383 14.2374 16.9829 20.6891 25.2777 29.3273 32.4363 34.4343 39.5985 46.7891 46.7274 45.6423 44.9847 41.3205 38.6520 36.2412
-9999.0000 -9999.0000 -9999.0000 -9999.0000 -9999.0000 -9999.0000 -9999.0000 -9999.0000 -9999.0000 -9999.0000 -9999.0000 -9999.0000 -9999.0000 -9999.0000 -9999.0000 -9999.0000 -9999.0000 -9999.0000 -9999.0000 -9999.0000 -9999.0000 -9999.0000 -9999.0000 -9999.0000 25.8753 25.4341 24.9494 24.4114 23.8021 23.0987 22.2738 21.2902 20.1048 18.6942 17.1545 15.2829 11.8676 7.1914 7.0726 8.8842 10.1118 11.4635 12.9072 13.6420 12.9614 12.2139 12.9460 14.7392 17.1226 20.3290 23.9961 27.0945 29.6824 32.3356 37.5237 43.8659 45.6876 42.6876 32.0011 25.0984 30.7836 33.3633
-9999.0000 -9999.0000 -9999.0000 -9999.0000 -9999.0000 -9999.0000 -9999.0000 -9999.0000 -9999.0000 -9999.0000 -9999.0000 -9999.0000 -9999.0000 -9999.0000 -9999.0000 -9999.0000 -9999.0000 -9999.0000 -9999.0000 -9999.0000 -9999.0000 -9999.0000 -9999.0000 -9999.0000 25.8674 25.4079 24.8978 24.3259 23.6704 22.9016 21.9835 20.8679 19.5041 17.8953 16.1727 13.5238 8.7131 6.4126 8.6808 10.2226 11.6026 13.1524 14.3520 14.1653 12.9908 12.5505 13.4692 15.0291 17.1354 19.8654 22.7097 25.1765 28.0140 32.0512 37.1806 42.4009 44.2593 40.1324 28.5128 28.2243 30.3850 31.9238
-9999.0000 -9999.0000 -9999.0000 -9999.0000 -9999.0000 -9999.0000 -9999.0000 -9999.0000 -9999.0000 -9999.0000 -9999.0000 -9999.0000 -9999.0000 -9999.0000 -9999.0000 -9999.0000 -9999.0000 -9999.0000 -9999.0000 -9999.0000 -9999.0000 -9999.0000 -9999.0000 26.3070 25.8750 25.3957 24.8570 24.2457 23.5357 22.6874 21.6514 20.3639 18.7692 16.9581 14.7928 10.6770 6.2167 8.2599 10.4072 11.8347 13.4505 14.9602 15.3157 14.1642 12.9097 12.8532 13.7699 15.1597 17.0403 19.3522 21.6147 24.0476 28.0179 33.5118 38.1305 41.9544 42.7752 39.6914 39.6673 33.8874 28.1875 27.7411
-9999.0000 -9999.0000 -9999.0000 -9999.0000 -9999.0000 -9999.0000 -9999.0000 -9999.0000 -9999.0000 -9999.0000 -9999.0000 -9999.0000 -9999.0000 -9999.0000 -9999.0000 -9999.0000 -9999.0000 -9999.0000 -9999.0000 -9999.0000 -9999.0000 -9999.0000 -9999.0000 26.3485 25.9016 25.4005 24.8296 24.1718 23.3957 22.4463 21.2525 19.7286 17.8379 15.7734 12.5338 7.0147 7.3706 10.4814 12.1612 13.8530 15.5862 16.4307 15.5462 13.8112 12.8269 13.0695 13.9425 15.2232 16.8740 18.8152 20.9794 24.3814 29.9423 36.0967 39.6127 41.5940 38.0443 41.4502 47.9767 37.8934 24.1081 20.8703
-9999.0000 -9999.0000 -9999.0000 -9999.0000 -9999.0000 -9999.0000 -9999.0000 -9999.0000 -9999.0000 -9999.0000 -9999.0000 -9999.0000 -9999.0000 -9999.0000 -9999.0000 -9999.0000 -9999.0000 -9999.0000 -9999.0000 -9999.0000 -9999.0000 -9999.0000 26.8263 26.4140 25.9520 25.4265 24.8175 24.1023 23.2397 22.1517 20.7368 18.8832 16.6795 13.9988 8.8612 6.2933 10.3564 12.6004 14.3873 16.3136 17.5561 17.0023 15.0332 13.2631 12.7661 13.1777 14.0092 15.1528 16.6133 18.3892 21.2868 26.5414 33.3822 39.5435 41.9355 41.1334 43.9837 49.8869 51.1050 39.5952 18.9694 17.8393
