Output/test6_slope_out.asc
ncols           149
nrows           178
xllcorner    0.000000                                       
yllcorner    0.000000                                       
cellsize        20.0000
NODATA_value  -9999.0000
[rows 58 to 86 of 120, columns 65 to 129 of 149]
27.5255 15.8406 15.3405 19.6192 24.5051 33.4597 42.0285 46.3813 45.5250 40.7027 37.8410 41.2305 47.6742 52.0343 50.4372 48.1115 46.5873 37.7486 29.4288 22.9756 40.5092 53.0786 50.4094 42.4620 33.7041 26.9248 26.2845 25.9262 18.2632 8.7127 10.1182 24.3467 34.7305 39.4318 41.9757 46.5548 52.6065 51.4597 51.8901 52.8522 54.6495 56.0209 55.5864 53.8061 51.2956 49.3932 49.2514 50.0143 49.2981 46.5730 42.2484 34.1704 22.0429 16.2848 22.7138 30.8723 32.5922 28.4558 28.5026 33.3218 40.9573 46.6097 42.0408 32.4675 28.2939
18.5116 12.5632 19.3005 23.1070 25.6603 35.7822 43.8395 47.4556 47.4766 45.7277 45.8436 49.2057 51.9684 53.5719 51.7534 50.9859 49.9981 43.0464 43.4764 46.3666 54.6639 57.9263 43.4566 20.2551 11.2521 21.7445 32.4141 40.4113 43.8795 43.1482 42.4610 52.4190 53.3704 51.4386 50.3683 51.2453 51.9338 49.1751 50.7754 54.9209 56.8733 56.1878 53.2200 48.8270 43.7312 39.5388 37.6009 36.8746 34.1208 31.6359 30.6409 26.7719 20.1338 15.7305 19.7019 27.7168 32.0445 29.2469 25.9114 28.6185 35.3401 42.2597 44.7632 40.2262 33.3255
16.3017 21.6702 29.0588 32.4512 35.4990 42.9127 48.9590 51.0744 50.7249 50.0829 50.5033 51.5070 51.2469 51.6811 50.8010 51.2197 51.5921 48.6543 52.2171 57.9355 60.3636 51.8806 20.2216 7.8548 20.1410 28.9817 36.4829 43.0300 48.9167 55.2520 59.5300 60.4882 55.8423 53.2212 53.4138 54.2692 54.1352 51.5798 51.1452 55.1762 56.1239 53.3426 49.6148 45.3422 41.1027 37.7451 34.6962 31.2166 28.1531 27.0374 28.6074 31.6699 34.4687 34.3987 32.8418 32.4971 33.1453 30.6597 27.9204 29.2823 31.5821 33.8754 36.7322 36.7870 31.3937
29.0522 29.8738 35.1566 38.5681 40.2137 45.8283 51.7661 52.4497 51.5038 51.1544 51.3890 51.6988 51.9960 52.5336 51.3173 53.4444 52.7377 48.5723 48.5884 51.9200 49.8739 29.6704 22.4242 23.9860 27.7215 32.2102 36.8562 41.4585 46.1133 52.0704 57.1219 56.6167 53.1861 53.3936 54.7328 55.8135 56.2280 55.5109 56.4581 56.8459 54.0402 50.5796 47.1862 43.5802 40.3536 37.4317 34.2918 31.3805 29.4985 28.7507 29.4080 32.1902 38.5289 43.2100 41.4232 38.2967 36.9442 34.1444 30.5209 29.7795 29.8020 29.5879 28.4921 29.9047 28.8705
40.5343 35.9359 36.6957 40.1907 41.3912 48.0616 53.9726 52.7633 51.3080 50.9251 51.1013 51.4970 52.1039 52.6646 53.3454 51.3345 45.6711 39.3606 35.5232 33.3975 14.6670 26.9382 35.7766 33.6785 33.8508 35.8354 38.3386 41.0602 44.1140 47.2536 49.0114 48.0206 49.6514 53.4897 55.5959 56.9801 58.0736 59.9697 61.2672 58.0793 52.7813 48.9801 45.5821 42.3601 39.4645 36.7747 34.0843 31.6607 30.0048 29.2253 29.4023 31.0266 35.2985 38.1623 39.6882 38.6071 36.1013 33.8318 31.3677 29.9047 29.3939 28.8688 28.0982 27.8184 25.4254
46.2358 41.3696 40.2932 43.6550 46.4274 53.0019 56.2408 53.1612 51.0845 50.2269 50.4175 51.1595 51.9738 52.2214 51.3257 39.2020 25.4541 22.0134 15.6173 15.9600 17.9209 35.5393 42.1308 39.6735 38.7755 39.1034 39.8058 40.8196 42.1546 42.8822 40.9230 42.0623 49.8251 55.1089 57.1809 58.4105 59.2585 60.3398 59.3306 55.2641 51.1074 47.3959 44.1489 41.2515 38.6426 36.2664 33.9019 31.6018 29.8158 28.7146 28.2406 28.6876 31.0256 29.8019 33.7134 36.2084 34.1852 33.1691 31.5669 29.8805 29.6687 29.6905 30.5921 28.7942 24.0595
49.0457 44.7680 44.8648 48.7038 52.6829 56.8065 57.0194 53.7143 50.8062 48.6782 49.0969 50.9734 52.1634 51.6891 47.3892 33.4931 18.5913 7.9779 6.4471 18.8812 28.9156 40.6850 45.4999 43.0545 42.3585 41.9375 41.0704 40.1945 39.9643 40.1924 39.3255 47.2472 56.6200 58.7527 59.5561 59.9851 59.6918 58.0211 53.9346 50.2374 48.2496 45.0577 42.5231 40.3011 38.1384 35.9765 33.6705 31.2483 29.0580 27.1842 25.5695 24.5891 24.1778 18.9736 26.5137 33.7019 33.7916 33.8512 32.5636 31.5116 31.5894 31.4217 32.0998 29.1108 22.1414
47.8815 48.1341 51.0255 54.7347 57.5040 55.2092 55.2585 56.8816 53.0289 46.9152 46.9947 51.9386 52.9486 50.6871 41.0663 26.0347 9.8925 12.5246 23.9715 34.1049 45.9656 53.0876 52.4259 48.8961 48.4993 48.0100 46.5040 45.4833 46.3472 48.7625 50.7517 57.2001 62.0834 60.9737 60.9952 60.5183 57.2927 50.7107 42.7680 39.1655 41.3863 41.2620 40.3855 39.5260 37.9061 35.4899 33.0749 30.6824 27.6722 24.2101 20.9783 18.1545 14.5070 9.1416 19.3439 30.8508 33.5461 34.1907 33.8178 33.3693 34.3411 34.5591 34.5933 30.5547 20.7535
46.2802 55.4086 58.6630 60.2944 60.2360 55.3288 57.6912 60.1660 55.3645 53.5806 54.2843 57.1888 54.9738 47.0566 26.6342 8.1613 23.5831 40.6053 47.3449 53.0354 56.5674 56.1974 53.6818 53.7751 55.2814 54.7582 53.9254 55.1662 57.6024 59.4582 60.0418 61.3927 61.9805 59.0473 57.7371 53.4969 44.3304 34.3312 26.1803 22.3390 25.6821 28.7345 29.6561 29.6566 28.7454 26.6441 24.0431 21.9575 20.0616 17.4118 13.9772 10.0052 6.3594 4.3513 11.6205 25.5760 31.8506 33.3019 35.0979 37.3549 39.5246 39.4742 37.4187 32.6981 23.7755
51.6773 61.6360 62.7478 61.6215 59.1992 56.9588 61.4012 61.0465 53.2232 53.4578 55.7221 53.9738 44.2018 23.2155 13.8030 33.4040 47.4712 53.2869 56.1564 57.2958 53.9580 49.3208 50.5440 56.2765 58.2413 57.4788 57.2500 59.4244 62.1120 63.0576 62.6606 61.8703 59.9186 55.0927 48.7783 36.1322 23.1164 19.5723 17.4418 14.7739 12.5617 11.7178 11.9546 11.9995 12.4048 12.0885 10.6875 9.6994 9.8353 10.1010 9.0633 6.3049 3.7140 2.0203 4.7809 17.3670 27.3647 30.6097 32.9510 37.0863 41.5778 41.5151 37.8568 32.4428 26.4290
58.2261 62.8415 61.6998 57.8942 53.5600 51.9048 55.5914 51.8610 40.7733 38.8019 35.6881 25.7425 19.6464 30.2226 40.9789 47.7779 52.2882 54.2459 56.4690 54.0553 50.0576 52.6679 58.3071 60.7084 59.3263 57.7187 57.2189 58.3633 59.8583 60.0510 59.8870 59.6871 57.4066 50.2175 38.7773 25.1467 17.9431 16.6795 15.6112 14.8525 11.1896 5.9906 5.3033 6.2776 7.6715 9.4207 9.8165 7.6260 6.1056 7.2039 7.9080 6.9450 4.8122 2.1474 1.8035 9.5883 21.3845 27.1644 28.8819 37.1774 42.2563 34.8580 34.2627 30.7275 26.9363
58.7160 60.5574 58.8261 54.7073 50.6054 48.3963 47.9414 41.6400 30.4544 23.3353 10.2672 14.7207 27.7431 37.8790 44.8759 48.8272 51.0546 52.9057 54.1918 51.7611 53.7879 60.0110 62.9900 61.8182 58.6489 56.4012 55.5150 55.2082 54.3760 52.8912 52.5184 53.1207 51.7093 47.7666 42.5397 36.0106 31.1337 27.5334 24.3376 23.6113 20.0673 12.4776 6.9268 6.2007 8.3027 10.6933 10.8962 7.1534 4.4083 5.5115 6.8692 7.3976 6.7316 4.0288 1.9259 2.8073 11.3563 18.8576 23.9581 43.6084 44.8908 31.1624 33.7544 32.2636 27.0345
55.5047 57.3410 56.4071 53.7757 51.1361 48.1816 45.4915 42.2744 31.4672 12.5570 8.2075 20.0476 30.8173 39.1479 44.5850 47.5735 49.6149 51.0280 51.0472 51.2194 56.4927 61.8863 62.6092 59.4814 55.7279 53.9542 53.4268 52.6114 51.1020 49.4247 48.3833 48.5161 49.2978 49.4565 47.8864 44.0224 40.3944 37.0375 33.7642 32.6862 31.0781 25.5204 16.1516 9.7013 10.5319 11.3486 10.3067 6.9301 4.1919 4.1698 5.3855 6.7059 7.7006 9.6417 9.8824 6.1282 6.1138 11.6389 19.2945 38.2342 46.3104 42.1499 38.4558 35.5993 31.2912
53.3813 55.3337 54.9033 53.3172 50.9938 47.6801 44.1193 40.1625 26.5468 14.7661 22.7429 28.3305 35.4310 41.4237 45.2800 47.2867 48.8062 50.0163 50.8145 53.5705 57.7943 60.1050 57.8944 53.6302 51.8328 51.8220 51.7950 51.1754 50.2842 49.4014 48.5149 47.9179 48.7166 47.0434 44.5340 41.5972 39.3793 37.6306 36.0090 34.8076 33.7643 31.5624 24.8458 16.5285 12.5612 10.0991 9.2629 7.2783 5.0163 3.9627 4.5112 5.3218 8.9648 16.2140 20.1691 18.6413 13.0201 10.6639 16.2730 24.8940 35.3737 41.5658 41.7700 39.0658 36.5323
53.0275 54.8789 54.7706 53.3147 50.6092 46.7107 41.8610 35.1521 18.3189 22.7853 34.2274 36.2089 40.4587 44.4294 46.6520 47.5009 48.2092 49.2189 51.2264 55.3481 57.9076 55.6093 50.0117 47.0476 48.7939 50.3392 50.6806 50.3375 49.7397 49.0628 48.1158 46.8552 45.7692 40.6320 40.0026 39.5232 38.6722 37.9391 37.0605 36.1755 35.3015 33.9701 32.1105 25.1260 12.7695 8.4375 9.1080 7.9103 5.7874 4.1178 4.0977 4.3861 12.6803 22.2797 27.2000 30.4414 25.4769 12.1654 13.6710 17.4721 25.8402 40.1235 46.1352 42.9702 40.2685
55.3108 55.5707 55.0197 53.3858 50.2765 45.1983 37.3567 24.5934 3.8654 28.9945 40.6481 42.6004 45.2519 47.8307 48.4568 47.5443 46.9163 47.9909 52.2110 58.0545 58.6861 51.9428 46.8593 47.6248 48.7584 50.0720 50.3570 50.0041 49.3663 48.6131 47.2831 45.1201 41.1373 33.8441 35.2530 37.6313 38.5005 38.5310 38.1412 37.7145 37.3293 37.0362 38.4690 31.7497 15.3446 10.3171 10.9007 9.5546 6.6087 3.9254 3.5327 2.8881 17.0857 34.6597 41.1997 45.5018 40.9251 14.6001 11.5965 12.1028 14.3485 32.8521 47.4894 46.3689 44.0319
58.6445 56.6144 56.4609 54.1664 46.6283 35.3977 20.4500 4.5390 24.7841 40.2899 46.5827 48.3891 49.6149 50.3641 50.0143 49.3942 49.0817 49.4246 54.7913 60.1972 57.6667 52.2064 53.8839 54.6162 52.0318 51.2819 50.7325 49.9089 49.2637 48.0586 45.8842 42.4548 35.7585 28.9409 30.6163 35.7124 38.9551 39.7993 39.4752 39.2816 39.7131 40.5623 41.6271 33.9972 18.7433 15.2876 15.5888 12.9978 8.2455 3.6004 2.4580 1.4239 21.6505 48.3413 44.1062 50.7332 50.4359 18.9225 10.4592 8.5496 6.6937 25.3184 45.3839 48.2517 47.0963
58.8577 57.2298 54.5330 45.2560 28.6497 15.8482 11.6800 24.6952 38.0056 45.5891 49.3150 50.9778 51.5010 52.0321 52.6784 52.8312 52.6630 52.0296 55.6125 58.7019 53.4687 49.9566 54.2963 54.7718 52.6906 50.9573 48.6949 47.5975 46.7292 44.5283 41.4925 37.2619 32.5011 29.9333 29.7733 33.6140 37.3923 37.9332 37.1032 37.5829 40.4160 43.5829 43.0574 34.4570 19.0557 13.3346 16.1288 15.3853 10.8533 4.5314 1.4649 1.0297 23.5393 51.6958 33.3423 48.0542 50.5916 23.0118 9.3575 6.6968 5.0484 18.8083 40.9491 48.2991 48.5134
56.7764 58.5198 48.2864 25.1154 17.9990 13.0306 14.3943 30.8961 40.6145 44.3087 49.2302 51.9965 51.3016 53.1709 56.1797 56.1648 54.1302 51.7891 52.9016 55.7484 52.1586 49.8377 53.0448 52.8525 50.7032 47.9281 44.4365 42.9365 40.8380 37.5566 34.5168 31.1013 30.2147 32.1988 33.6993 33.3774 34.2428 33.7734 32.1266 33.7616 39.9685 44.4758 43.2053 36.3568 24.2963 15.7064 15.6679 16.6720 13.6643 6.5753 1.8605 0.5237 21.0441 44.7939 41.5253 44.8696 44.1672 22.7493 7.8388 6.5462 5.2593 10.1070 31.7779 44.5043 46.5505
58.3287 58.0166 37.8012 16.0035 10.3815 6.8903 19.0477 38.6155 45.4457 48.6112 55.6776 56.9693 51.5292 53.9245 60.0544 59.7331 56.3685 53.5269 53.2222 55.8310 54.4371 52.8998 55.0317 55.7654 50.0131 44.7799 41.7772 39.8780 37.2271 33.9926 31.3824 29.3588 29.3342 31.3958 32.3396 30.5256 35.6631 33.1642 29.8691 32.0762 39.3485 43.4886 42.2303 37.4241 29.7301 21.8452 19.1710 20.8910 18.4566 8.9002 2.0414 1.0476 14.2776 31.6603 34.5004 36.8356 34.6982 16.2695 6.0077 7.2705 6.6482 6.0364 20.0245 35.8703 42.0493
57.6400 52.6684 31.8100 3.9551 3.7180 13.6211 35.6782 47.6956 50.8483 53.2878 58.2685 56.7434 51.3788 56.7834 62.2060 58.9010 52.9135 52.6338 55.3176 56.8267 55.3547 53.3412 50.9164 51.5054 45.0172 38.4397 39.6028 38.6235 36.7845 34.1118 31.5914 30.0561 29.5214 29.1586 26.4328 31.0239 38.9483 33.2119 27.8847 30.6846 38.6306 42.4055 41.0701 37.4636 30.8645 21.7500 18.0395 23.2161 23.5982 10.8615 1.6166 2.4184 8.5083 21.6892 29.1118 28.9894 21.0129 7.0406 4.5892 7.7503 7.5551 5.7959 11.9642 27.3466 36.9903
54.2708 48.5150 32.7727 7.5047 19.1357 34.8826 46.3700 51.0941 52.5230 53.8934 55.9354 53.5485 51.7077 57.6293 59.6513 54.3820 47.4864 46.9246 50.3673 52.4527 52.4009 51.8971 49.4719 49.0424 44.7695 34.0100 34.5657 34.5192 31.9238 28.2429 25.5743 23.7140 21.2381 16.2754 15.0523 31.2168 38.8410 32.7217 25.6010 27.5442 36.2071 41.1259 40.6396 37.3503 30.3357 21.0353 18.8854 24.8096 24.9363 12.5669 6.9694 12.8167 16.7297 19.6076 22.4175 20.4095 13.2708 6.7578 5.1057 8.4338 8.5088 7.0916 7.3664 23.5674 40.5327
51.1510 45.6235 29.4366 11.9400 33.7301 43.0432 47.6684 50.3142 52.1125 53.3083 54.2266 53.7114 53.5144 55.3757 55.0573 51.4568 47.5488 45.6443 45.6665 46.7383 48.6834 50.2735 51.0403 50.9156 46.5959 39.3491 32.6910 27.2572 22.2456 17.9983 15.3806 12.4551 12.3514 15.4744 22.2131 30.5123 35.1043 31.6245 25.3750 25.8858 32.6314 39.6228 42.7135 39.9222 30.4325 21.5270 22.3640 24.2075 22.6545 17.4687 17.8429 23.4245 23.5819 22.0410 20.9603 19.7166 17.9215 15.1416 10.0833 8.8670 10.2616 10.6684 12.2804 24.5291 41.9447
47.9301 41.2841 20.4595 22.8710 40.6847 45.3805 48.1684 50.2326 51.8173 52.8975 53.6433 53.8559 53.8304 53.8215 52.5962 50.1841 47.9664 46.6269 46.0158 46.2380 48.1891 49.8710 49.9919 46.2010 40.7127 35.4806 27.2193 20.5447 16.2761 13.9658 11.7944 12.9502 18.6846 22.3026 25.1739 28.0827 31.1650 29.7845 25.0220 24.6433 29.0090 37.9957 45.2180 42.6659 30.3220 21.8546 23.6818 22.4875 22.2551 26.7672 27.8365 26.6013 24.5695 23.0602 22.0007 20.9641 19.8297 18.6222 14.7958 8.7793 11.5206 13.2351 15.9550 22.5714 39.0288
43.9274 35.3953 11.5411 33.3944 43.3690 46.4556 48.7146 50.4677 51.8095 52.7544 53.4643 53.9067 53.8065 52.8767 51.2899 49.6642 48.3392 47.4142 46.8234 47.2860 49.3101 50.3247 49.5249 44.5861 31.6169 21.2943 16.9994 15.4518 14.4715 13.0144 13.0178 19.5282 23.3430 24.8426 26.1714 27.3993 28.7744 26.5006 22.5694 22.6218 25.4620 36.1819 46.6083 43.5257 31.0338 25.0376 25.1710 22.7141 25.0286 35.5733 35.8181 28.5644 25.5671 24.1348 23.1731 22.3618 21.5553 20.6023 18.5341 9.6885 11.9004 16.4000 19.3298 21.7443 37.0130
38.5130 25.1718 17.9245 38.8710 44.1320 47.0553 49.2240 50.8447 52.0242 52.8625 53.5976 54.0763 53.9395 52.8653 51.2756 49.9419 48.9336 48.4155 49.8623 51.4283 51.5168 50.6846 47.8216 39.4665 23.9211 18.6541 17.3473 13.3870 12.9062 11.3362 16.5692 25.0199 26.3974 26.6485 26.8687 27.0361 26.2081 21.9426 19.5356 21.4545 24.2757 35.4837 46.0463 42.5530 31.6437 27.6601 26.7503 25.7704 32.8996 45.4393 43.6669 32.3482 27.3114 25.5996 24.5986 23.8610 23.1965 22.4504 22.2844 13.8152 12.5078 22.0131 25.0157 27.9127 38.0959
30.8126 11.2187 25.4019 40.1608 44.1550 47.3159 49.7749 51.4480 52.5306 53.3221 53.9833 53.8244 53.3434 53.0939 52.3385 51.2964 49.8176 49.2059 51.5806 51.7970 50.0935 47.8998 40.9144 28.8150 17.7813 18.9514 16.6182 11.9812 11.2246 11.3671 21.7149 29.6970 28.7144 27.8325 27.1396 26.3364 23.3354 17.0198 17.0382 22.2573 27.7922 37.4134 43.9354 41.1061 33.0568 28.9827 27.8877 29.6454 40.8940 52.2129 46.1747 33.4200 28.7354 26.8789 26.3038 25.7365 25.0950 24.4188 25.0801 18.8521 14.4933 30.4789 32.1243 34.5488 40.0603
20.5527 8.3476 29.7905 40.4498 44.5428 47.2382 50.6449 52.9053 53.9260 54.1296 54.1312 52.2421 51.0245 53.4573 53.8117 51.7062 48.6260 47.9481 50.1739 48.8876 45.1775 39.0852 28.7402 20.4907 16.0527 14.0410 10.2611 8.6510 9.4291 12.3711 27.0599 34.0776 30.3925 28.4118 27.0598 25.2871 20.1519 13.0593 14.4088 22.9982 31.6884 38.8009 42.3343 40.4702 34.1835 29.9691 29.4383 31.1772 41.8626 52.3022 42.1084 16.5988 22.8802 26.3883 28.6374 28.6698 27.3412 26.4394 26.4442 21.5730 27.1598 41.7416 39.8196 38.9777 43.4115
33.8986 41.5215 47.2552 50.1303 51.6132 52.5981 55.0995 56.3157 55.8161 54.3008 53.2634 50.0589 46.8304 53.3022 54.9697 49.3776 44.8180 45.1516 49.1409 47.2340 38.8696 28.9862 21.6067 18.1888 13.6993 7.7713 5.9507 8.0954 12.9829 22.3823 35.6012 37.6970 31.1312 28.1468 26.5763 22.1406 14.7707 11.5702 14.1311 21.9011 32.7874 39.9186 42.5514 41.1115 34.1655 28.8314 29.2610 30.2693 36.7378 48.4718 50.8991 41.1320 25.2106 11.1616 4.2228 14.3658 21.5709 26.0370 27.0648 27.4967 33.8730 40.7473 40.0079 39.1123 44.5206
