Output/test0_newDEM_out.asc
ncols           149
nrows           178
xllcorner    0.000000                                       
yllcorner    0.000000                                       
cellsize        20.0000
NODATA_value  -9999.0000
[rows 52 to 77 of 96, columns 0 to 58 of 149]
-9999.0000 -9999.0000 -9999.0000 -9999.0000 -9999.0000 -9999.0000 -9999.0000 -9999.0000 -9999.0000 -9999.0000 -9999.0000 -9999.0000 -9999.0000 -9999.0000 -9999.0000 -9999.0000 -9999.0000 -9999.0000 -9999.0000 -9999.0000 -9999.0000 2345.5979 2335.7612 2326.0999 2316.6284 2307.3647 2298.3303 2289.5535 2281.0659 2272.9163 2265.1721 2257.9238 2251.2876 2245.3782 2240.1201 2236.2373 2235.5273 2236.4958 2237.6660 2239.0962 2240.8552 2243.0090 2244.9329 2245.6436 2245.0015 2243.0203 2240.5071 2237.5305 2234.0295 2230.0703 2225.9351 2222.9736 2222.0557 2224.4863 2227.5225 2227.3298 2220.8042 2217.8328 2187.7043
-9999.0000 -9999.0000 -9999.0000 -9999.0000 -9999.0000 -9999.0000 -9999.0000 -9999.0000 -9999.0000 -9999.0000 -9999.0000 -9999.0000 -9999.0000 -9999.0000 -9999.0000 -9999.0000 -9999.0000 -9999.0000 -9999.0000 -9999.0000 2353.0173 2343.0017 2333.1541 2323.4871 2314.0176 2304.7666 2295.7595 2287.0305 2278.6179 2270.5815 2263.0107 2256.0271 2249.7803 2244.3538 2239.7361 2237.7600 2238.9092 2240.3438 2242.0347 2244.0723 2246.5142 2249.0166 2250.4119 2250.4648 2249.1516 2247.0667 2244.7214 2241.9724 2238.9382 2235.5637 2232.9854 2232.1975 2234.1030 2239.3806 2245.1177 2244.7932 2236.8247 2205.2935 2183.0046
-9999.0000 -9999.0000 -9999.0000 -9999.0000 -9999.0000 -9999.0000 -9999.0000 -9999.0000 -9999.0000 -9999.0000 -9999.0000 -9999.0000 -9999.0000 -9999.0000 -9999.0000 -9999.0000 -9999.0000 -9999.0000 -9999.0000 -9999.0000 2350.3486 2340.3105 2330.4448 2320.7654 2311.2910 2302.0474 2293.0657 2284.3875 2276.0625 2268.1670 2260.8210 2254.1829 2248.4434 2243.4902 2240.3289 2241.1069 2242.8206 2244.8159 2247.1572 2249.9299 2252.9514 2254.9670 2255.6304 2254.9116 2253.1587 2251.2451 2249.0342 2246.6255 2243.9583 2241.5972 2240.8733 2242.5691 2247.6772 2255.1602 2264.8643 2263.9463 2242.1899 2223.6653 2198.0322
-9999.0000 -9999.0000 -9999.0000 -9999.0000 -9999.0000 -9999.0000 -9999.0000 -9999.0000 -9999.0000 -9999.0000 -9999.0000 -9999.0000 -9999.0000 -9999.0000 -9999.0000 -9999.0000 -9999.0000 -9999.0000 -9999.0000 2357.8093 2347.5769 2337.5076 2327.6150 2317.9150 2308.4297 2299.1885 2290.2324 2281.6128 2273.3936 2265.6765 2258.6226 2252.4614 2247.3574 2243.2646 2243.0820 2245.0989 2247.4138 2250.1121 2253.2751 2256.8091 2259.4170 2260.6292 2260.3792 2258.8984 2257.2864 2255.4539 2253.4553 2251.2786 2249.0391 2248.2163 2249.6816 2254.1116 2261.7998 2271.7761 2287.4404 2275.4050 2251.3240 2239.8545 2203.6565
-9999.0000 -9999.0000 -9999.0000 -9999.0000 -9999.0000 -9999.0000 -9999.0000 -9999.0000 -9999.0000 -9999.0000 -9999.0000 -9999.0000 -9999.0000 -9999.0000 -9999.0000 -9999.0000 -9999.0000 -9999.0000 2365.3892 2354.9619 2344.6863 2334.5757 2324.6462 2314.9172 2305.4133 2296.1699 2287.2375 2278.6865 2270.5996 2263.1196 2256.4802 2250.9893 2246.4912 2244.8440 2247.1760 2249.8523 2252.9495 2256.5732 2260.6580 2263.8516 2265.5654 2265.6975 2264.4128 2262.9863 2261.3979 2259.6738 2257.7859 2255.5942 2254.5300 2255.5669 2259.2759 2266.1218 2274.4922 2285.1008 2283.2605 2258.2695 2253.6787 2231.3337 2201.8079
-9999.0000 -9999.0000 -9999.0000 -9999.0000 -9999.0000 -9999.0000 -9999.0000 -9999.0000 -9999.0000 -9999.0000 -9999.0000 -9999.0000 -9999.0000 -9999.0000 -9999.0000 -9999.0000 -9999.0000 -9999.0000 2362.4709 2351.9893 2341.6587 2331.4949 2321.5166 2311.7461 2302.2144 2292.9629 2284.0547 2275.5847 2267.6719 2260.5276 2254.5066 2249.9038 2246.8652 2249.0171 2252.1248 2255.6978 2259.8828 2264.5913 2268.3694 2270.5422 2270.9485 2269.7888 2268.5024 2267.0610 2265.4827 2263.7151 2261.4363 2260.0410 2260.6516 2263.7881 2269.6560 2276.4817 2284.1797 2290.6235 2292.8823 2264.8196 2251.2900 2225.7537 2199.6001
-9999.0000 -9999.0000 -9999.0000 -9999.0000 -9999.0000 -9999.0000 -9999.0000 -9999.0000 -9999.0000 -9999.0000 -9999.0000 -9999.0000 -9999.0000 -9999.0000 -9999.0000 -9999.0000 -9999.0000 2370.1062 2359.4226 2348.8740 2338.4751 2328.2427 2318.1995 2308.3723 2298.7986 2289.5322 2280.6516 2272.2847 2264.6125 2257.9812 2252.9365 2249.2485 2250.6021 2254.1990 2258.3604 2263.2854 2268.7590 2273.1294 2275.6814 2276.1985 2275.0872 2273.8948 2272.5667 2271.0859 2269.3157 2266.7632 2264.9998 2265.2571 2267.9573 2273.0242 2278.3599 2283.7058 2288.3550 2297.1914 2296.4126 2271.2070 2245.4961 2224.0205 2198.9995
-9999.0000 -9999.0000 -9999.0000 -9999.0000 -9999.0000 -9999.0000 -9999.0000 -9999.0000 -9999.0000 -9999.0000 -9999.0000 -9999.0000 -9999.0000 -9999.0000 -9999.0000 -9999.0000 -9999.0000 2366.9873 2356.2263 2345.5972 2335.1128 2324.7935 2314.6646 2304.7612 2295.1282 2285.8333 2276.9875 2268.7678 2261.4624 2255.6873 2251.8699 2251.8398 2256.0461 2260.9436 2266.8442 2273.3184 2278.3838 2281.2454 2281.4929 2280.4028 2279.2595 2277.9929 2276.5518 2274.6187 2271.5059 2269.4944 2269.8662 2272.5615 2276.9180 2279.8767 2281.8044 2284.5825 2301.5911 2294.0273 2272.7900 2254.0706 2237.0801 2216.8049 2196.7053
-9999.0000 -9999.0000 -9999.0000 -9999.0000 -9999.0000 -9999.0000 -9999.0000 -9999.0000 -9999.0000 -9999.0000 -9999.0000 -9999.0000 -9999.0000 -9999.0000 -9999.0000 -9999.0000 2374.6833 2363.7148 2352.8599 2342.1316 2331.5454 2321.1169 2310.8765 2300.8691 2291.1560 2281.8196 2273.0154 2265.0210 2258.3655 2254.1750 2252.6328 2257.4968 2263.3503 2270.6880 2278.4998 2284.3713 2287.4456 2287.1672 2286.1299 2284.9187 2283.5706 2282.0090 2279.2568 2275.0083 2273.1338 2274.8140 2279.2036 2282.4495 2281.5120 2275.4014 2271.2725 2287.6658 2285.0850 2261.3782 2248.1475 2234.0066 2220.6179 2204.3132 2195.0151
-9999.0000 -9999.0000 -9999.0000 -9999.0000 -9999.0000 -9999.0000 -9999.0000 -9999.0000 -9999.0000 -9999.0000 -9999.0000 -9999.0000 -9999.0000 -9999.0000 -9999.0000 2382.5105 2371.3413 2360.2673 2349.2988 2338.4487 2327.7336 2317.1750 2306.7920 2296.6445 2286.8203 2277.4299 2268.7019 2261.0981 2255.7832 2253.5310 2258.4797 2265.4561 2274.7681 2284.2490 2291.1802 2294.0171 2293.6655 2292.9976 2291.9302 2290.6223 2288.2961 2281.2173 2274.6096 2273.9448 2282.6938 2288.4600 2284.6912 2277.7285 2276.6035 2269.7585 2269.0776 2280.8745 2261.9419 2240.0144 2224.1528 2212.4551 2201.0161 2189.8987 2178.7192
-9999.0000 -9999.0000 -9999.0000 -9999.0000 -9999.0000 -9999.0000 -9999.0000 -9999.0000 -9999.0000 -9999.0000 -9999.0000 -9999.0000 -9999.0000 -9999.0000 -9999.0000 2379.1069 2367.8240 2356.6233 2345.5149 2334.5120 2323.6338 2312.9062 2302.3557 2292.0212 2282.0381 2272.5825 2264.0215 2257.3054 2254.7842 2259.0283 2267.5210 2279.5410 2290.7356 2297.9600 2298.8809 2299.6201 2300.5706 2302.2051 2304.8289 2298.2944 2282.6255 2279.4951 2268.0264 2254.5076 2247.6189 2251.5923 2257.5571 2257.8708 2253.7996 2249.2202 2246.0654 2244.3997 2240.7781 2220.6367 2204.7927 2190.9124 2178.1909 2166.7124 2156.3489
-9999.0000 -9999.0000 -9999.0000 -9999.0000 -9999.0000 -9999.0000 -9999.0000 -9999.0000 -9999.0000 -9999.0000 -9999.0000 -9999.0000 -9999.0000 -9999.0000 2387.0071 2375.5283 2364.1111 2352.7595 2341.4792 2330.2812 2319.1860 2308.2251 2297.4465 2286.8879 2276.6733 2267.1499 2259.0120 2255.2246 2259.3440 2270.8064 2287.1042 2299.6794 2299.9001 2299.6667 2300.0317 2303.0828 2307.9961 2305.8350 2297.2808 2280.8242 2264.1763 2253.6729 2243.8137 2232.8171 2229.6853 2231.7512 2234.8025 2235.7148 2231.8389 2227.0991 2222.7507 2218.3035 2212.3677 2199.3628 2183.3503 2168.6802 2155.4656 2143.6184 2133.5710
-9999.0000 -9999.0000 -9999.0000 -9999.0000 -9999.0000 -9999.0000 -9999.0000 -9999.0000 -9999.0000 -9999.0000 -9999.0000 -9999.0000 -9999.0000 2395.0352 2383.3757 2371.7585 2360.1831 2348.6489 2337.1577 2325.7131 2314.3257 2303.0210 2291.8599 2280.9397 2270.3398 2260.7188 2254.0979 2258.9175 2280.9080 2306.9612 2303.6084 2285.9031 2277.7668 2277.5938 2303.7637 2305.3555 2297.5376 2284.9321 2278.9812 2261.8848 2242.3730 2228.1140 2218.8127 2210.9036 2209.4834 2211.6765 2214.1123 2214.3997 2210.2078 2204.8616 2199.3818 2193.5854 2188.3535 2176.7451 2160.4067 2145.5950 2132.2334 2120.4771 2111.0837
-9999.0000 -9999.0000 -9999.0000 -9999.0000 -9999.0000 -9999.0000 -9999.0000 -9999.0000 -9999.0000 -9999.0000 -9999.0000 -9999.0000 -9999.0000 2391.3613 2379.5674 2367.7925 2356.0310 2344.2776 2332.5249 2320.7654 2308.9902 2297.1963 2285.4050 2273.6982 2262.1272 2251.5916 2250.8650 2255.2144 2266.6372 2273.4526 2273.5859 2264.9067 2247.7107 2247.3157 2268.7122 2277.6899 2269.4956 2263.3909 2265.3301 2246.3516 2218.6565 2202.6914 2192.1616 2187.9480 2188.2573 2192.1152 2194.5347 2193.7822 2189.0454 2182.8206 2175.8206 2168.6526 2165.0745 2155.0862 2137.1580 2121.7473 2108.2998 2096.6897 2088.2520
-9999.0000 -9999.0000 -9999.0000 -9999.0000 -9999.0000 -9999.0000 -9999.0000 -9999.0000 -9999.0000 -9999.0000 -9999.0000 -9999.0000 2399.4705 2387.5398 2375.6099 2363.6709 2351.7117 2339.7192 2327.6770 2315.5647 2303.3584 2291.0283 2278.5322 2265.8347 2253.0999 2237.1582 2231.1541 2234.3667 2239.3821 2242.6125 2243.9890 2242.6218 2233.4790 2235.4651 2239.4377 2241.8967 2241.5686 2243.9255 2245.8823 2244.6360 2240.5571 2190.0005 2175.6655 2167.9771 2167.4077 2175.5117 2175.1982 2172.2432 2169.5586 2160.7986 2151.3066 2141.5530 2137.0095 2133.2192 2114.4836 2097.3386 2082.7522 2072.4629 2065.7791
-9999.0000 -9999.0000 -9999.0000 -9999.0000 -9999.0000 -9999.0000 -9999.0000 -9999.0000 -9999.0000 -9999.0000 -9999.0000 -9999.0000 2395.6313 2383.5894 2371.5325 2359.4463 2347.3140 2335.1152 2322.8235 2310.4084 2297.8411 2285.0398 2271.8015 2257.2622 2220.6641 2207.9287 2207.4187 2209.8098 2212.8040 2215.0339 2216.4102 2217.3718 2216.8220 2209.9558 2210.0146 2211.1453 2211.7454 2212.7832 2213.4634 2210.4468 2200.2969 2180.0901 2168.7693 2149.3027 2149.7966 2156.4434 2159.2234 2158.9199 2158.4978 2152.3367 2141.8694 2127.2805 2115.3264 2109.4741 2095.4470 2080.6858 2066.0503 2060.6060 2056.9749
-9999.0000 -9999.0000 -9999.0000 -9999.0000 -9999.0000 -9999.0000 -9999.0000 -9999.0000 -9999.0000 -9999.0000 -9999.0000 2403.8108 2391.6768 2379.5276 2367.3501 2355.1265 2342.8357 2330.4509 2317.9324 2305.2166 2292.1968 2278.5583 2263.3884 2233.4226 2201.1172 2183.6494 2184.2844 2185.4365 2186.6252 2187.8608 2188.6248 2188.8823 2183.7156 2178.1562 2179.2046 2180.3220 2181.1826 2182.0564 2181.7275 2178.0737 2169.9409 2157.0242 2141.8081 2124.0139 2131.8323 2139.2537 2143.6025 2146.3257 2149.8245 2150.9565 2143.7258 2128.4434 2114.9399 2098.8979 2083.9238 2070.3362 2060.3772 2056.7412 2053.8396
-9999.0000 -9999.0000 -9999.0000 -9999.0000 -9999.0000 -9999.0000 -9999.0000 -9999.0000 -9999.0000 -9999.0000 2412.0613 2399.8481 2387.6235 2375.3738 2363.0815 2350.7236 2338.2725 2325.6875 2312.9001 2299.7344 2285.9033 2270.5874 2243.9395 2219.7715 2193.9934 2162.0281 2163.6895 2162.9534 2161.6208 2160.6565 2160.3540 2158.1055 2146.5605 2142.8286 2146.9773 2149.5767 2150.9238 2151.4812 2150.9771 2147.9707 2141.5632 2132.2820 2122.7444 2115.4658 2115.6108 2121.2183 2127.8118 2132.7844 2138.8284 2146.1545 2146.9121 2134.8779 2116.1653 2097.5647 2082.2102 2070.5854 2064.0776 2058.6367 2051.1848
-9999.0000 -9999.0000 -9999.0000 -9999.0000 -9999.0000 -9999.0000 -9999.0000 -9999.0000 -9999.0000 -9999.0000 2408.0852 2395.7935 2383.4836 2371.1399 2358.7410 2346.2588 2333.6375 2320.7854 2307.5674 2293.8303 2278.3779 2254.0889 2235.0664 2218.8586 2191.7209 2151.9380 2149.3633 2144.6682 2138.2661 2134.0891 2132.7263 2126.6755 2117.4792 2110.1196 2118.2480 2120.9495 2122.9143 2123.9141 2121.6084 2120.2954 2119.9236 2117.4146 2111.9551 2105.1885 2096.1858 2104.4731 2111.8745 2118.9109 2126.7822 2134.3926 2139.8521 2143.5020 2141.7002 2124.6409 2106.2434 2091.2468 2078.8528 2066.7949 2053.7849
-9999.0000 -9999.0000 -9999.0000 -9999.0000 -9999.0000 -9999.0000 -9999.0000 -9999.0000 -9999.0000 2416.3801 2404.0293 2391.6714 2379.2908 2366.8613 2354.3464 2341.6948 2328.8447 2315.7349 2301.9866 2286.5798 2264.3254 2249.4260 2237.8418 2220.5808 2194.2751 2168.8220 2158.2273 2145.9502 2130.5049 2127.2207 2126.4397 2120.6824 2111.7549 2102.4331 2106.3484 2114.8372 2119.0188 2120.0200 2118.7109 2117.2761 2115.9441 2112.2402 2106.6094 2098.9268 2090.1802 2089.6763 2097.9561 2106.0913 2114.8027 2123.3918 2131.9790 2141.3699 2153.0078 2145.2097 2123.5522 2106.7556 2091.2712 2075.7830 2059.4763
-9999.0000 -9999.0000 -9999.0000 -9999.0000 -9999.0000 -9999.0000 -9999.0000 -9999.0000 -9999.0000 2412.3188 2399.9126 2387.4902 2375.0291 2362.4980 2349.8628 2337.0935 2324.0190 2310.3103 2295.0889 2274.8396 2263.6885 2254.7173 2241.9670 2224.6841 2201.3367 2180.4182 2189.7927 2171.0222 2159.0515 2156.1445 2151.1023 2140.6316 2124.6345 2106.4734 2104.1907 2113.6826 2118.0940 2119.0278 2117.6472 2115.2683 2112.5920 2108.4121 2102.4583 2094.3267 2084.7473 2075.6570 2085.7371 2093.9670 2102.6018 2112.1860 2123.0286 2136.1768 2154.5078 2158.4360 2137.9329 2120.3831 2102.8611 2084.9390 2066.3071
-9999.0000 -9999.0000 -9999.0000 -9999.0000 -9999.0000 -9999.0000 -9999.0000 -9999.0000 2420.6477 2408.1885 2395.7249 2383.2407 2370.7200 2358.1323 2345.3906 2332.3643 2318.7598 2303.8252 2285.7629 2277.7549 2270.7556 2260.8616 2247.7698 2230.9189 2212.1001 2193.5212 2206.4514 2189.0200 2183.7419 2183.7397 2177.6685 2163.2766 2141.9185 2118.4402 2105.4475 2115.1194 2119.1653 2119.0510 2116.5930 2113.0227 2109.8367 2105.5745 2099.3225 2090.6707 2080.2893 2071.1868 2075.4016 2082.3677 2090.1404 2099.4829 2111.7175 2127.3569 2147.5112 2164.2532 2149.7861 2133.1750 2114.4036 2094.4204 2073.7280
-9999.0000 -9999.0000 -9999.0000 -9999.0000 -9999.0000 -9999.0000 -9999.0000 2429.0190 2416.5020 2403.9971 2391.4980 2378.9810 2366.4041 2353.6982 2340.7456 2327.2976 2312.7654 2297.2200 2291.9121 2286.4856 2278.6633 2268.2354 2255.2310 2239.5381 2225.4182 2216.7637 2212.0000 2204.3337 2204.3635 2214.3752 2209.1526 2187.3311 2160.7681 2134.4563 2110.0991 2119.3271 2122.4431 2120.5020 2115.5908 2110.1462 2107.1760 2103.5884 2097.3196 2087.0518 2075.5596 2069.1902 2068.4893 2071.4880 2077.4526 2085.0322 2096.6450 2113.3064 2138.6934 2155.7869 2157.8391 2146.3228 2127.1562 2104.5969 2081.4417
-9999.0000 -9999.0000 -9999.0000 -9999.0000 -9999.0000 -9999.0000 -9999.0000 2424.8562 2412.3018 2399.7649 2387.2271 2374.6567 2361.9951 2349.1392 2335.9036 2321.9004 2309.3967 2306.2834 2302.2080 2295.9929 2287.4788 2276.9985 2264.3115 2250.4841 2239.6892 2235.9153 2239.3010 2237.1877 2239.8989 2250.0583 2237.0708 2205.9524 2178.2529 2157.7954 2138.4688 2137.8193 2130.3435 2124.7134 2115.1248 2108.3330 2103.4871 2102.0107 2096.6013 2082.3237 2069.8477 2067.5935 2066.3906 2066.2244 2068.0452 2073.9380 2078.8364 2097.8408 2128.2930 2142.4824 2159.1526 2159.0344 2146.9373 2109.9434 2088.7520
-9999.0000 -9999.0000 -9999.0000 -9999.0000 -9999.0000 -9999.0000 2433.2502 2420.6226 2408.0271 2395.4504 2382.8718 2370.2524 2357.5144 2344.5449 2331.2529 2322.6152 2320.9890 2318.1145 2313.2046 2306.2751 2297.5476 2286.9382 2274.7080 2263.6233 2254.6631 2253.5745 2259.2703 2273.6787 2280.7742 2265.7380 2242.2974 2218.9685 2197.3127 2179.8125 2169.0261 2160.2874 2145.1321 2132.7922 2122.9492 2114.9451 2108.1099 2101.4863 2092.7102 2081.8130 2072.5940 2067.3435 2065.5859 2065.3870 2066.7539 2068.9177 2073.7175 2082.9377 2099.2610 2117.2458 2119.3694 2117.8257 2103.8997 2078.5537 2063.7603
-9999.0000 -9999.0000 -9999.0000 -9999.0000 -9999.0000 2441.6990 2428.9692 2416.2856 2403.6431 2391.0310 2378.4343 2365.8267 2353.1768 2341.0044 2336.6431 2336.1670 2334.3923 2330.5986 2325.0022 2317.7153 2308.6252 2297.7822 2286.5603 2276.8938 2270.0886 2269.4758 2275.9863 2290.1294 2298.1248 2276.0771 2252.2795 2230.7166 2211.4626 2195.5425 2185.5576 2178.6946 2152.2122 2139.6018 2129.7839 2121.0225 2112.5613 2103.0037 2091.5542 2080.8149 2072.2825 2067.1028 2064.3650 2063.9270 2064.0625 2064.4956 2065.6523 2068.3579 2074.5435 2078.5627 2077.8452 2076.6467 2068.5513 2053.9221 2042.8953
