Output/test3_newDEM_out.asc
ncols           149
nrows           178
xllcorner    0.000000                                       
yllcorner    0.000000                                       
cellsize        20.0000
NODATA_value  -9999.0000
[rows 52 to 77 of 136, columns 59 to 117 of 149]
2168.2935 2156.6685 2150.2605 2142.4490 2123.8599 2113.7593 2103.8918 2087.3906 2064.1155 2059.8262 2054.9292 2046.3711 2030.1740 2012.1328 1995.0195 1982.9952 1975.0228 1967.9574 1962.1324 1957.2511 1953.1921 1934.7456 1921.1467 1912.4155 1914.5997 1882.7885 1858.5608 1838.8694 1823.4454 1812.3671 1805.1550 1799.5087 1794.2645 1789.1619 1788.6123 1780.2567 1774.1821 1771.0981 1768.5140 1766.5017 1765.8802 1766.6743 1766.3474 1758.6892 1753.7672 1753.1985 1755.2531 1759.2058 1764.5352 1769.2723 1771.2660 1771.6616 1771.7102 1772.3864 1774.8956 1779.1016 1784.8438 1793.0675 1803.7788
2158.7751 2152.5693 2149.7515 2142.1323 2127.2354 2111.3228 2095.2434 2079.1125 2060.9534 2059.5566 2054.6333 2045.3877 2029.7972 2012.1343 1994.4526 1981.4258 1973.6132 1967.1801 1962.1342 1957.7808 1951.8574 1936.2092 1922.6583 1913.5699 1908.7374 1892.3120 1870.2621 1852.0601 1837.3920 1826.6832 1820.1504 1814.9102 1809.8761 1803.8845 1795.7424 1782.4944 1774.2201 1769.5048 1765.3051 1761.0784 1757.3215 1752.8236 1750.4858 1748.3146 1744.6893 1745.5173 1749.9352 1756.7042 1765.7004 1773.8179 1778.4772 1780.7812 1781.3909 1782.8787 1786.6482 1792.8461 1800.4452 1812.4224 1825.7898
2169.9185 2158.4978 2151.3752 2142.2444 2127.9143 2110.5264 2091.5249 2074.5850 2061.9709 2060.2642 2055.6016 2046.7570 2030.8833 2011.7256 1992.6182 1979.1835 1971.6160 1965.9943 1961.7716 1956.8717 1946.8546 1929.1772 1915.6132 1905.3251 1898.0500 1892.1278 1877.9811 1863.1033 1849.9009 1840.2832 1834.1926 1831.7417 1825.0940 1815.0647 1801.9626 1781.9771 1773.3167 1765.7930 1762.4103 1755.3228 1741.9897 1730.6768 1730.4971 1734.0212 1734.1666 1735.0427 1742.4325 1754.3778 1767.0703 1778.3521 1787.3435 1791.3263 1790.4689 1791.3885 1798.3083 1808.4417 1816.1030 1831.2578 1844.3306
2179.1125 2164.7615 2153.6030 2143.9951 2129.6316 2110.3838 2087.9617 2070.6741 2061.9363 2060.9968 2058.5095 2050.2642 2034.4506 2010.8707 1988.9552 1975.7618 1968.6119 1965.0769 1962.4241 1956.9720 1932.3223 1918.3582 1901.1425 1890.7793 1887.3118 1880.6766 1878.9032 1866.1199 1852.4803 1839.6793 1829.5972 1823.4006 1815.5035 1804.4653 1792.8584 1777.4733 1768.1184 1760.6813 1758.3433 1749.1205 1734.0668 1724.5668 1719.6096 1722.4261 1731.2222 1734.8318 1745.7738 1760.6710 1775.6521 1789.3060 1802.5269 1808.4154 1809.2507 1811.4055 1821.3540 1830.9753 1838.3065 1850.3604 1863.9943
2186.3420 2170.3760 2156.1016 2144.1421 2135.2273 2112.4077 2079.6162 2067.1338 2063.4092 2062.4304 2061.9470 2051.3713 2035.0255 2010.4496 1986.7373 1971.7789 1964.1808 1961.0267 1958.2106 1953.8142 1935.1750 1911.9940 1890.1863 1878.6544 1873.4678 1869.4137 1862.1407 1849.5132 1835.2473 1822.1003 1811.8954 1803.8571 1795.3138 1784.5322 1772.3491 1761.4137 1757.4038 1755.2054 1754.5863 1752.2864 1747.5470 1744.0486 1744.9156 1750.6912 1756.7811 1761.7141 1771.1029 1785.1218 1800.2322 1814.9050 1828.1101 1835.9777 1838.6952 1842.8914 1849.9298 1857.2668 1864.3859 1873.4105 1885.9049
2185.4028 2170.6907 2153.8110 2136.5635 2122.2605 2102.3938 2082.6111 2071.6262 2066.9114 2065.3049 2057.1589 2046.0515 2030.0315 2009.2297 1987.2068 1970.1139 1958.8257 1951.1569 1946.3551 1939.8325 1918.9670 1898.2974 1879.7729 1867.1639 1862.3011 1859.8691 1851.7107 1835.8859 1818.6968 1804.1718 1793.1527 1784.8903 1776.1160 1764.9771 1751.6147 1744.8304 1747.3906 1748.7587 1752.9747 1757.6451 1760.0038 1763.1355 1771.6078 1783.3988 1784.5083 1787.6265 1796.0156 1809.5325 1825.0533 1840.5067 1854.1841 1863.8445 1868.1407 1872.7196 1878.8547 1884.3350 1888.8462 1895.7189 1907.0588
2182.7861 2167.1216 2148.5166 2128.6689 2108.8662 2091.4202 2079.8572 2072.5300 2067.9004 2060.3904 2052.9753 2042.8300 2027.5099 2007.7275 1986.0350 1967.2089 1952.4402 1940.2736 1931.8696 1921.4841 1901.6714 1885.4320 1867.0164 1854.2931 1851.7114 1853.3961 1847.6986 1826.0945 1801.7042 1786.2875 1773.3414 1766.0396 1757.8812 1746.6641 1738.3375 1737.8727 1738.1140 1742.5033 1751.1996 1764.1458 1774.1013 1779.3689 1794.6840 1816.7113 1810.5797 1811.9983 1819.9492 1833.3097 1850.0784 1866.4045 1881.0121 1891.6250 1898.9619 1900.9225 1909.4084 1911.8380 1911.7428 1914.9075 1917.7915
2180.9746 2163.2092 2143.5842 2121.0063 2097.4304 2079.3918 2074.8540 2073.1924 2069.1331 2059.9045 2053.1160 2043.1990 2026.2974 2006.5996 1984.5685 1964.3667 1945.3101 1926.8085 1904.7115 1892.6603 1882.1411 1875.9205 1850.7078 1839.4070 1838.6040 1844.8333 1839.8940 1805.4667 1782.1165 1775.5431 1772.7740 1769.9312 1766.1830 1760.2075 1753.9097 1745.1361 1735.6918 1754.9888 1773.2214 1785.1938 1793.8302 1801.9030 1813.0621 1830.6124 1837.2900 1838.8105 1848.0399 1862.0692 1874.9600 1887.1591 1897.7155 1906.6759 1913.6108 1920.0900 1924.6041 1927.0326 1925.9753 1923.4211 1920.3077
2177.6746 2157.7126 2139.4497 2118.1506 2093.3225 2073.9863 2070.4021 2069.2368 2064.1450 2054.4727 2046.4999 2033.8140 2016.0387 1995.0847 1973.6909 1953.2976 1932.9229 1911.9830 1890.9149 1871.6543 1855.7603 1847.1804 1832.8887 1821.3339 1814.1381 1809.8009 1804.9768 1777.1228 1774.3123 1776.4153 1779.1713 1780.5345 1780.9449 1779.4841 1777.1746 1774.9813 1767.7972 1787.6798 1800.4075 1809.1993 1818.0729 1827.5677 1837.5277 1850.1021 1862.9434 1867.6897 1879.1248 1888.0483 1897.3558 1905.7996 1913.0106 1919.7896 1926.5590 1931.2324 1934.2916 1936.0503 1936.7198 1935.3971 1931.9269
2165.4189 2151.8054 2146.6411 2126.9417 2101.6689 2082.7139 2068.1270 2058.6526 2051.6665 2042.6829 2032.0664 2020.9210 2001.6044 1979.7915 1959.2094 1939.1135 1918.5991 1897.7932 1876.6273 1855.3463 1834.2266 1833.4917 1811.3180 1799.7869 1789.8628 1779.1233 1767.6719 1762.1024 1772.3123 1780.9233 1787.4851 1792.1514 1795.5139 1797.4659 1798.4664 1801.1465 1808.1508 1820.4781 1825.6117 1834.1348 1844.2037 1854.6697 1865.0627 1874.4254 1878.7949 1898.7167 1905.7854 1912.0906 1918.3137 1923.9955 1929.0704 1934.2245 1939.1000 1942.8278 1945.0322 1946.6063 1947.5822 1947.8167 1947.3970
2147.9688 2151.0691 2160.6648 2134.2546 2107.4844 2085.0808 2065.7192 2050.6804 2040.4332 2030.0763 2018.5848 2009.0078 1985.6008 1963.9099 1944.2622 1924.6293 1904.4268 1883.7540 1862.4902 1840.4424 1817.9967 1791.7935 1789.0090 1781.4497 1773.6508 1763.5979 1749.1642 1759.0189 1775.3041 1787.9517 1797.3793 1804.6622 1810.4312 1814.7079 1818.2401 1823.5557 1833.3524 1844.6749 1848.9825 1859.2135 1870.7659 1882.6813 1894.3737 1905.1357 1916.5134 1929.3162 1931.8339 1935.1111 1938.6166 1941.9854 1945.2135 1948.7485 1952.0404 1954.7676 1956.3549 1957.6173 1958.7422 1959.8802 1961.6316
2124.7646 2145.4619 2175.3267 2137.9414 2108.2129 2083.2705 2060.9072 2042.6235 2029.5497 2017.0715 2003.7559 1992.9678 1967.2854 1946.6300 1928.1399 1909.7615 1890.5035 1870.0667 1848.8458 1826.7174 1804.5928 1782.0863 1776.2631 1771.1161 1766.5332 1761.3330 1757.7538 1764.6460 1781.9956 1796.8654 1808.7855 1818.2239 1825.7180 1831.4720 1836.5046 1842.7212 1851.2260 1859.4222 1869.4092 1883.6365 1897.7095 1911.4719 1924.9454 1937.9320 1954.4796 1959.9188 1957.3201 1957.2821 1958.3195 1959.6539 1961.1624 1963.2407 1965.2836 1966.9376 1967.8052 1968.6628 1969.7306 1971.2429 1974.1161
2104.1658 2111.6960 2186.2598 2137.1060 2104.4758 2077.1931 2053.3503 2033.4464 2018.4131 2002.5770 1985.7965 1969.0134 1944.9382 1927.0891 1910.5769 1894.4425 1876.8462 1856.9736 1835.4291 1813.2637 1792.0916 1775.4667 1771.6156 1767.7532 1767.0897 1767.0410 1767.2394 1770.8374 1791.2809 1807.5714 1821.7914 1832.8701 1841.3646 1847.6814 1853.2565 1858.9783 1865.0007 1868.8251 1890.7159 1909.9506 1926.5421 1942.1135 1956.4482 1969.9818 1983.8629 1986.0784 1981.0061 1978.2108 1977.1487 1976.8013 1976.8599 1977.6981 1978.6633 1979.0735 1979.0739 1979.3301 1979.9583 1981.1718 1983.9708
2083.7153 2088.3767 2116.6487 2119.9324 2092.8562 2067.4016 2043.3907 2024.5685 2005.9624 1985.4497 1965.0294 1941.4825 1923.6453 1904.3226 1890.3593 1878.7104 1864.2642 1844.3959 1821.5349 1799.4664 1780.0947 1769.9113 1763.3693 1765.1774 1771.5468 1775.2917 1779.5422 1791.2957 1804.3243 1818.9658 1834.3016 1849.2043 1857.8923 1863.3733 1868.0854 1874.1150 1881.7019 1888.0900 1918.2686 1940.7163 1958.2185 1974.6473 1988.8179 1999.0978 2004.2915 2009.2058 2001.1326 1997.0066 1994.8531 1993.5415 1992.5488 1992.1462 1992.0099 1991.0337 1989.9618 1989.1541 1988.7277 1989.0627 1991.1733
2064.1982 2070.4419 2067.2241 2073.7808 2077.8545 2047.0835 2040.6449 2015.5048 1989.5684 1963.5084 1938.5193 1916.4231 1917.8888 1870.0858 1862.5753 1857.8618 1854.8478 1830.1743 1806.2759 1784.8066 1769.8607 1767.8899 1761.6251 1771.1365 1782.9987 1791.0525 1804.7964 1822.7880 1835.5245 1842.4952 1854.7010 1871.7059 1881.7676 1886.4270 1892.3411 1902.4977 1911.7969 1919.6797 1949.5348 1970.3149 1989.6111 2008.7936 2017.0194 2016.5420 2016.8644 2016.8966 2016.3394 2013.0006 2010.8993 2010.1504 2008.2086 2006.0934 2004.5710 2002.9905 1999.8982 1997.1450 1995.1672 1994.2756 1994.3861
2057.7327 2059.0576 2058.7454 2058.1885 2054.3464 2041.1188 2031.1218 1998.5055 1964.3365 1933.8657 1910.2936 1890.0242 1879.6312 1853.3311 1832.7776 1826.4071 1817.2373 1800.5604 1781.1927 1768.8025 1767.2421 1772.5736 1778.9535 1796.3552 1806.2671 1827.9844 1835.9067 1847.2156 1852.0573 1867.1138 1884.2031 1898.5027 1910.5359 1918.8789 1928.9115 1940.6661 1949.0343 1956.8632 1973.2168 1994.1251 2011.2880 2025.1221 2026.2750 2024.8840 2023.7957 2022.6077 2020.0953 2018.8699 2017.6730 2016.3912 2014.4795 2012.1066 2009.3909 2006.5150 2003.8661 2001.1360 1998.3429 1996.1895 1995.4611
2050.8403 2047.4246 2043.4156 2044.1681 2034.4312 2026.5917 2011.5327 1977.7968 1941.8920 1910.4067 1887.3267 1869.2307 1848.9280 1817.2191 1814.0603 1807.5496 1795.7775 1786.4662 1780.0940 1778.3243 1781.5259 1790.2665 1803.8359 1819.3826 1831.9149 1850.6870 1856.4228 1861.3113 1870.2191 1881.4282 1887.8776 1897.4998 1908.1383 1919.8617 1932.7532 1946.9142 1956.1393 1978.5437 1996.3651 2015.4914 2025.4923 2031.9534 2032.3680 2030.7175 2029.4862 2027.1417 2022.8197 2020.6467 2019.3103 2017.8593 2016.0836 2013.4025 2009.9165 2006.6962 2004.5372 2002.4066 2000.1177 1997.9768 1996.4944
2041.2936 2031.3394 2027.2590 2021.5479 2011.9700 2001.3375 1982.0726 1956.3240 1927.0911 1899.7152 1876.6187 1856.4531 1837.9608 1819.0764 1804.7834 1796.8629 1792.7794 1790.9951 1790.8865 1793.6183 1801.1194 1811.3616 1824.6803 1835.8349 1842.3286 1845.3246 1850.4814 1856.4337 1863.2083 1870.8373 1879.3588 1888.8182 1899.2693 1910.7768 1923.4185 1937.2888 1952.5040 1969.2091 1987.5887 2007.8829 2021.5988 2039.8511 2039.1044 2035.8746 2035.4166 2030.5920 2023.8389 2021.0449 2020.7064 2019.3813 2017.6932 2014.6545 2010.1750 2006.2427 2005.0857 2003.7742 2001.8995 1999.8860 1997.4742
2039.8840 2024.1017 2005.7990 1990.5518 1991.2670 1979.0109 1960.2076 1936.8052 1909.6892 1886.6377 1864.0188 1844.3779 1826.7443 1810.7666 1796.0099 1791.3722 1793.5940 1796.9946 1801.6896 1808.3353 1818.2726 1824.2899 1828.4855 1830.2696 1833.8526 1838.1801 1843.2698 1849.1431 1855.8257 1863.3482 1871.7471 1881.0656 1891.3549 1902.6764 1915.1034 1928.7249 1943.6496 1960.0124 1977.9838 1997.7836 2019.7030 2033.4258 2055.6045 2051.1838 2046.4319 2040.9111 2034.2776 2027.4514 2021.7058 2021.5159 2018.6842 2014.1394 2009.9561 2006.8856 2005.4796 2004.5044 2003.2091 2001.3820 1999.0865
2042.1698 2022.9739 2000.8049 1970.4813 1973.6888 1960.6899 1941.8605 1919.2341 1895.4412 1872.1118 1850.3903 1831.4335 1814.8903 1800.3408 1786.9800 1787.2185 1795.2727 1803.5323 1812.4768 1816.4226 1817.6792 1819.0860 1821.1962 1824.0176 1827.5610 1831.8399 1836.8715 1842.6764 1849.2794 1856.7099 1865.0031 1874.2003 1884.3506 1895.5124 1907.7556 1921.1646 1935.8420 1951.9147 1969.5417 1988.9269 2010.3377 2034.1372 2053.8467 2065.5691 2059.3672 2052.7285 2045.3143 2037.1289 2029.2932 2024.0723 2017.9785 2014.1960 2010.8408 2008.1527 2006.2854 2005.0990 2003.9492 2002.4170 2001.3483
2046.7971 2025.5538 2001.8153 1974.2050 1963.3032 1947.2032 1926.4076 1903.1056 1879.4005 1856.7007 1835.8898 1817.9957 1803.0015 1790.4751 1780.5891 1782.8766 1797.4882 1810.4701 1811.2877 1811.5501 1812.2520 1813.6455 1815.7358 1818.5304 1822.0396 1826.2769 1831.2586 1837.0048 1843.5395 1850.8913 1859.0939 1868.1874 1878.2190 1889.2447 1901.3316 1914.5603 1929.0284 1944.8563 1962.1939 1981.2324 2002.2207 2025.4932 2051.5177 2072.5259 2072.5520 2064.7927 2056.0649 2046.4097 2036.0763 2023.5161 2017.4449 2014.9965 2012.0684 2009.3601 2007.2075 2005.8160 2004.7838 2003.5748 2004.6183
2052.3462 2029.5155 2005.8458 1983.3488 1963.1875 1937.6783 1912.6028 1887.4893 1863.0625 1840.5319 1820.6718 1803.9469 1791.1838 1781.5593 1776.8024 1781.5763 1799.7358 1805.8191 1806.8499 1806.8625 1807.5587 1808.9410 1811.0144 1813.7862 1817.2665 1821.4683 1826.4076 1832.1041 1838.5810 1845.8660 1853.9921 1862.9979 1872.9292 1883.8403 1895.7956 1908.8727 1923.1654 1938.7886 1955.8852 1974.6360 1995.2753 2018.1157 2043.5891 2067.5019 2085.8452 2077.0029 2066.9329 2055.6162 2042.7148 2025.7180 2018.1870 2016.6550 2013.7433 2010.7186 2008.0802 2006.5256 2005.6577 2004.7607 2007.1383
2057.8223 2033.6774 2014.5577 1993.6663 1980.8889 1931.6089 1897.0912 1870.8879 1846.8705 1823.4501 1804.1169 1789.2853 1780.1809 1776.8547 1779.2222 1789.9304 1803.1871 1803.5444 1802.8778 1802.8903 1803.5818 1804.9548 1807.0140 1809.7668 1813.2229 1817.3952 1822.2993 1827.9542 1834.3829 1841.6125 1849.6748 1858.6078 1868.4559 1879.2717 1891.1181 1904.0699 1918.2178 1933.6724 1950.5709 1969.0862 1989.4411 2011.9310 2036.9608 2065.1131 2089.3313 2089.4014 2077.9646 2064.6206 2048.7261 2030.7479 2022.9204 2020.2961 2016.5991 2012.3237 2008.6035 2007.1089 2006.4688 2005.9901 2005.8700
2059.3376 2031.1781 2010.3512 1984.7407 1950.7505 1907.9270 1878.7950 1852.6737 1828.8110 1800.3898 1789.6527 1785.9590 1782.3217 1783.8113 1792.0017 1802.3415 1801.6101 1800.2697 1799.6068 1799.6193 1800.3070 1801.6723 1803.7201 1806.4573 1809.8938 1814.0421 1818.9175 1824.5387 1830.9283 1838.1128 1846.1235 1854.9974 1864.7781 1875.5170 1887.2752 1900.1259 1914.1571 1929.4761 1946.2156 1964.5423 1984.6703 2006.8817 2031.5610 2059.2565 2086.9722 2102.0623 2089.4421 2072.6191 2052.0576 2035.5592 2027.2211 2027.0319 2020.8942 2014.6354 2009.4188 2007.2610 2006.8904 2006.6302 2006.1129
2044.0116 2017.6458 1991.7756 1963.3861 1929.2931 1889.3256 1865.9406 1835.6727 1809.8237 1803.8053 1794.3419 1788.8939 1787.6261 1792.8800 1803.0384 1801.0336 1799.0199 1797.6854 1797.0254 1797.0377 1797.7225 1799.0819 1801.1206 1803.8458 1807.2670 1811.3965 1816.2495 1821.8445 1828.2035 1835.3528 1843.3233 1852.1512 1861.8794 1872.5584 1884.2481 1897.0203 1910.9609 1926.1749 1942.7914 1960.9726 1980.9259 2002.9236 2027.3352 2054.6839 2085.7547 2107.2472 2096.5881 2077.3799 2057.9949 2042.0752 2031.3835 2025.9023 2021.3367 2016.6799 2011.3386 2007.8428 2006.6212 2006.3942 2007.4745
2027.6309 2002.4558 1975.1235 1945.8215 1914.0659 1884.0157 1860.0056 1820.8240 1790.5155 1796.6903 1796.4874 1791.2504 1790.3413 1800.6273 1801.0910 1799.1198 1797.1127 1795.7824 1795.1245 1795.1368 1795.8194 1797.1744 1799.2066 1801.9230 1805.3329 1809.4487 1814.2854 1819.8612 1826.1980 1833.3216 1841.2627 1850.0570 1859.7469 1870.3823 1882.0223 1894.7372 1908.6121 1923.7497 1940.2771 1958.3530 1978.1801 2000.0237 2024.2429 2051.3435 2082.0796 2106.7076 2100.9590 2083.3088 2065.3860 2049.8506 2038.2262 2030.2898 2025.4320 2019.8102 2012.4713 2007.7997 2006.3430 2006.2208 2006.5033
