Output/test3_newDEM_out.asc
ncols            96
nrows            91
xllcorner     557974.631687                                 
yllcorner     5111446.1291019                               
cellsize       100.0000
NODATA_value  -9999.0000
     950.2679     954.3484    1008.6300    1005.3640    1009.3420    1010.1040    1015.6830    1015.2250    1010.4980    1018.5490    1017.7620    1021.8120    1027.0090    1022.5670    1034.3520    1064.9170    1100.6960    1166.4960    1235.2030    1262.6610    1231.7580    1213.6840    1182.0150    1108.1770    1108.6520    1126.3990    1158.9190    1175.6100    1167.7870    1181.2770    1147.2670    1150.1720    1114.5520    1157.2510    1135.2510    1148.7150    1159.4850    1159.6540    1163.0210    1168.1330    1174.4970    1177.5090    1185.1790    1187.3430    1185.3530    1191.4720    1188.6550    1194.6290    1193.4650    1183.7570    1193.5930    1191.6580    1191.5330    1190.7520    1176.4610    1186.1880    1189.6120    1186.9910    1192.7230    1200.9340    1190.0720    1199.7940    1201.8850    1208.6140    1211.3560    1210.8810    1204.4230    1212.9130    1203.9370    1185.9230    1180.8090    1176.6940    1192.4150    1219.5660    1264.5820    1320.9780    1296.4860    1260.8870    1256.7710    1259.1580    1245.0890    1175.9800    1202.1700    1214.2970    1212.3570    1186.7970    1155.9060    1092.9010    1046.4320    1001.6630     986.1525     941.7155     914.5626     881.2762     848.3268   -9999.0000
     958.0488     961.4271    1014.8300    1020.7950    1018.9860    1016.8610    1016.0500    1012.5120    1013.7790    1020.1400    1024.2900    1028.0140    1031.1450    1042.2860    1047.4640    1073.5860    1111.1880    1161.8080    1218.4150    1252.8820    1214.6510    1185.9090    1135.2230    1100.6780    1114.3400    1129.0190    1165.9780    1184.4820    1188.5350    1198.2750    1194.0880    1168.3830    1125.4860    1173.6120    1151.8670    1164.8220    1170.3610    1177.4200    1180.3260    1188.7640    1195.3100    1202.2030    1204.8950    1199.4290    1206.7770    1207.0890    1208.6310    1210.6500    1208.9660    1193.5190    1205.6830    1206.5180    1213.4130    1202.2450    1199.1750    1211.8840    1206.9600    1199.9110    1210.6440    1212.4260    1206.0670    1215.5490    1215.8470    1222.3430    1224.1300    1222.6280    1225.2380    1221.6430    1223.0460    1214.2130    1211.9640    1182.7040    1180.2260    1190.0460    1229.2210    1290.5720    1266.3140    1244.1680    1200.5570    1214.1690    1209.7330    1121.1880    1127.7050    1146.1770    1136.1280    1130.3360    1086.0450    1053.0770    1019.4800     967.3996     911.4680     868.4983     844.4336     822.7961     801.4907   -9999.0000
     972.3270     971.7813     996.9572    1041.4210    1029.8440    1033.3450    1031.9220    1036.3280    1038.5000    1039.4620    1039.5160    1044.0890    1049.7000    1047.3440    1051.8830    1076.1380    1113.6880    1161.4290    1221.1570    1263.2340    1210.6880    1162.0790    1140.4380    1109.4500    1120.7950    1131.7810    1174.4840    1191.5170    1193.5160    1210.3030    1217.1610    1189.3750    1150.4820    1194.9810    1169.5470    1178.4440    1185.4060    1188.9380    1196.8650    1201.9160    1210.0630    1217.1550    1223.8560    1219.8590    1230.6700    1230.2540    1225.3280    1224.8760    1221.6130    1211.9530    1223.7240    1217.2310    1222.5780    1212.2630    1214.4580    1218.7810    1215.7050    1221.1090    1221.4060    1224.9850    1219.8220    1228.1720    1228.6490    1234.4200    1236.7660    1228.1750    1228.5310    1231.3280    1228.3650    1227.4120    1219.0470    1191.9460    1192.5390    1195.0000    1206.4920    1261.1700    1260.4690    1183.8980    1170.6720    1158.4840    1149.6730    1097.0460    1060.5940    1070.7760    1069.6780    1060.2500    1050.4960    1032.0730     987.1719     940.8767     880.0278     826.1875     810.2026     794.4809     771.9861   -9999.0000
     977.8392     979.4543     988.1952    1047.2950    1046.0760    1042.6280    1047.6860    1032.7520    1041.9840    1035.4300    1049.9540    1054.4130    1062.3410    1054.4370    1060.8930    1085.4270    1125.4210    1172.2740    1237.7800    1269.7690    1212.0830    1168.8080    1159.0160    1121.4340    1118.4240    1142.6420    1180.6200    1197.4720    1209.1120    1216.3240    1221.8680    1209.4460    1176.4980    1196.2130    1185.6210    1191.9450    1200.0680    1206.1080    1216.0070    1229.4000    1235.5600    1239.0470    1246.3200    1240.3630    1249.9420    1244.9760    1240.8910    1237.0300    1237.4400    1225.4550    1223.4320    1234.0260    1233.3980    1215.7310    1237.3000    1235.5360    1232.0730    1235.8390    1232.1530    1242.0980    1230.3800    1240.9240    1240.0660    1243.5970    1247.0320    1234.9980    1236.9050    1238.4290    1237.8480    1235.7820    1228.4480    1205.0380    1203.9650    1193.9050    1204.6090    1234.5170    1264.7160    1182.3160    1138.4280    1108.4200    1078.5040    1066.8940    1016.2410    1001.2260     997.9306     993.5220     991.8792     976.2859     936.9925     887.6598     838.3195     810.4051     778.6781     770.4230     743.2767   -9999.0000
     986.4683     992.5452     998.5279    1001.3540    1062.2440    1053.5140    1059.5420    1061.2460    1055.3580    1052.0320    1057.6970    1063.8980    1066.8140    1070.2210    1080.5070    1096.1280    1137.1570    1190.4250    1244.8130    1267.1510    1213.7000    1224.0260    1200.0390    1154.9540    1130.5140    1176.5530    1202.2260    1209.2180    1225.5490    1222.1090    1229.5020    1225.6080    1197.6060    1213.9250    1208.5750    1208.6690    1219.0300    1224.1060    1235.3800    1245.5260    1254.4590    1267.0400    1268.8830    1261.4830    1267.7970    1268.0770    1260.2850    1255.4440    1252.3300    1236.7980    1242.9610    1254.2590    1254.5800    1246.2600    1248.7920    1245.3130    1248.7650    1241.9900    1253.6960    1257.8080    1247.8000    1258.6980    1256.9530    1252.2390    1261.0300    1246.6630    1248.9140    1249.9560    1250.2360    1248.8130    1246.4170    1207.6670    1212.5780    1200.8110    1209.6630    1222.9580    1273.5410    1209.9080    1145.9280    1092.7340    1049.2780     997.0538     988.8878     960.8582     940.2233     910.6505     904.2928     903.5316     895.7020     861.5038     815.2599     787.1696     783.1008     750.4260     788.8231   -9999.0000
    1002.8240    1000.0310    1018.6840    1009.7180    1031.0000    1071.9500    1068.3950    1068.0630    1069.9310    1060.7620    1074.8440    1069.0060    1076.2440    1077.8280    1093.5210    1112.4370    1147.6720    1203.3880    1244.4240    1260.4840    1252.8420    1215.7760    1220.4380    1191.5420    1178.2140    1210.7970    1210.8000    1220.4500    1232.9380    1238.4280    1233.3950    1238.5000    1212.2970    1233.5210    1219.6720    1220.2490    1229.5580    1241.4220    1246.2570    1264.8920    1271.7970    1282.2740    1284.4570    1287.9060    1284.6990    1285.1640    1275.5160    1272.3500    1268.7290    1262.6880    1262.9640    1271.4060    1270.9380    1273.9950    1252.8880    1267.0310    1266.7620    1259.5970    1268.3910    1268.8500    1261.6940    1271.4380    1268.5090    1264.5130    1265.0000    1262.9930    1254.4470    1259.6880    1258.0450    1255.4280    1245.1720    1220.9360    1221.7490    1213.7660    1209.0420    1213.9240    1228.4530    1254.8620    1192.0120    1133.9840    1086.3840    1054.2460    1022.1720    1001.2860     990.6632     948.8125     896.7216     839.5886     838.6250     826.1279     797.2251     780.2969     753.3571     784.0046     795.3195   -9999.0000
