Output/test13_newDEM_out.asc
ncols           149
nrows           178
xllcorner    0.000000                                       
yllcorner    0.000000                                       
cellsize        20.0000
NODATA_value  -9999.0000
[rows 26 to 51 of 52, columns 58 to 115 of 149]
1959.5598 1939.5504 1916.1927 1894.4464 1885.3822 1902.4557 1924.5852 1929.5898 1951.0210 1998.6705 1989.2053 2004.8506 2010.7750 2034.0641 2047.5807 2051.8384 2068.1453 2086.3335 2095.4521 2094.1360 2086.6582 2083.7864 2092.5713 2105.0671 2127.6855 2149.9109 2159.6792 2159.4641 2152.1174 2123.6616 2096.9548 2081.8765 2083.6431 2070.3516 2044.9927 2025.5872 2009.1420 1993.9064 1979.3147 1967.3196 1958.8040 1951.4032 1951.6859 -9999.0000 -9999.0000 -9999.0000 -9999.0000 -9999.0000 -9999.0000 -9999.0000 -9999.0000 -9999.0000 -9999.0000 -9999.0000 -9999.0000 -9999.0000 -9999.0000 -9999.0000
1978.3795 1953.6703 1930.9020 1913.7428 1907.9778 1913.8958 1925.0585 1936.9573 1949.4490 1971.0288 1970.5464 1987.5206 2003.7030 2018.3513 2031.2909 2039.2644 2053.2900 2072.2874 2083.3206 2072.5415 2060.2292 2058.7888 2067.7925 2082.4185 2106.2930 2130.5566 2142.9246 2141.4448 2136.2788 2123.8850 2099.4719 2072.0000 2074.7600 2058.1814 2036.0737 2027.8054 2010.8517 1994.9276 1980.9900 1967.5347 1954.4307 1946.1481 1939.8936 1938.4844 -9999.0000 -9999.0000 -9999.0000 -9999.0000 -9999.0000 -9999.0000 -9999.0000 -9999.0000 -9999.0000 -9999.0000 -9999.0000 -9999.0000 -9999.0000 -9999.0000
1993.5845 1967.2755 1945.5524 1930.7458 1924.1394 1925.0374 1931.4545 1939.2537 1944.6096 1945.6406 1955.1030 1976.5045 1992.5499 2005.9958 2017.5720 2026.5227 2037.3512 2055.0464 2055.1318 2048.6816 2043.2087 2044.1221 2053.5256 2070.9702 2092.4436 2112.1785 2120.9155 2119.0996 2113.7603 2100.8562 2081.6235 2069.4419 2060.3835 2032.9133 2017.2128 2009.2712 2011.2725 1993.3699 1972.0021 1962.7701 1952.6233 1941.7115 1931.6641 1927.0026 1924.0393 -9999.0000 -9999.0000 -9999.0000 -9999.0000 -9999.0000 -9999.0000 -9999.0000 -9999.0000 -9999.0000 -9999.0000 -9999.0000 -9999.0000 -9999.0000
2006.8307 1979.7778 1958.6052 1944.3104 1936.8749 1935.7676 1939.3643 1943.7313 1945.9606 1940.7870 1945.4076 1967.6735 1982.4336 1994.2487 2004.7079 2013.8019 2024.9320 2034.2611 2030.5625 2025.6768 2023.4779 2026.8190 2038.0596 2056.6162 2077.3918 2093.4124 2099.8792 2097.8628 2093.0935 2087.3452 2072.6931 2058.1055 2044.1470 2026.7214 2018.1488 2003.9515 1994.7303 1988.2677 1972.2366 1956.6628 1940.6346 1931.9283 1924.7354 1917.2063 1911.7023 1910.5358 -9999.0000 -9999.0000 -9999.0000 -9999.0000 -9999.0000 -9999.0000 -9999.0000 -9999.0000 -9999.0000 -9999.0000 -9999.0000 -9999.0000
2017.8616 1990.2256 1969.3865 1955.2319 1947.5344 1945.7581 1947.6075 1949.8209 1950.0078 1945.8379 1943.1843 1962.0493 1974.1173 1983.2938 1991.3044 1998.5123 2008.2241 2009.6898 2005.5894 2002.2104 2001.9015 2007.3093 2020.7084 2041.5996 2063.0398 2077.0396 2080.5933 2077.0242 2072.6360 2069.9724 2057.7476 2045.7357 2036.6454 2029.2576 2016.5673 2001.4685 1986.9983 1980.6003 1961.9502 1945.5421 1936.0950 1926.6807 1916.9377 1906.5422 1894.9041 1895.9336 1895.6427 1902.4451 -9999.0000 -9999.0000 -9999.0000 -9999.0000 -9999.0000 -9999.0000 -9999.0000 -9999.0000 -9999.0000 -9999.0000
2024.9298 1998.7194 1977.4337 1963.9528 1957.0201 1955.5547 1955.8083 1956.9436 1956.3491 1955.5476 1957.9399 1962.7472 1967.7388 1972.1256 1975.9180 1979.2156 1980.8163 1975.9349 1979.2582 1978.0353 1978.8665 1985.3451 2001.4865 2026.5455 2052.2219 2063.7148 2060.7786 2056.0701 2049.3579 2045.8699 2030.3206 2030.2104 2031.5405 2034.8025 2010.5706 2006.0432 1979.2245 1977.9401 1954.5449 1942.8235 1933.0699 1923.4216 1913.7770 1904.1973 1895.0132 1887.4739 1886.3280 1889.3071 1884.8549 -9999.0000 -9999.0000 -9999.0000 -9999.0000 -9999.0000 -9999.0000 -9999.0000 -9999.0000 -9999.0000
2029.4662 2008.2089 1983.4299 1972.1675 1969.1931 1965.8055 1963.7025 1963.7949 1964.1259 1964.5616 1964.0583 1964.0000 1964.0000 1963.3647 1962.5378 1960.9478 1959.0096 1959.3788 1961.9995 1959.9526 1958.2928 1965.8002 1981.0265 2007.8981 2034.8169 2043.6154 2039.1428 2033.1743 2025.3884 2017.3750 2009.3772 2012.9717 2017.9514 2016.3075 2009.4231 2000.1628 1992.5203 1977.1476 1954.5950 1941.0109 1930.3983 1920.6019 1911.3118 1902.6056 1894.8822 1888.6465 1885.4634 1883.3380 1878.1924 1871.4777 -9999.0000 -9999.0000 -9999.0000 -9999.0000 -9999.0000 -9999.0000 -9999.0000 -9999.0000
2044.7156 2023.5089 2002.5409 1992.5729 1985.6886 1978.9409 1973.4800 1970.2947 1968.6322 1967.1301 1965.9609 1964.4718 1963.8892 1963.3632 1962.3202 1960.8469 1959.2349 1957.5601 1956.5585 1947.6232 1945.5725 1950.7466 1964.2010 1984.3167 2004.4226 2015.4911 2016.5194 2012.1001 2004.9607 1992.7822 1990.2672 1996.9335 2001.9657 2001.7096 1997.1285 1989.3854 1982.7745 1975.8013 1953.0336 1938.1803 1927.2371 1917.7347 1909.0001 1901.1600 1894.2300 1888.2626 1883.4883 1878.2478 1871.4071 1864.9104 1872.9620 -9999.0000 -9999.0000 -9999.0000 -9999.0000 -9999.0000 -9999.0000 -9999.0000
2060.4346 2043.7639 2023.6666 2010.9779 2000.6783 1991.1855 1983.4215 1977.3542 1973.3716 1970.1749 1967.9305 1965.7201 1963.9280 1963.5302 1962.4473 1960.9930 1958.6019 1954.3693 1947.7029 1928.9957 1929.7673 1934.1011 1944.7842 1960.9546 1978.6337 1990.6890 1994.4369 1992.8538 1987.4540 1978.4550 1972.5863 1981.7955 1988.2338 1988.8445 1984.0853 1974.4685 1963.4514 1959.7827 1950.1040 1933.5953 1922.6134 1914.0656 1906.4852 1900.0187 1893.6553 1887.0498 1881.2731 1873.7992 1863.2852 1853.4418 1855.1843 1858.4417 1864.6307 -9999.0000 -9999.0000 -9999.0000 -9999.0000 -9999.0000
2067.3677 2055.3066 2041.3848 2026.8632 2014.4999 2003.0830 1992.7917 1984.2511 1978.1230 1973.1646 1969.7933 1966.8102 1964.4851 1963.9253 1962.8236 1961.2935 1958.0393 1951.8662 1939.4902 1912.0448 1914.3594 1916.2462 1923.4152 1936.9675 1954.6161 1967.5702 1973.8298 1975.8853 1973.7322 1967.1427 1959.9913 1968.2677 1975.8396 1978.5948 1972.7076 1956.6512 1938.7526 1938.5115 1934.4843 1926.3431 1915.5499 1908.4821 1903.9297 1900.2474 1894.1655 1885.5443 1877.8082 1871.4984 1853.0704 1834.6724 1836.4720 1845.1163 1855.1405 1851.3135 -9999.0000 -9999.0000 -9999.0000 -9999.0000
2069.9385 2058.6753 2052.7295 2040.6979 2027.3893 2014.9761 2001.8962 1990.5858 1982.3105 1975.5128 1971.2898 1967.3149 1965.7296 1964.7749 1963.3922 1961.9575 1958.9178 1951.8942 1935.7549 1912.8129 1904.0182 1898.7329 1899.1860 1911.2565 1931.3114 1944.3290 1954.8354 1962.3678 1964.6342 1959.1932 1952.5116 1956.9388 1963.8264 1970.4031 1967.8505 1933.0757 1912.7256 1917.0679 1920.7347 1913.5254 1905.7324 1900.0042 1900.1295 1899.9235 1893.9991 1885.9493 1877.8882 1869.2571 1854.2002 1839.5120 1831.3624 1834.4937 1840.2526 1830.8877 1821.7321 -9999.0000 -9999.0000 -9999.0000
2068.5090 2060.8206 2055.2949 2050.0642 2040.7902 2025.5986 2012.2019 1998.4663 1982.5912 1978.7787 1970.6193 1967.7266 1967.5129 1967.0322 1964.4744 1962.9181 1961.2583 1956.9857 1931.3196 1902.1245 1897.7506 1887.2054 1887.8687 1899.1017 1912.2347 1922.5576 1933.6003 1945.3767 1952.8324 1953.5688 1941.7397 1946.2706 1955.4043 1961.1219 1953.3278 1929.4520 1911.1675 1906.4391 1907.3029 1904.9902 1896.3485 1892.1154 1892.7948 1894.0371 1891.5140 1886.4011 1880.5356 1870.6742 1857.6226 1844.7787 1837.1462 1820.6753 1824.5146 1819.3649 1809.3419 1808.9423 1849.6769 -9999.0000
2073.5527 2064.9260 2058.8516 2053.9397 2045.7689 2032.9926 2022.5981 2010.2302 1997.1791 1987.9686 1980.5790 1974.1688 1970.7546 1969.5325 1967.6715 1964.0564 1958.9080 1948.6548 1927.7386 1905.2323 1892.7888 1888.6100 1887.4722 1890.9434 1896.1530 1902.3109 1912.1583 1924.5824 1937.2699 1953.3419 1982.0237 1950.4924 1951.6229 1953.2159 1944.6118 1924.8475 1905.9937 1896.8513 1894.2671 1891.3232 1887.3396 1882.4999 1885.0239 1889.5084 1889.2332 1886.9348 1883.2898 1873.6931 1859.5393 1846.5209 1838.4657 1826.1265 1821.5947 1818.0271 1809.7172 1806.6898 1799.9244 1838.3470
2077.0166 2069.4993 2063.0498 2058.2419 2051.1958 2041.5262 2032.3239 2021.8384 2011.2122 2000.9628 1992.2224 1983.4655 1975.3024 1971.3629 1967.3516 1963.3623 1955.5281 1941.9913 1921.6498 1900.8887 1890.8730 1887.6941 1884.6519 1882.3976 1880.0862 1880.5338 1890.0541 1903.9320 1918.4620 1938.6827 1971.8198 1948.7732 1947.5084 1948.0300 1938.9581 1919.0941 1899.5386 1886.4431 1880.0100 1878.4166 1880.4956 1867.5793 1878.7979 1885.9026 1887.1566 1887.0504 1888.3503 1879.4750 1858.8546 1844.3328 1831.7827 1825.1257 1819.6716 1817.2339 1809.5795 1806.5261 1797.2269 1795.1493
2079.7097 2072.3464 2066.2803 2061.4614 2056.8098 2048.8257 2042.2230 2033.7980 2023.8324 2013.4421 2005.6326 1992.8719 1978.7009 1972.6250 1967.5942 1964.8843 1954.6721 1938.4943 1914.7589 1890.5018 1888.8749 1884.8359 1883.1536 1875.7394 1862.4402 1856.7869 1863.6984 1888.6008 1890.4204 1900.4026 1924.6775 1943.3237 1943.0033 1942.9200 1929.7928 1912.6133 1895.8363 1884.0544 1875.9456 1868.9760 1859.0076 1856.4071 1866.9275 1871.6205 1872.9443 1874.5720 1874.8472 1867.3156 1853.5526 1839.7462 1828.3881 1816.9900 1814.1514 1811.3182 1808.3768 1807.3834 1801.8344 1794.6919
2081.6667 2074.5076 2068.8940 2063.9521 2054.4055 2054.7600 2051.5923 2046.9270 2037.4869 2021.7798 2022.1719 2004.7786 1985.6371 1975.6644 1969.5785 1966.2622 1958.3689 1938.1676 1914.2477 1897.0520 1888.0533 1885.1213 1881.6329 1871.2960 1859.5295 1851.4706 1853.4326 1861.0939 1870.8538 1884.6259 1906.4102 1933.1658 1938.1349 1929.1584 1917.8236 1904.3761 1891.7263 1882.3275 1874.8285 1867.6674 1857.0338 1848.7621 1853.7257 1856.2997 1857.9047 1860.2472 1860.3184 1855.2555 1845.7396 1833.9441 1823.4475 1814.5801 1811.0706 1803.8489 1804.0834 1807.0560 1801.7407 1786.6362
2083.0613 2076.1360 2071.5999 2067.1147 2060.7122 2058.2439 2058.4529 2056.7949 2046.5546 2035.0521 2024.7756 2011.6456 1998.0292 1985.1864 1976.2010 1968.7625 1961.2555 1941.4169 1919.0078 1901.8868 1890.1139 1884.8583 1880.8569 1868.3254 1854.3110 1843.3673 1839.0787 1841.1167 1850.5509 1865.1406 1885.6016 1914.1625 1926.9469 1917.1949 1907.0079 1895.8115 1885.9225 1879.4319 1874.3910 1868.4008 1858.2039 1844.6230 1841.5415 1841.4799 1842.6243 1845.9083 1847.7186 1844.7211 1837.2664 1826.4376 1815.9268 1806.7191 1799.2501 1795.9709 1796.9874 1795.5802 1791.3934 1782.1350
2083.5964 2077.1770 2075.2483 2073.8560 2069.5496 2066.1843 2065.9998 2060.1697 2051.0979 2042.9080 2032.0869 2019.4391 2006.9706 1993.8822 1982.7419 1973.9165 1964.4371 1946.8317 1923.1088 1903.8730 1890.3511 1884.8162 1881.4617 1866.3904 1848.7687 1832.6282 1822.9718 1821.1716 1828.5793 1842.1204 1862.7964 1891.2129 1910.6353 1905.0220 1896.4293 1886.7507 1878.3641 1875.9415 1875.2611 1871.4434 1860.4685 1844.8163 1829.4095 1825.4739 1826.3007 1831.5632 1836.4426 1835.5698 1828.9844 1818.1278 1806.8915 1797.2480 1789.7717 1790.2657 1785.6134 1780.6221 1775.2975 1768.4915
2079.8704 2083.1248 2085.6848 2084.8811 2081.0466 2076.8159 2070.5581 2063.8857 2056.3982 2049.4419 2039.9883 2027.9509 2015.3986 2001.5555 1989.3285 1978.7761 1967.2411 1956.7410 1926.8579 1902.7299 1888.2979 1884.8848 1881.1188 1867.3486 1845.2731 1820.5663 1803.8378 1799.5836 1804.3081 1815.7836 1838.0996 1874.9923 1900.9730 1893.4756 1886.4957 1875.1786 1867.8826 1868.5433 1876.9327 1870.7214 1860.2406 1847.7041 1831.0265 1820.8866 1817.0668 1818.3174 1825.2089 1827.3501 1821.1974 1809.6222 1795.0571 1784.5326 1779.0568 1777.4609 1769.2344 1764.7506 1759.0269 1749.5040
2096.7378 2098.4094 2098.9526 2096.5635 2091.7495 2083.0127 2072.5039 2067.2568 2061.3220 2055.6379 2048.5271 2037.6825 2023.7831 2008.1805 1996.3660 1981.9541 1967.8301 1939.3153 1925.0251 1903.3440 1894.0831 1887.0903 1877.8837 1864.6798 1843.9711 1814.3707 1792.2441 1786.3383 1787.6495 1795.7415 1815.9612 1858.6086 1884.2728 1861.1737 1848.4492 1843.5959 1842.2202 1845.6074 1847.8965 1846.6346 1841.1566 1834.3771 1823.7039 1814.9557 1810.6910 1810.7448 1812.8756 1813.4868 1808.0105 1796.7583 1779.3995 1771.3041 1768.7544 1764.5997 1757.9159 1753.0018 1746.9683 1737.5989
2112.7974 2114.8477 2114.2649 2110.3323 2104.3025 2093.8044 2074.9700 2068.7195 2065.4961 2061.2612 2057.3337 2051.5146 2036.1041 2017.4501 2001.0012 1984.4380 1968.2522 1949.8939 1931.6527 1913.4747 1902.7135 1892.1733 1880.2798 1865.5637 1845.6832 1823.4789 1805.6360 1794.3490 1791.1423 1794.5118 1805.5347 1818.2308 1820.6244 1796.3497 1808.5109 1813.1937 1816.2045 1820.2080 1822.6648 1823.2592 1821.7247 1818.6475 1812.2427 1805.8468 1802.2549 1801.3607 1801.3210 1800.5168 1795.1470 1785.6354 1773.3845 1764.5686 1759.2169 1752.7776 1742.8640 1730.5492 1729.7455 1724.5840
2132.5251 2133.4219 2131.4758 2125.8984 2118.5649 2109.0620 2087.9512 2076.8086 2071.5720 2065.1179 2059.9780 2052.4736 2038.3032 2021.3970 2004.0890 1987.8530 1972.3022 1956.0312 1939.4194 1921.9509 1910.3990 1897.8521 1884.8698 1871.3956 1852.4065 1832.3757 1814.6658 1800.8668 1793.0835 1791.2841 1794.0544 1796.6228 1792.2780 1775.1766 1778.2709 1785.6696 1790.8507 1795.2185 1797.7964 1800.6115 1802.8304 1803.3881 1799.9305 1795.6637 1792.4734 1791.1113 1790.2247 1788.8206 1783.8501 1776.4072 1766.9547 1758.2417 1750.5743 1741.4867 1728.3983 1720.7317 1715.1658 1710.7339
2158.9133 2158.9119 2152.1282 2141.7515 2128.1487 2115.2812 2106.3191 2092.8264 2075.7314 2067.0974 2060.2935 2052.6414 2039.8806 2023.9792 2007.4401 1991.1078 1976.4609 1962.1387 1947.5665 1934.0367 1917.6082 1903.1395 1889.2338 1874.7666 1858.8730 1841.0996 1822.4717 1805.8607 1793.8401 1787.1506 1784.0544 1781.2184 1774.0992 1763.6750 1758.0341 1762.2496 1767.0824 1771.1104 1771.9078 1776.5660 1786.5717 1790.3429 1787.9989 1786.1016 1782.3829 1780.4716 1779.5994 1777.2927 1773.2893 1768.4980 1761.1442 1751.8947 1742.3202 1732.5316 1715.0704 1720.7792 1720.5615 1703.7422
2170.8484 2169.8413 2158.3374 2144.9241 2131.4231 2119.1672 2106.8062 2093.9250 2075.8201 2067.3230 2060.9062 2053.9075 2042.2495 2026.4827 2010.0664 1994.0363 1980.8062 1967.9537 1956.0892 1948.8191 1932.8452 1907.5948 1893.3191 1877.5863 1860.2632 1851.4280 1832.4091 1809.6455 1793.2189 1783.0408 1775.2793 1768.7562 1761.7361 1754.7424 1752.8757 1754.1370 1759.3992 1765.1455 1767.6754 1771.4592 1777.1488 1783.4033 1785.7272 1783.2855 1775.8844 1772.2023 1770.3654 1766.6967 1765.4784 1764.0002 1759.1915 1749.9766 1742.2480 1738.2235 1735.4813 1734.6903 1733.4006 1722.8159
2181.2590 2170.2559 2159.1882 2147.0264 2134.3743 2121.6021 2108.1143 2093.8796 2072.6782 2066.1675 2061.6509 2055.4651 2046.4242 2029.7007 2010.1985 1996.1943 1986.1099 1972.1090 1968.1917 1959.8173 1944.0310 1919.7852 1904.6591 1889.6525 1874.8368 1865.1263 1848.1395 1824.0853 1805.1588 1791.0876 1781.5763 1774.7238 1769.1063 1763.9519 1760.5233 1763.9911 1768.8273 1768.8400 1769.9817 1771.8182 1774.1689 1777.7332 1781.1038 1778.7731 1772.4824 1767.4257 1764.2964 1763.2976 1763.0974 1763.4282 1761.6222 1757.4983 1753.5217 1749.8585 1748.6956 1748.9175 1750.0060 1753.2919
2186.3123 2171.0308 2159.1333 2148.8303 2137.0076 2123.8704 2110.7634 2099.9124 2084.0657 2062.6577 2060.6089 2056.8958 2048.3225 2034.8042 2007.4214 1995.4667 1985.6221 1975.1329 1967.7709 1961.7397 1954.0342 1937.3901 1923.9745 1910.6436 1898.7301 1883.6714 1866.5192 1842.8889 1823.2620 1807.9513 1797.1698 1789.9811 1784.2053 1778.6846 1772.3761 1775.3934 1774.9098 1772.0177 1771.1206 1770.8021 1770.9009 1772.3647 1775.3075 1773.4874 1766.4943 1761.0913 1759.2278 1759.5461 1761.2190 1763.6899 1765.2365 1764.4707 1762.8159 1761.2661 1760.8961 1762.3779 1765.2010 1769.4520
