Output/test13_newDEM_out.asc
ncols           133
nrows           133
xllcorner            0.000000                               
yllcorner            0.000000                               
cellsize         0.5000
NODATA_value  -9999.0000
[rows 29 to 57 of 72, columns 0 to 66 of 133]
15.0000 15.0000 15.0000 15.0000 15.0000 15.0000 15.0000 15.0000 15.0000 15.0000 15.0000 15.0000 15.0000 15.0000 15.0000 15.0000 15.0000 15.0000 15.0000 15.0000 15.0000 15.0000 15.0000 15.0000 15.0000 15.0000 15.0000 15.0000 15.0000 15.0000 15.0000 15.0000 15.0000 15.0000 15.0000 15.0000 15.0000 15.3333 13.1356 13.0921 13.0547 13.0235 12.9985 12.9796 12.9668 12.9602 12.9596 12.9652 12.9769 12.9948 13.0188 13.0489 13.0852 13.1277 13.1763 13.2312 13.2924 13.3598 13.4335 13.5135 13.6000 13.6928 13.7921 13.8980 14.0104 14.1294 14.2551
15.0000 15.0000 15.0000 15.0000 15.0000 15.0000 15.0000 15.0000 15.0000 15.0000 15.0000 15.0000 15.0000 15.0000 15.0000 15.0000 15.0000 15.0000 15.0000 15.0000 15.0000 15.0000 15.0000 15.0000 15.0000 15.0000 15.0000 15.0000 15.0000 15.0000 15.0000 15.0000 15.0000 15.0000 15.0000 15.0000 15.0000 15.3333 12.9353 12.8920 12.8548 12.8238 12.7988 12.7800 12.7673 12.7607 12.7602 12.7657 12.7774 12.7952 12.8190 12.8490 12.8851 12.9274 12.9758 13.0304 13.0913 13.1584 13.2317 13.3114 13.3974 13.4897 13.5886 13.6938 13.8057 13.9241 14.0491
15.0000 15.0000 15.0000 15.0000 15.0000 15.0000 15.0000 15.0000 15.0000 15.0000 15.0000 15.0000 15.0000 15.0000 15.0000 15.0000 15.0000 15.0000 15.0000 15.0000 15.0000 15.0000 15.0000 15.0000 15.0000 15.0000 15.0000 15.0000 15.0000 15.0000 15.0000 15.0000 15.0000 15.0000 15.0000 15.0000 15.0000 12.7913 12.7421 12.6989 12.6619 12.6310 12.6062 12.5875 12.5749 12.5683 12.5677 12.5733 12.5849 12.6026 12.6263 12.6562 12.6921 12.7342 12.7824 12.8368 12.8973 12.9641 13.0371 13.1163 13.2019 13.2939 13.3922 13.4970 13.6082 13.7260 13.8505
15.0000 15.0000 15.0000 15.0000 15.0000 15.0000 15.0000 15.0000 15.0000 15.0000 15.0000 15.0000 15.0000 15.0000 15.0000 15.0000 15.0000 15.0000 15.0000 15.0000 15.0000 15.0000 15.0000 15.0000 15.0000 15.0000 15.0000 15.0000 15.0000 15.0000 15.0000 15.0000 15.0000 15.0000 15.0000 15.0000 12.6600 12.6048 12.5558 12.5129 12.4760 12.4453 12.4206 12.4019 12.3893 12.3828 12.3823 12.3878 12.3993 12.4169 12.4406 12.4703 12.5061 12.5479 12.5959 12.6500 12.7103 12.7768 12.8494 12.9283 13.0135 13.1050 13.2029 13.3072 13.4180 13.5352 13.6590
15.0000 15.0000 15.0000 15.0000 15.0000 15.0000 15.0000 15.0000 15.0000 15.0000 15.0000 15.0000 15.0000 15.0000 15.0000 15.0000 15.0000 15.0000 15.0000 15.0000 15.0000 15.0000 15.0000 15.0000 15.0000 15.0000 15.0000 15.0000 15.0000 15.0000 15.0000 15.0000 15.0000 12.6819 12.6084 12.5412 12.4801 12.4252 12.3764 12.3336 12.2970 12.2663 12.2417 12.2232 12.2106 12.2041 12.2036 12.2091 12.2206 12.2381 12.2617 12.2912 12.3269 12.3686 12.4163 12.4702 12.5302 12.5964 12.6687 12.7473 12.8321 12.9232 13.0207 13.1245 13.2347 13.3515 13.4747
15.0000 15.0000 15.0000 15.0000 15.0000 15.0000 15.0000 15.0000 15.0000 15.0000 15.0000 15.0000 15.0000 15.0000 15.0000 15.0000 15.0000 15.0000 15.0000 15.0000 15.0000 15.0000 15.0000 15.0000 15.0000 15.0000 15.0000 15.0000 15.0000 15.0000 15.0000 12.6728 12.5873 12.5080 12.4348 12.3679 12.3071 12.2524 12.2038 12.1612 12.1247 12.0942 12.0697 12.0512 12.0387 12.0322 12.0317 12.0372 12.0486 12.0661 12.0895 12.1190 12.1545 12.1960 12.2436 12.2972 12.3570 12.4229 12.4949 12.5731 12.6576 12.7483 12.8453 12.9487 13.0585 13.1747 13.2974
15.0000 15.0000 15.0000 15.0000 15.0000 15.0000 15.0000 15.0000 15.0000 15.0000 15.0000 15.0000 15.0000 15.0000 15.0000 15.0000 15.0000 15.0000 15.0000 15.0000 15.0000 15.0000 15.0000 15.0000 15.0000 15.0000 15.0000 15.0000 15.0000 12.6941 12.5964 12.5050 12.4198 12.3408 12.2680 12.2013 12.1407 12.0863 12.0378 11.9954 11.9590 11.9287 11.9043 11.8859 11.8734 11.8670 11.8664 11.8719 11.8833 11.9007 11.9240 11.9534 11.9887 12.0301 12.0775 12.1309 12.1904 12.2561 12.3278 12.4057 12.4898 12.5802 12.6768 12.7798 12.8891 13.0048 13.1270
15.0000 15.0000 15.0000 15.0000 15.0000 15.0000 15.0000 15.0000 15.0000 15.0000 15.0000 15.0000 15.0000 15.0000 15.0000 15.0000 15.0000 15.0000 15.0000 15.0000 15.0000 15.0000 15.0000 15.0000 15.0000 15.0000 15.0000 15.0000 12.6359 12.5323 12.4350 12.3439 12.2590 12.1803 12.1078 12.0414 11.9811 11.9268 11.8785 11.8363 11.8000 11.7698 11.7455 11.7271 11.7147 11.7083 11.7078 11.7132 11.7246 11.7419 11.7652 11.7944 11.8296 11.8708 11.9180 11.9713 12.0305 12.0959 12.1674 12.2450 12.3288 12.4188 12.5150 12.6176 12.7265 12.8418 12.9635
15.0000 15.0000 15.0000 15.0000 15.0000 15.0000 15.0000 15.0000 15.0000 15.0000 15.0000 15.0000 15.0000 15.0000 15.0000 15.0000 15.0000 15.0000 15.0000 15.0000 15.0000 15.0000 15.0000 15.0000 15.0000 15.0000 15.0000 12.5899 12.4804 12.3771 12.2801 12.1894 12.1049 12.0265 11.9542 11.8880 11.8279 11.7738 11.7258 11.6837 11.6476 11.6174 11.5932 11.5749 11.5626 11.5561 11.5556 11.5610 11.5724 11.5896 11.6128 11.6419 11.6770 11.7181 11.7651 11.8182 11.8772 11.9424 12.0136 12.0909 12.1744 12.2640 12.3599 12.4621 12.5706 12.6854 12.8067
15.0000 15.0000 15.0000 15.0000 15.0000 15.0000 15.0000 15.0000 15.0000 15.0000 15.0000 15.0000 15.0000 15.0000 15.0000 15.0000 15.0000 15.0000 15.0000 15.0000 15.0000 15.0000 15.0000 15.0000 15.0000 12.6780 12.5561 12.4406 12.3314 12.2285 12.1319 12.0415 11.9573 11.8791 11.8071 11.7412 11.6813 11.6274 11.5795 11.5375 11.5015 11.4715 11.4474 11.4292 11.4168 11.4104 11.4099 11.4153 11.4266 11.4438 11.4669 11.4959 11.5309 11.5718 11.6187 11.6715 11.7304 11.7953 11.8663 11.9433 12.0265 12.1159 12.2114 12.3132 12.4213 12.5357 12.6565
15.0000 15.0000 15.0000 15.0000 15.0000 15.0000 15.0000 15.0000 15.0000 15.0000 15.0000 15.0000 15.0000 15.0000 15.0000 15.0000 15.0000 15.0000 15.0000 15.0000 15.0000 15.0000 15.0000 15.0000 12.6624 12.5344 12.4129 12.2978 12.1890 12.0865 11.9902 11.9001 11.8161 11.7383 11.6665 11.6008 11.5411 11.4873 11.4396 11.3978 11.3619 11.3320 11.3079 11.2898 11.2775 11.2711 11.2706 11.2760 11.2872 11.3044 11.3274 11.3563 11.3912 11.4319 11.4787 11.5314 11.5900 11.6547 11.7254 11.8022 11.8851 11.9742 12.0694 12.1709 12.2786 12.3926 12.5130
15.0000 15.0000 15.0000 15.0000 15.0000 15.0000 15.0000 15.0000 15.0000 15.0000 15.0000 15.0000 15.0000 15.0000 15.0000 15.0000 15.0000 15.0000 15.0000 15.0000 15.0000 15.0000 15.0000 12.6589 12.5249 12.3974 12.2763 12.1615 12.0531 11.9509 11.8549 11.7651 11.6814 11.6038 11.5322 11.4667 11.4072 11.3536 11.3060 11.2644 11.2286 11.1988 11.1748 11.1567 11.1445 11.1381 11.1376 11.1430 11.1542 11.1713 11.1942 11.2231 11.2578 11.2984 11.3450 11.3975 11.4560 11.5205 11.5910 11.6676 11.7502 11.8389 11.9339 12.0350 12.1423 12.2560 12.3760
15.0000 15.0000 15.0000 15.0000 15.0000 15.0000 15.0000 15.0000 15.0000 15.0000 15.0000 15.0000 15.0000 15.0000 15.0000 15.0000 15.0000 15.0000 15.0000 15.0000 15.0000 15.0000 12.6675 12.5274 12.3939 12.2668 12.1460 12.0316 11.9235 11.8217 11.7260 11.6364 11.5530 11.4756 11.4043 11.3390 11.2796 11.2262 11.1788 11.1372 11.1016 11.0718 11.0479 11.0299 11.0177 11.0113 11.0108 11.0162 11.0274 11.0444 11.0673 11.0960 11.1307 11.1712 11.2176 11.2700 11.3283 11.3926 11.4629 11.5392 11.6216 11.7101 11.8047 11.9055 12.0125 12.1258 12.2455
15.0000 15.0000 15.0000 15.0000 15.0000 15.0000 15.0000 15.0000 15.0000 15.0000 15.0000 15.0000 15.0000 15.0000 15.0000 15.0000 15.0000 15.0000 15.0000 15.0000 15.0000 12.6883 12.5421 12.4025 12.2693 12.1426 12.0222 11.9082 11.8004 11.6988 11.6034 11.5141 11.4309 11.3538 11.2826 11.2175 11.1583 11.1051 11.0578 11.0163 10.9808 10.9511 10.9273 10.9093 10.8971 10.8908 10.8903 10.8956 10.9068 10.9237 10.9466 10.9752 11.0098 11.0502 11.0965 11.1487 11.2069 11.2710 11.3410 11.4172 11.4993 11.5875 11.6819 11.7824 11.8891 12.0021 12.1214
15.0000 15.0000 15.0000 15.0000 15.0000 15.0000 15.0000 15.0000 15.0000 15.0000 15.0000 15.0000 15.0000 15.0000 15.0000 15.0000 15.0000 15.0000 15.0000 15.0000 15.0000 12.5689 12.4231 12.2839 12.1511 12.0247 11.9047 11.7910 11.6835 11.5822 11.4870 11.3980 11.3150 11.2381 11.1672 11.1022 11.0432 10.9901 10.9429 10.9016 10.8661 10.8365 10.8128 10.7948 10.7827 10.7764 10.7759 10.7812 10.7923 10.8093 10.8320 10.8606 10.8951 10.9354 10.9815 11.0336 11.0916 11.1555 11.2254 11.3013 11.3832 11.4712 11.5653 11.6656 11.7720 11.8846 12.0036
15.0000 15.0000 15.0000 15.0000 15.0000 15.0000 15.0000 15.0000 15.0000 15.0000 15.0000 15.0000 15.0000 15.0000 15.0000 15.0000 15.0000 15.0000 15.0000 15.0000 12.6079 12.4559 12.3105 12.1717 12.0392 11.9132 11.7935 11.6801 11.5728 11.4718 11.3769 11.2881 11.2054 11.1286 11.0579 10.9931 10.9342 10.8813 10.8342 10.7930 10.7576 10.7281 10.7044 10.6865 10.6744 10.6681 10.6676 10.6729 10.6840 10.7009 10.7236 10.7521 10.7864 10.8266 10.8727 10.9247 10.9825 11.0463 11.1160 11.1917 11.2734 11.3612 11.4550 11.5550 11.6611 11.7735 11.8921
15.0000 15.0000 15.0000 15.0000 15.0000 15.0000 15.0000 15.0000 15.0000 15.0000 15.0000 15.0000 15.0000 15.0000 15.0000 15.0000 15.0000 15.0000 15.0000 12.6590 12.5008 12.3493 12.2042 12.0657 11.9336 11.8079 11.6885 11.5753 11.4684 11.3676 11.2730 11.1844 11.1018 11.0253 10.9547 10.8900 10.8313 10.7785 10.7315 10.6904 10.6551 10.6257 10.6020 10.5842 10.5721 10.5658 10.5653 10.5706 10.5817 10.5985 10.6212 10.6496 10.6839 10.7240 10.7700 10.8218 10.8795 10.9431 11.0127 11.0882 11.1697 11.2572 11.3508 11.4506 11.5565 11.6685 11.7869
15.0000 15.0000 15.0000 15.0000 15.0000 15.0000 15.0000 15.0000 15.0000 15.0000 15.0000 15.0000 15.0000 15.0000 15.0000 15.0000 15.0000 15.0000 15.0000 12.5579 12.4001 12.2489 12.1042 11.9660 11.8342 11.7088 11.5897 11.4768 11.3701 11.2696 11.1751 11.0867 11.0044 10.9280 10.8576 10.7931 10.7345 10.6818 10.6349 10.5939 10.5587 10.5293 10.5057 10.4879 10.4758 10.4696 10.4691 10.4743 10.4854 10.5022 10.5248 10.5532 10.5874 10.6274 10.6733 10.7250 10.7825 10.8460 10.9154 10.9908 11.0721 11.1594 11.2528 11.3523 11.4580 11.5698 11.6878
15.0000 15.0000 15.0000 15.0000 15.0000 15.0000 15.0000 15.0000 15.0000 15.0000 15.0000 15.0000 15.0000 15.0000 15.0000 15.0000 15.0000 15.0000 12.6272 12.4631 12.3056 12.1547 12.0104 11.8725 11.7410 11.6159 11.4970 11.3844 11.2779 11.1776 11.0833 10.9951 10.9130 10.8367 10.7665 10.7021 10.6437 10.5911 10.5443 10.5034 10.4682 10.4389 10.4153 10.3976 10.3855 10.3793 10.3788 10.3841 10.3951 10.4119 10.4344 10.4628 10.4969 10.5368 10.5826 10.6342 10.6916 10.7549 10.8242 10.8994 10.9805 11.0677 11.1609 11.2602 11.3656 11.4771 11.5949
15.0000 15.0000 15.0000 15.0000 15.0000 15.0000 15.0000 15.0000 15.0000 15.0000 15.0000 15.0000 15.0000 15.0000 15.0000 15.0000 15.0000 15.0000 12.5383 12.3745 12.2174 12.0668 11.9228 11.7852 11.6540 11.5291 11.4105 11.2981 11.1918 11.0917 10.9976 10.9096 10.8276 10.7515 10.6814 10.6171 10.5588 10.5063 10.4596 10.4188 10.3837 10.3544 10.3309 10.3132 10.3012 10.2949 10.2945 10.2997 10.3107 10.3275 10.3500 10.3782 10.4123 10.4522 10.4978 10.5493 10.6067 10.6699 10.7390 10.8140 10.8950 10.9820 11.0750 11.1741 11.2793 11.3906 11.5082
15.0000 15.0000 15.0000 15.0000 15.0000 15.0000 15.0000 15.0000 15.0000 15.0000 15.0000 15.0000 15.0000 15.0000 15.0000 15.0000 15.0000 12.6257 12.4556 12.2921 12.1353 11.9850 11.8413 11.7040 11.5730 11.4484 11.3300 11.2178 11.1117 11.0118 10.9179 10.8300 10.7482 10.6722 10.6022 10.5381 10.4799 10.4275 10.3809 10.3401 10.3051 10.2759 10.2524 10.2347 10.2227 10.2165 10.2160 10.2213 10.2322 10.2490 10.2714 10.2997 10.3337 10.3734 10.4190 10.4704 10.5276 10.5907 10.6597 10.7346 10.8155 10.9023 10.9951 11.0940 11.1990 11.3102 11.4275
15.0000 15.0000 15.0000 15.0000 15.0000 15.0000 15.0000 15.0000 15.0000 15.0000 15.0000 15.0000 15.0000 15.0000 15.0000 15.0000 15.0000 12.5489 12.3791 12.2159 12.0594 11.9094 11.7659 11.6288 11.4981 11.3737 11.2555 11.1435 11.0376 10.9378 10.8441 10.7564 10.6747 10.5989 10.5290 10.4650 10.4069 10.3545 10.3080 10.2673 10.2324 10.2032 10.1798 10.1621 10.1501 10.1439 10.1434 10.1487 10.1596 10.1763 10.1988 10.2269 10.2609 10.3006 10.3461 10.3974 10.4546 10.5175 10.5864 10.6612 10.7419 10.8286 10.9212 11.0200 11.1248 11.2357 11.3528
15.0000 15.0000 15.0000 15.0000 15.0000 15.0000 15.0000 15.0000 15.0000 15.0000 15.0000 15.0000 15.0000 15.0000 15.0000 15.0000 12.6546 12.4783 12.3087 12.1458 11.9896 11.8399 11.6966 11.5597 11.4292 11.3050 11.1870 11.0752 10.9695 10.8699 10.7763 10.6887 10.6071 10.5314 10.4617 10.3978 10.3397 10.2875 10.2410 10.2004 10.1655 10.1364 10.1130 10.0953 10.0834 10.0772 10.0767 10.0819 10.0929 10.1095 10.1319 10.1601 10.1940 10.2336 10.2791 10.3303 10.3873 10.4502 10.5190 10.5936 10.6742 10.7608 10.8533 10.9519 11.0565 11.1673 11.2842
15.0000 15.0000 15.0000 15.0000 15.0000 15.0000 15.0000 15.0000 15.0000 15.0000 15.0000 15.0000 15.0000 15.0000 15.0000 15.0000 12.5899 12.4138 12.2445 12.0819 11.9259 11.7764 11.6333 11.4967 11.3664 11.2423 11.1245 11.0128 10.9073 10.8078 10.7144 10.6269 10.5454 10.4699 10.4002 10.3364 10.2784 10.2263 10.1799 10.1393 10.1045 10.0754 10.0520 10.0344 10.0225 10.0163 10.0158 10.0210 10.0319 10.0486 10.0709 10.0990 10.1329 10.1725 10.2178 10.2690 10.3260 10.3888 10.4574 10.5320 10.6124 10.6989 10.7913 10.8897 10.9942 11.1048 11.2215
15.0000 15.0000 15.0000 15.0000 15.0000 15.0000 15.0000 15.0000 15.0000 15.0000 15.0000 15.0000 15.0000 15.0000 15.0000 15.0000 12.5313 12.3555 12.1864 12.0240 11.8682 11.7189 11.5761 11.4396 11.3095 11.1856 11.0679 10.9564 10.8510 10.7517 10.6583 10.5710 10.4896 10.4142 10.3446 10.2808 10.2229 10.1708 10.1245 10.0840 10.0492 10.0202 9.9968 9.9792 9.9673 9.9611 9.9606 9.9658 9.9768 9.9934 10.0157 10.0438 10.0776 10.1171 10.1624 10.2135 10.2704 10.3332 10.4017 10.4762 10.5565 10.6428 10.7351 10.8334 10.9378 11.0482 11.1648
15.0000 15.0000 15.0000 15.0000 15.0000 15.0000 15.0000 15.0000 15.0000 15.0000 15.0000 15.0000 15.0000 15.0000 15.0000 12.6613 12.4789 12.3033 12.1344 11.9722 11.8166 11.6675 11.5248 11.3885 11.2585 11.1348 11.0173 10.9059 10.8006 10.7014 10.6082 10.5209 10.4397 10.3643 10.2948 10.2311 10.1733 10.1212 10.0750 10.0345 9.9997 9.9707 9.9474 9.9298 9.9179 9.9117 9.9113 9.9165 9.9274 9.9440 9.9663 9.9943 10.0281 10.0676 10.1128 10.1639 10.2207 10.2834 10.3519 10.4262 10.5065 10.5927 10.6849 10.7830 10.8873 10.9976 11.1141
15.0000 15.0000 15.0000 15.0000 15.0000 15.0000 15.0000 15.0000 15.0000 15.0000 15.0000 15.0000 15.0000 15.0000 15.0000 12.6148 12.4325 12.2571 12.0885 11.9264 11.7710 11.6220 11.4795 11.3434 11.2135 11.0899 10.9725 10.8612 10.7561 10.6570 10.5638 10.4767 10.3955 10.3202 10.2507 10.1872 10.1294 10.0774 10.0312 9.9907 9.9560 9.9270 9.9037 9.8862 9.8743 9.8681 9.8676 9.8728 9.8837 9.9003 9.9226 9.9506 9.9843 10.0238 10.0690 10.1200 10.1768 10.2394 10.3078 10.3821 10.4623 10.5484 10.6405 10.7385 10.8427 10.9529 11.0692
15.0000 15.0000 15.0000 15.0000 15.0000 15.0000 15.0000 15.0000 15.0000 15.0000 15.0000 15.0000 15.0000 15.0000 15.0000 12.5743 12.3923 12.2171 12.0485 11.8867 11.7314 11.5826 11.4402 11.3041 11.1744 11.0509 10.9336 10.8225 10.7174 10.6184 10.5253 10.4383 10.3571 10.2819 10.2125 10.1490 10.0912 10.0393 9.9931 9.9527 9.9180 9.8891 9.8658 9.8483 9.8364 9.8302 9.8297 9.8349 9.8458 9.8624 9.8846 9.9126 9.9463 9.9858 10.0309 10.0819 10.1386 10.2011 10.2695 10.3437 10.4238 10.5099 10.6019 10.6999 10.8039 10.9140 11.0302
15.0000 15.0000 15.0000 15.0000 15.0000 15.0000 15.0000 15.0000 15.0000 15.0000 15.0000 15.0000 15.0000 15.0000 15.0000 12.5400 12.3581 12.1830 12.0146 11.8529 11.6977 11.5490 11.4068 11.2708 11.1412 11.0178 10.9006 10.7895 10.6845 10.5856 10.4926 10.4056 10.3246 10.2494 10.1800 10.1166 10.0589 10.0070 9.9608 9.9204 9.8858 9.8568 9.8336 9.8161 9.8042 9.7980 9.7975 9.8027 9.8136 9.8302 9.8524 9.8804 9.9141 9.9535 9.9986 10.0495 10.1062 10.1687 10.2370 10.3112 10.3912 10.4772 10.5691 10.6670 10.7710 10.8810 10.9972
