Output/test_newDEM_out.asc
ncols           133
nrows           133
xllcorner            0.000000                               
yllcorner            0.000000                               
cellsize         0.5000
NODATA_value  -9999.0000
[rows 60 to 89 of 133, columns 0 to 66 of 133]
15.0000 15.0000 15.0000 15.0000 15.0000 15.0000 15.0000 15.0000 15.0000 15.0000 15.0000 15.0000 15.0000 15.0000 15.0000 15.0000 15.0000 15.0000 15.0000 15.0000 14.9037 14.6707 14.4002 14.1393 13.8877 13.6453 13.4118 13.1871 12.9710 12.7634 12.5640 12.3728 12.1896 12.0143 11.8467 11.6869 11.5346 11.3898 11.2524 11.1223 10.9995 10.8838 10.7752 10.6736 10.5790 10.4913 10.4104 10.3364 10.2692 10.2088 10.1550 10.1080 10.0676 10.0338 10.0067 9.9862 9.9723 9.9650 9.9642 9.9701 9.9825 10.0016 10.0272 10.0595 10.0984 10.1440 10.1963
15.0000 15.0000 15.0000 15.0000 15.0000 15.0000 15.0000 15.0000 15.0000 15.0000 15.0000 15.0000 15.0000 15.0000 15.0000 15.0000 15.0000 15.0000 15.0000 15.0000 14.8752 14.6145 14.3445 14.0840 13.8328 13.5908 13.3577 13.1333 12.9176 12.7102 12.5111 12.3202 12.1373 11.9622 11.7949 11.6353 11.4833 11.3387 11.2015 11.0716 10.9489 10.8333 10.7248 10.6234 10.5289 10.4413 10.3606 10.2867 10.2196 10.1592 10.1055 10.0586 10.0182 9.9845 9.9574 9.9369 9.9230 9.9157 9.9150 9.9209 9.9333 9.9523 9.9779 10.0102 10.0490 10.0945 10.1467
15.0000 15.0000 15.0000 15.0000 15.0000 15.0000 15.0000 15.0000 15.0000 15.0000 15.0000 15.0000 15.0000 15.0000 15.0000 15.0000 15.0000 15.0000 15.0000 15.0000 14.8233 14.5659 14.2963 14.0362 13.7854 13.5437 13.3109 13.0868 12.8713 12.6642 12.4654 12.2747 12.0920 11.9172 11.7501 11.5907 11.4388 11.2944 11.1574 11.0276 10.9051 10.7897 10.6813 10.5800 10.4856 10.3981 10.3175 10.2437 10.1767 10.1164 10.0627 10.0158 9.9755 9.9418 9.9148 9.8943 9.8804 9.8731 9.8724 9.8783 9.8907 9.9097 9.9353 9.9675 10.0063 10.0517 10.1039
15.0000 15.0000 15.0000 15.0000 15.0000 15.0000 15.0000 15.0000 15.0000 15.0000 15.0000 15.0000 15.0000 15.0000 15.0000 15.0000 15.0000 15.0000 15.0000 14.9731 14.8039 14.5249 14.2556 13.9958 13.7453 13.5038 13.2713 13.0475 12.8323 12.6254 12.4268 12.2363 12.0538 11.8792 11.7123 11.5530 11.4013 11.2571 11.1201 10.9905 10.8681 10.7528 10.6446 10.5433 10.4490 10.3617 10.2811 10.2074 10.1404 10.0801 10.0266 9.9797 9.9394 9.9058 9.8788 9.8583 9.8445 9.8372 9.8364 9.8423 9.8547 9.8737 9.8992 9.9314 9.9702 10.0156 10.0677
15.0000 15.0000 15.0000 15.0000 15.0000 15.0000 15.0000 15.0000 15.0000 15.0000 15.0000 15.0000 15.0000 15.0000 15.0000 15.0000 15.0000 15.0000 15.0000 14.9560 14.7701 14.4913 14.2223 13.9628 13.7125 13.4713 13.2390 13.0154 12.8004 12.5937 12.3953 12.2050 12.0226 11.8481 11.6814 11.5223 11.3707 11.2265 11.0897 10.9602 10.8379 10.7227 10.6145 10.5134 10.4192 10.3319 10.2514 10.1777 10.1108 10.0506 9.9970 9.9502 9.9100 9.8764 9.8493 9.8289 9.8151 9.8078 9.8070 9.8129 9.8253 9.8442 9.8698 9.9019 9.9407 9.9861 10.0381
15.0000 15.0000 15.0000 15.0000 15.0000 15.0000 15.0000 15.0000 15.0000 15.0000 15.0000 15.0000 15.0000 15.0000 15.0000 15.0000 15.0000 15.0000 15.0000 14.9428 14.7439 14.4653 14.1965 13.9372 13.6871 13.4461 13.2139 12.9905 12.7756 12.5691 12.3708 12.1806 11.9984 11.8240 11.6574 11.4984 11.3469 11.2028 11.0661 10.9367 10.8144 10.6993 10.5912 10.4901 10.3960 10.3087 10.2283 10.1547 10.0878 10.0276 9.9741 9.9273 9.8871 9.8535 9.8265 9.8061 9.7922 9.7850 9.7842 9.7901 9.8024 9.8214 9.8469 9.8791 9.9178 9.9631 10.0151
15.0000 15.0000 15.0000 15.0000 15.0000 15.0000 15.0000 15.0000 15.0000 15.0000 15.0000 15.0000 15.0000 15.0000 15.0000 15.0000 15.0000 15.0000 15.0000 14.9333 14.7252 14.4468 14.1781 13.9189 13.6690 13.4281 13.1961 12.9728 12.7580 12.5516 12.3534 12.1633 11.9812 11.8069 11.6403 11.4814 11.3299 11.1860 11.0493 10.9199 10.7977 10.6827 10.5746 10.4736 10.3795 10.2923 10.2119 10.1383 10.0714 10.0113 9.9578 9.9110 9.8708 9.8372 9.8102 9.7898 9.7760 9.7687 9.7680 9.7738 9.7862 9.8051 9.8307 9.8628 9.9015 9.9468 9.9988
15.0000 15.0000 15.0000 15.0000 15.0000 15.0000 15.0000 15.0000 15.0000 15.0000 15.0000 15.0000 15.0000 15.0000 15.0000 15.0000 15.0000 15.0000 15.0000 14.9277 14.7141 14.4358 14.1672 13.9081 13.6582 13.4174 13.1855 12.9622 12.7475 12.5411 12.3430 12.1530 11.9709 11.7966 11.6301 11.4712 11.3198 11.1759 11.0393 10.9100 10.7878 10.6727 10.5647 10.4637 10.3696 10.2824 10.2021 10.1285 10.0616 10.0015 9.9481 9.9013 9.8611 9.8275 9.8005 9.7801 9.7663 9.7590 9.7583 9.7641 9.7765 9.7955 9.8210 9.8531 9.8918 9.9371 9.9891
15.0000 15.0000 15.0000 15.0000 15.0000 15.0000 15.0000 15.0000 15.0000 15.0000 15.0000 15.0000 15.0000 15.0000 15.0000 15.0000 15.0000 15.0000 15.0000 14.9259 14.7105 14.4322 14.1637 13.9046 13.6547 13.4139 13.1820 12.9588 12.7441 12.5378 12.3396 12.1496 11.9676 11.7933 11.6268 11.4679 11.3166 11.1727 11.0361 10.9067 10.7846 10.6695 10.5615 10.4605 10.3665 10.2793 10.1989 10.1253 10.0585 9.9984 9.9449 9.8981 9.8580 9.8244 9.7974 9.7770 9.7632 9.7559 9.7552 9.7610 9.7734 9.7923 9.8178 9.8499 9.8886 9.9339 9.9859
15.0000 15.0000 15.0000 15.0000 15.0000 15.0000 15.0000 15.0000 15.0000 15.0000 15.0000 15.0000 15.0000 15.0000 15.0000 15.0000 15.0000 15.0000 15.0000 14.9279 14.7144 14.4361 14.1675 13.9084 13.6585 13.4177 13.1858 12.9625 12.7478 12.5414 12.3433 12.1533 11.9712 11.7969 11.6304 11.4715 11.3202 11.1762 11.0396 10.9103 10.7881 10.6730 10.5650 10.4640 10.3699 10.2827 10.2024 10.1288 10.0619 10.0018 9.9484 9.9016 9.8614 9.8278 9.8008 9.7804 9.7666 9.7593 9.7586 9.7644 9.7768 9.7957 9.8213 9.8534 9.8921 9.9374 9.9894
15.0000 15.0000 15.0000 15.0000 15.0000 15.0000 15.0000 15.0000 15.0000 15.0000 15.0000 15.0000 15.0000 15.0000 15.0000 15.0000 15.0000 15.0000 15.0000 14.9337 14.7259 14.4475 14.1788 13.9196 13.6696 13.4288 13.1967 12.9734 12.7586 12.5522 12.3540 12.1639 11.9818 11.8075 11.6409 11.4820 11.3306 11.1866 11.0499 10.9205 10.7983 10.6833 10.5752 10.4742 10.3801 10.2928 10.2125 10.1388 10.0720 10.0118 9.9584 9.9116 9.8714 9.8378 9.8108 9.7904 9.7766 9.7693 9.7686 9.7744 9.7868 9.8057 9.8312 9.8634 9.9021 9.9474 9.9994
15.0000 15.0000 15.0000 15.0000 15.0000 15.0000 15.0000 15.0000 15.0000 15.0000 15.0000 15.0000 15.0000 15.0000 15.0000 15.0000 15.0000 15.0000 15.0000 14.9433 14.7449 14.4663 14.1975 13.9381 13.6881 13.4470 13.2149 12.9915 12.7766 12.5700 12.3718 12.1816 11.9993 11.8250 11.6583 11.4993 11.3478 11.2037 11.0670 10.9376 10.8153 10.7002 10.5921 10.4910 10.3969 10.3096 10.2292 10.1555 10.0887 10.0285 9.9750 9.9282 9.8880 9.8544 9.8274 9.8070 9.7931 9.7858 9.7851 9.7909 9.8033 9.8223 9.8478 9.8799 9.9187 9.9640 10.0160
15.0000 15.0000 15.0000 15.0000 15.0000 15.0000 15.0000 15.0000 15.0000 15.0000 15.0000 15.0000 15.0000 15.0000 15.0000 15.0000 15.0000 15.0000 15.0000 14.9567 14.7714 14.4927 14.2236 13.9641 13.7138 13.4726 13.2403 13.0167 12.8016 12.5950 12.3965 12.2062 12.0239 11.8494 11.6826 11.5235 11.3719 11.2277 11.0909 10.9614 10.8391 10.7239 10.6157 10.5146 10.4204 10.3330 10.2526 10.1789 10.1119 10.0517 9.9982 9.9514 9.9111 9.8775 9.8505 9.8301 9.8162 9.8089 9.8082 9.8140 9.8264 9.8454 9.8710 9.9031 9.9418 9.9872 10.0393
15.0000 15.0000 15.0000 15.0000 15.0000 15.0000 15.0000 15.0000 15.0000 15.0000 15.0000 15.0000 15.0000 15.0000 15.0000 15.0000 15.0000 15.0000 15.0000 14.9739 14.8056 14.5265 14.2572 13.9974 13.7469 13.5054 13.2729 13.0491 12.8338 12.6270 12.4284 12.2379 12.0554 11.8807 11.7138 11.5546 11.4028 11.2586 11.1217 10.9920 10.8696 10.7543 10.6460 10.5448 10.4505 10.3631 10.2826 10.2088 10.1419 10.0816 10.0280 9.9811 9.9409 9.9073 9.8802 9.8598 9.8459 9.8386 9.8379 9.8437 9.8561 9.8751 9.9007 9.9328 9.9716 10.0171 10.0691
15.0000 15.0000 15.0000 15.0000 15.0000 15.0000 15.0000 15.0000 15.0000 15.0000 15.0000 15.0000 15.0000 15.0000 15.0000 15.0000 15.0000 15.0000 15.0000 15.0000 14.8251 14.5679 14.2982 14.0381 13.7873 13.5456 13.3128 13.0887 12.8732 12.6661 12.4673 12.2766 12.0939 11.9191 11.7520 11.5925 11.4407 11.2962 11.1592 11.0294 10.9069 10.7915 10.6831 10.5818 10.4874 10.3999 10.3193 10.2455 10.1784 10.1181 10.0645 10.0176 9.9773 9.9436 9.9165 9.8961 9.8822 9.8749 9.8742 9.8800 9.8924 9.9114 9.9370 9.9692 10.0080 10.0535 10.1056
15.0000 15.0000 15.0000 15.0000 15.0000 15.0000 15.0000 15.0000 15.0000 15.0000 15.0000 15.0000 15.0000 15.0000 15.0000 15.0000 15.0000 15.0000 15.0000 15.0000 14.8763 14.6168 14.3468 14.0863 13.8351 13.5931 13.3600 13.1356 12.9198 12.7124 12.5133 12.3224 12.1394 11.9644 11.7971 11.6375 11.4854 11.3408 11.2036 11.0737 10.9510 10.8354 10.7269 10.6255 10.5310 10.4434 10.3627 10.2888 10.2217 10.1613 10.1076 10.0606 10.0203 9.9866 9.9595 9.9390 9.9251 9.9178 9.9171 9.9229 9.9353 9.9544 9.9800 10.0122 10.0511 10.0966 10.1488
15.0000 15.0000 15.0000 15.0000 15.0000 15.0000 15.0000 15.0000 15.0000 15.0000 15.0000 15.0000 15.0000 15.0000 15.0000 15.0000 15.0000 15.0000 15.0000 15.0000 14.9051 14.6734 14.4029 14.1419 13.8904 13.6479 13.4144 13.1897 12.9736 12.7659 12.5665 12.3753 12.1921 12.0167 11.8492 11.6893 11.5371 11.3923 11.2549 11.1247 11.0019 10.8862 10.7775 10.6760 10.5813 10.4936 10.4128 10.3388 10.2716 10.2111 10.1574 10.1103 10.0699 10.0362 10.0091 9.9885 9.9746 9.9673 9.9666 9.9724 9.9849 10.0039 10.0296 10.0619 10.1008 10.1464 10.1986
15.0000 15.0000 15.0000 15.0000 15.0000 15.0000 15.0000 15.0000 15.0000 15.0000 15.0000 15.0000 15.0000 15.0000 15.0000 15.0000 15.0000 15.0000 15.0000 15.0000 14.9376 14.7375 14.4665 14.2051 13.9530 13.7101 13.4762 13.2511 13.0346 12.8266 12.6268 12.4353 12.2517 12.0761 11.9083 11.7482 11.5957 11.4506 11.3130 11.1827 11.0596 10.9437 10.8350 10.7332 10.6384 10.5506 10.4697 10.3956 10.3282 10.2677 10.2139 10.1667 10.1263 10.0925 10.0653 10.0448 10.0308 10.0235 10.0228 10.0286 10.0411 10.0602 10.0859 10.1182 10.1572 10.2028 10.2551
15.0000 15.0000 15.0000 15.0000 15.0000 15.0000 15.0000 15.0000 15.0000 15.0000 15.0000 15.0000 15.0000 15.0000 15.0000 15.0000 15.0000 15.0000 15.0000 15.0000 14.9739 14.8094 14.5378 14.2758 14.0232 13.7798 13.5454 13.3199 13.1029 12.8945 12.6944 12.5024 12.3186 12.1426 11.9745 11.8141 11.6613 11.5160 11.3781 11.2476 11.1243 11.0082 10.8992 10.7973 10.7024 10.6144 10.5333 10.4591 10.3916 10.3310 10.2771 10.2298 10.1893 10.1555 10.1283 10.1077 10.0937 10.0864 10.0856 10.0915 10.1040 10.1231 10.1489 10.1812 10.2203 10.2660 10.3184
15.0000 15.0000 15.0000 15.0000 15.0000 15.0000 15.0000 15.0000 15.0000 15.0000 15.0000 15.0000 15.0000 15.0000 15.0000 15.0000 15.0000 15.0000 15.0000 15.0000 15.0000 14.8476 14.6167 14.3541 14.1009 13.8570 13.6221 13.3960 13.1786 12.9697 12.7691 12.5768 12.3925 12.2162 12.0478 11.8870 11.7339 11.5883 11.4502 11.3194 11.1959 11.0795 10.9704 10.8682 10.7731 10.6850 10.6037 10.5294 10.4618 10.4010 10.3470 10.2997 10.2591 10.2252 10.1979 10.1773 10.1633 10.1560 10.1553 10.1611 10.1737 10.1928 10.2186 10.2510 10.2901 10.3359 10.3885
15.0000 15.0000 15.0000 15.0000 15.0000 15.0000 15.0000 15.0000 15.0000 15.0000 15.0000 15.0000 15.0000 15.0000 15.0000 15.0000 15.0000 15.0000 15.0000 15.0000 15.0000 14.9183 14.7033 14.4400 14.1862 13.9417 13.7062 13.4795 13.2616 13.0522 12.8512 12.6584 12.4737 12.2970 12.1282 11.9671 11.8136 11.6677 11.5293 11.3982 11.2744 11.1578 11.0484 10.9461 10.8508 10.7624 10.6810 10.6065 10.5388 10.4779 10.4238 10.3764 10.3357 10.3017 10.2744 10.2537 10.2397 10.2324 10.2316 10.2375 10.2501 10.2692 10.2951 10.3276 10.3668 10.4127 10.4653
15.0000 15.0000 15.0000 15.0000 15.0000 15.0000 15.0000 15.0000 15.0000 15.0000 15.0000 15.0000 15.0000 15.0000 15.0000 15.0000 15.0000 15.0000 15.0000 15.0000 15.0000 14.9661 14.7977 14.5337 14.2792 14.0339 13.7978 13.5706 13.3521 13.1421 12.9406 12.7473 12.5622 12.3850 12.2158 12.0543 11.9005 11.7542 11.6154 11.4840 11.3600 11.2431 11.1334 11.0309 10.9353 10.8468 10.7652 10.6905 10.6227 10.5616 10.5074 10.4599 10.4191 10.3850 10.3577 10.3370 10.3229 10.3155 10.3148 10.3207 10.3333 10.3525 10.3784 10.4110 10.4502 10.4962 10.5490
15.0000 15.0000 15.0000 15.0000 15.0000 15.0000 15.0000 15.0000 15.0000 15.0000 15.0000 15.0000 15.0000 15.0000 15.0000 15.0000 15.0000 15.0000 15.0000 15.0000 15.0000 15.0000 14.8473 14.6351 14.3798 14.1339 13.8970 13.6692 13.4500 13.2395 13.0374 12.8436 12.6579 12.4803 12.3106 12.1487 11.9945 11.8478 11.7087 11.5770 11.4526 11.3354 11.2255 11.1226 11.0269 10.9381 10.8563 10.7814 10.7134 10.6522 10.5979 10.5502 10.5094 10.4752 10.4478 10.4270 10.4130 10.4056 10.4048 10.4107 10.4233 10.4426 10.4686 10.5012 10.5406 10.5867 10.6396
15.0000 15.0000 15.0000 15.0000 15.0000 15.0000 15.0000 15.0000 15.0000 15.0000 15.0000 15.0000 15.0000 15.0000 15.0000 15.0000 15.0000 15.0000 15.0000 15.0000 15.0000 15.0000 14.9372 14.7444 14.4883 14.2415 14.0039 13.7753 13.5555 13.3444 13.1417 12.9473 12.7611 12.5829 12.4127 12.2503 12.0957 11.9486 11.8091 11.6770 11.5523 11.4348 11.3246 11.2215 11.1254 11.0364 10.9544 10.8793 10.8111 10.7498 10.6953 10.6475 10.6066 10.5723 10.5448 10.5240 10.5099 10.5025 10.5017 10.5077 10.5203 10.5396 10.5656 10.5984 10.6379 10.6841 10.7371
15.0000 15.0000 15.0000 15.0000 15.0000 15.0000 15.0000 15.0000 15.0000 15.0000 15.0000 15.0000 15.0000 15.0000 15.0000 15.0000 15.0000 15.0000 15.0000 15.0000 15.0000 15.0000 15.0000 14.8016 14.6046 14.3570 14.1186 13.8892 13.6687 13.4568 13.2534 13.0584 12.8716 12.6929 12.5222 12.3593 12.2042 12.0567 11.9167 11.7843 11.6591 11.5413 11.4308 11.3274 11.2311 11.1418 11.0596 10.9843 10.9159 10.8544 10.7997 10.7518 10.7107 10.6764 10.6488 10.6279 10.6138 10.6063 10.6056 10.6116 10.6242 10.6436 10.6697 10.7025 10.7421 10.7885 10.8416
15.0000 15.0000 15.0000 15.0000 15.0000 15.0000 15.0000 15.0000 15.0000 15.0000 15.0000 15.0000 15.0000 15.0000 15.0000 15.0000 15.0000 15.0000 15.0000 15.0000 15.0000 15.0000 15.0000 14.9274 14.7288 14.4803 14.2410 14.0108 13.7895 13.5769 13.3728 13.1771 12.9897 12.8104 12.6391 12.4757 12.3201 12.1721 12.0317 11.8988 11.7733 11.6551 11.5442 11.4404 11.3438 11.2543 11.1718 11.0963 11.0277 10.9660 10.9112 10.8631 10.8219 10.7875 10.7598 10.7389 10.7247 10.7172 10.7165 10.7225 10.7352 10.7546 10.7808 10.8137 10.8534 10.8999 10.9532
15.0000 15.0000 15.0000 15.0000 15.0000 15.0000 15.0000 15.0000 15.0000 15.0000 15.0000 15.0000 15.0000 15.0000 15.0000 15.0000 15.0000 15.0000 15.0000 15.0000 15.0000 15.0000 15.0000 15.0000 14.7935 14.6116 14.3714 14.1403 13.9181 13.7047 13.4999 13.3035 13.1154 12.9354 12.7635 12.5995 12.4433 12.2949 12.1540 12.0206 11.8947 11.7761 11.6648 11.5607 11.4638 11.3740 11.2912 11.2155 11.1467 11.0848 11.0297 10.9816 10.9402 10.9057 10.8779 10.8569 10.8427 10.8352 10.8344 10.8404 10.8532 10.8727 10.8989 10.9320 10.9718 11.0185 11.0719
15.0000 15.0000 15.0000 15.0000 15.0000 15.0000 15.0000 15.0000 15.0000 15.0000 15.0000 15.0000 15.0000 15.0000 15.0000 15.0000 15.0000 15.0000 15.0000 15.0000 15.0000 15.0000 15.0000 15.0000 14.9366 14.7509 14.5097 14.2777 14.0546 13.8403 13.6347 13.4375 13.2487 13.0681 12.8955 12.7309 12.5741 12.4251 12.2837 12.1499 12.0235 11.9045 11.7928 11.6884 11.5911 11.5010 11.4179 11.3419 11.2728 11.2107 11.1555 11.1072 11.0657 11.0310 11.0032 10.9821 10.9678 10.9603 10.9595 10.9656 10.9783 10.9979 11.0242 11.0574 11.0974 11.1442 11.1979
15.0000 15.0000 15.0000 15.0000 15.0000 15.0000 15.0000 15.0000 15.0000 15.0000 15.0000 15.0000 15.0000 15.0000 15.0000 15.0000 15.0000 15.0000 15.0000 15.0000 15.0000 15.0000 15.0000 15.0000 15.0000 14.8232 14.6562 14.4231 14.1991 13.9839 13.7774 13.5794 13.3898 13.2084 13.0352 12.8699 12.7125 12.5629 12.4209 12.2866 12.1597 12.0403 11.9282 11.8233 11.7257 11.6353 11.5519 11.4756 11.4063 11.3439 11.2885 11.2400 11.1984 11.1636 11.1356 11.1145 11.1002 11.0926 11.0919 11.0979 11.1107 11.1303 11.1568 11.1901 11.2302 11.2772 11.3310
15.0000 15.0000 15.0000 15.0000 15.0000 15.0000 15.0000 15.0000 15.0000 15.0000 15.0000 15.0000 15.0000 15.0000 15.0000 15.0000 15.0000 15.0000 15.0000 15.0000 15.0000 15.0000 15.0000 15.0000 15.0000 15.0000 14.7323 14.5766 14.3516 14.1354 13.9280 13.7292 13.5387 13.3566 13.1826 13.0166 12.8586 12.7083 12.5658 12.4309 12.3035 12.1836 12.0710 11.9658 11.8678 11.7770 11.6933 11.6167 11.5471 11.4845 11.4289 11.3802 11.3384 11.3035 11.2754 11.2542 11.2398 11.2322 11.2315 11.2375 11.2504 11.2701 11.2966 11.3300 11.3703 11.4175 11.4715
