Output/test_newDEM_out.asc
ncols            97
nrows            97
xllcorner           0.0000                                  
yllcorner           0.0000                                  
cellsize        43.3014
NODATA_value  -9999.0000
[rows 29 to 57 of 97, columns 0 to 64 of 97]
0.0000 0.0000 0.0000 0.0000 0.0000 0.0000 0.0000 0.0000 0.0000 0.0000 0.0000 0.0000 0.0000 4.3846 26.2829 48.0284 69.6103 91.0171 112.2360 133.2532 154.0538 153.9220 146.7138 132.9746 120.5711 109.4715 99.6480 91.0767 83.7372 77.6125 72.6884 68.9540 66.4009 65.0234 64.8185 65.7857 67.9271 71.2476 75.7544 81.4578 88.3707 96.5090 105.8921 116.5424 128.4864 141.7546 156.3817 172.4079 189.8787 208.8461 229.3693 251.5163 275.3647 301.0036 328.5361 358.0819 389.7810 423.7984 451.7532 451.1375 438.1949 424.4568 409.9788 394.8141 379.0129
0.0000 0.0000 0.0000 0.0000 0.0000 0.0000 0.0000 0.0000 0.0000 0.0000 0.0000 0.0000 0.0000 16.0666 38.2308 60.2527 82.1220 103.8276 125.3572 146.6976 154.4907 145.3600 130.4105 116.8160 104.5410 93.5546 83.8300 75.3440 68.0768 62.0119 57.1356 53.4373 50.9087 49.5444 49.3414 50.2994 52.4202 55.7087 60.1719 65.8197 72.6647 80.7223 90.0113 100.5535 112.3746 125.5038 139.9751 155.8270 173.1036 191.8550 212.1382 234.0185 257.5702 282.8790 310.0431 339.1768 370.4128 403.9076 430.2354 472.6244 459.1673 444.9099 429.9123 414.2313 397.9203
0.0000 0.0000 0.0000 0.0000 0.0000 0.0000 0.0000 0.0000 0.0000 0.0000 0.0000 0.0000 4.6985 27.2462 49.6711 71.9644 94.1165 116.1165 137.9530 158.4314 146.4751 130.2925 115.4883 102.0236 89.8639 78.9792 69.3434 60.9340 53.7318 47.7207 42.8874 39.2215 36.7150 35.3625 35.1613 36.1109 38.2133 41.4730 45.8970 51.4948 58.2787 66.2639 75.4684 85.9135 97.6241 110.6287 124.9602 140.6560 157.7587 176.3167 196.3853 218.0273 241.3145 266.3290 293.1654 321.9329 352.7584 385.7907 421.2058 449.4007 479.7837 464.9766 449.4321 433.2108 416.3691
0.0000 0.0000 0.0000 0.0000 0.0000 0.0000 0.0000 0.0000 0.0000 0.0000 0.0000 0.0000 15.1142 37.9059 60.5853 83.1440 105.5728 127.8618 150.0000 143.7069 132.6198 116.5819 101.9077 88.5589 76.5023 65.7085 56.1522 47.8114 40.6674 34.7045 29.9097 26.2728 23.7860 22.4443 22.2447 23.1868 25.2726 28.5065 32.8953 38.4484 45.1777 53.0979 62.2268 72.5850 84.1969 97.0902 111.2968 126.8531 143.8005 162.1862 182.0635 203.4934 226.5453 251.2985 277.8440 306.2870 336.7493 369.3734 404.3272 441.8102 471.6551 484.6118 468.4927 451.7072 434.3146
0.0000 0.0000 0.0000 0.0000 0.0000 0.0000 0.0000 0.0000 0.0000 0.0000 0.0000 1.8768 25.0000 48.0284 70.9548 93.7716 116.4701 139.0412 152.4411 137.4038 120.1019 104.1927 89.6338 76.3882 64.4233 53.7104 44.2249 35.9451 28.8530 22.9329 18.1724 14.5613 12.0922 10.7599 10.5617 11.4972 13.5683 16.7792 21.1367 26.6499 33.3305 41.1930 50.2545 60.5355 72.0595 84.8537 98.9493 114.3818 131.1914 149.4241 169.1318 190.3738 213.2173 237.7393 264.0278 292.1845 322.3268 354.5918 389.1405 426.1639 465.8913 495.6468 487.0429 469.6699 451.7072
0.0000 0.0000 0.0000 0.0000 0.0000 0.0000 0.0000 0.0000 0.0000 0.0000 0.0000 10.9980 34.3396 57.5962 80.7612 103.8276 126.7875 149.6324 139.4381 126.0650 108.8892 93.0935 78.6365 65.4819 53.5980 42.9566 33.5336 25.3079 18.2615 12.3794 7.6492 4.0610 1.6075 0.2836 0.0866 1.0162 3.0742 6.2648 10.5946 16.0726 22.7102 30.5216 39.5236 49.7363 61.1827 73.8894 87.8870 103.2101 119.8982 137.9960 157.5543 178.6308 201.2910 225.6098 251.6728 279.5783 309.4402 341.3910 375.5859 412.2086 451.4791 485.4740 505.0253 487.0429 468.4927
0.0000 0.0000 0.0000 0.0000 0.0000 0.0000 0.0000 0.0000 0.0000 0.0000 0.0000 19.5664 43.1170 66.5923 89.9863 113.2926 136.5042 150.4263 134.4996 116.0192 98.9537 83.2571 68.8892 55.8144 44.0013 33.4225 24.0542 15.8758 8.8696 3.0207 -1.6829 -5.2510 -7.6909 -9.0075 -9.2033 -8.2789 -6.2324 -3.0595 1.2460 6.6931 13.2930 21.0596 30.0095 40.1624 51.5409 64.1711 78.0829 93.3105 109.8923 127.8723 147.3001 168.2322 190.7326 214.8743 240.7407 268.4278 298.0461 329.7242 363.6124 399.8885 438.7643 480.4957 512.5576 503.7642 484.6118
0.0000 0.0000 0.0000 0.0000 0.0000 0.0000 0.0000 0.0000 0.0000 0.0000 3.7571 27.5675 51.3167 75.0000 98.6122 122.1475 145.5996 141.3890 125.6165 107.2415 90.2711 74.6602 60.3693 47.3633 35.6115 25.0869 15.7659 7.6284 0.6569 -5.1632 -9.8439 -13.3946 -15.8227 -17.1329 -17.3278 -16.4078 -14.3712 -11.2138 -6.9292 -1.5089 5.0584 12.7863 21.6912 31.7923 43.1121 55.6761 69.5139 84.6589 101.1490 119.0273 138.3425 159.1501 181.5127 205.5018 231.1992 258.6984 288.1074 319.5514 353.1768 389.1561 427.6946 469.0397 506.4928 519.7657 500.0000
0.0000 0.0000 0.0000 0.0000 0.0000 0.0000 0.0000 0.0000 0.0000 0.0000 10.9980 34.9870 58.9235 82.8032 106.6216 130.3736 152.2577 137.7275 117.9960 99.7104 82.8208 67.2827 53.0572 40.1098 28.4100 17.9314 8.6508 0.5480 -6.3940 -12.1896 -16.8507 -20.3867 -22.8047 -24.1094 -24.3036 -23.3874 -21.3592 -18.2149 -13.9482 -8.5506 -2.0111 5.6839 14.5505 24.6077 35.8775 48.3853 62.1601 77.2349 93.6471 111.4391 130.6588 151.3607 173.6065 197.4664 223.0205 250.3607 279.5927 310.8390 344.2426 379.9716 418.2262 459.2465 503.3257 532.8548 514.5878
0.0000 0.0000 0.0000 0.0000 0.0000 0.0000 0.0000 0.0000 0.0000 0.0000 17.6559 41.8116 65.9229 89.9863 113.9977 137.9530 149.1151 131.2690 111.6195 93.4081 76.5855 61.1079 46.9367 34.0378 22.3813 11.9409 2.6937 -5.3802 -12.2976 -18.0729 -22.7177 -26.2415 -28.6511 -29.9514 -30.1448 -29.2318 -27.2106 -24.0772 -19.8254 -14.4467 -7.9302 -0.2626 8.5722 18.5928 29.8212 42.2823 56.0049 71.0215 87.3690 105.0894 124.2299 144.8442 166.9932 190.7461 216.1817 243.3903 272.4760 303.5589 336.7794 372.3022 410.3228 451.0760 494.8473 532.1649 528.3009
0.0000 0.0000 0.0000 0.0000 0.0000 0.0000 0.0000 0.0000 0.0000 0.0000 23.7188 48.0284 72.3012 96.5345 120.7247 144.8684 144.7477 126.0555 106.4717 88.3199 71.5509 56.1217 41.9941 29.1342 17.5124 7.1027 -2.1177 -10.1684 -17.0661 -22.8251 -27.4569 -30.9708 -33.3737 -34.6704 -34.8633 -33.9528 -31.9372 -28.8126 -24.5727 -19.2091 -12.7111 -5.0655 3.7437 13.7351 24.9302 37.3539 51.0346 66.0045 82.3002 99.9631 119.0402 139.5844 161.6559 185.3230 210.6638 237.7672 266.7359 297.6883 330.7626 366.1208 403.9550 444.4956 488.0221 530.2565 541.0610
0.0000 0.0000 0.0000 0.0000 0.0000 0.0000 0.0000 0.0000 0.0000 4.6985 29.1756 53.6253 78.0456 102.4338 126.7875 151.1037 143.0905 122.0745 102.5406 84.4339 67.7058 52.3134 38.2187 25.3885 13.7930 3.4066 -5.7934 -13.8264 -20.7092 -26.4557 -31.0776 -34.5840 -36.9819 -38.2758 -38.4683 -37.5597 -35.5484 -32.4304 -28.1996 -22.8475 -16.3636 -8.7346 0.0552 10.0242 21.1941 33.5893 47.2381 62.1726 78.4289 96.0483 115.0771 135.5681 157.5808 181.1830 206.4518 233.4755 262.3555 293.2090 326.1726 361.4063 399.0997 439.4796 482.8214 529.4642 552.7864
0.0000 0.0000 0.0000 0.0000 0.0000 0.0000 0.0000 0.0000 0.0000 9.4194 34.0160 58.5915 83.1440 107.6716 132.1723 155.4714 140.2944 119.3164 99.8169 81.7413 65.0414 49.6744 35.6026 22.7927 11.2155 0.8452 -8.3407 -16.3616 -23.2340 -28.9720 -33.5871 -37.0883 -39.4826 -40.7746 -40.9668 -40.0596 -38.0513 -34.9379 -30.7133 -25.3692 -18.8950 -11.2775 -2.5011 7.4526 18.6050 30.9806 44.6074 59.5174 75.7466 93.3358 112.3315 132.7857 154.7578 178.3152 203.5344 230.5031 259.3220 290.1076 322.9950 358.1430 395.7394 436.0089 479.2238 525.7193 558.5136
0.0000 0.0000 0.0000 0.0000 0.0000 0.0000 0.0000 0.0000 0.0000 13.5290 38.2308 62.9168 87.5856 112.2360 136.8662 155.4309 138.7314 117.7746 98.2944 80.2361 63.5519 48.1990 34.1400 21.3415 9.7745 -0.5869 -9.7649 -17.7790 -24.6457 -30.3789 -34.9901 -38.4885 -40.8808 -42.1718 -42.3638 -41.4574 -39.4507 -36.3398 -32.1187 -26.7791 -20.3103 -12.6992 -3.9303 6.0148 17.1574 29.5221 43.1367 58.0330 74.2470 91.8196 110.7966 131.2304 153.1799 176.7123 201.9039 228.8420 257.6269 288.3745 321.2195 356.3198 393.8623 434.0704 477.2148 523.6284 560.3125
0.0000 0.0000 0.0000 0.0000 0.0000 0.0000 0.0000 0.0000 0.0000 17.0198 41.8116 66.5923 91.3609 116.1165 140.8580 156.1545 138.3979 117.4456 97.9694 79.9149 63.2340 47.8842 33.8278 21.0318 9.4669 -0.8925 -10.0689 -18.0815 -24.9470 -30.6792 -35.2896 -38.7873 -41.1792 -42.4700 -42.6620 -41.7557 -39.7493 -36.6390 -32.4187 -27.0800 -20.6123 -13.0027 -4.2353 5.7079 16.8485 29.2108 42.8228 57.7162 73.9270 91.4960 110.4691 130.8985 152.8432 176.3703 201.5560 228.4875 257.2652 288.0047 320.8407 355.9309 393.4618 433.6569 476.7862 523.1825 562.7413
0.0000 0.0000 0.0000 0.0000 0.0000 0.0000 0.0000 0.0000 0.0000 19.8852 44.7513 69.6103 94.4615 119.3043 144.1379 157.6455 139.2930 118.3286 98.8414 80.7770 64.0871 48.7291 34.6655 21.8630 10.2923 -0.0723 -9.2532 -17.2697 -24.1384 -29.8734 -34.4860 -37.9854 -40.3784 -41.6697 -41.8619 -40.9551 -38.9478 -35.8361 -31.6137 -26.2725 -19.8017 -12.1884 -3.4168 6.5314 17.6776 30.0461 43.6651 58.5664 74.7858 92.3644 111.3481 131.7892 153.7469 177.2882 202.4897 229.4388 258.2359 288.9971 321.8574 356.9748 394.5366 434.7668 477.9365 524.3795 565.8085
0.0000 0.0000 0.0000 0.0000 0.0000 0.0000 0.0000 0.0000 0.0000 22.1196 47.0441 71.9644 96.8804 121.7916 146.6976 159.9074 141.4189 120.4256 100.9123 82.8242 66.1129 50.7357 36.6548 23.8367 12.2522 1.8754 -7.3162 -15.3419 -22.2185 -27.9600 -32.5778 -36.0811 -38.4768 -39.7696 -39.9619 -39.0542 -37.0446 -33.9294 -29.7023 -24.3550 -17.8769 -10.2548 -1.4730 8.4869 19.6463 32.0298 45.6654 60.5852 76.8253 94.4267 113.4357 133.9047 155.8931 179.4685 204.7076 231.6984 260.5418 291.3547 324.2727 359.4551 397.0904 437.4042 480.6701 527.2247 569.5218
0.0000 0.0000 0.0000 0.0000 0.0000 0.0000 0.0000 0.0000 0.0000 23.7188 48.6851 73.6496 98.6122 123.5726 148.5307 162.9440 144.7807 123.7416 104.1869 86.0612 69.3161 53.9083 39.7998 26.9572 15.3507 4.9545 -4.2540 -12.2944 -19.1834 -24.9352 -29.5612 -33.0708 -35.4707 -36.7658 -36.9584 -36.0491 -34.0360 -30.9152 -26.6806 -21.3237 -14.8339 -7.1979 1.6000 11.5784 22.7588 35.1659 48.8280 63.7773 80.0501 97.6877 116.7367 137.2499 159.2872 182.9166 208.2154 235.2725 264.1895 295.0844 328.0943 363.3800 401.1322 441.5792 484.9981 531.7305 573.8871
0.0000 0.0000 0.0000 0.0000 0.0000 0.0000 0.0000 0.0000 0.0000 24.6795 49.6711 74.6622 99.6528 124.6429 149.6324 166.7598 149.3866 128.2845 108.6727 90.4954 73.7036 58.2537 44.1074 31.2309 19.5943 9.1715 -0.0603 -8.1209 -15.0271 -20.7930 -25.4304 -28.9485 -31.3543 -32.6524 -32.8456 -31.9341 -29.9161 -26.7877 -22.5427 -17.1727 -10.6668 -3.0117 5.8084 15.8122 27.0215 39.4612 53.1598 68.1496 84.4674 102.1549 121.2590 141.8331 163.9377 187.6414 213.0226 240.1709 269.1895 300.1976 333.3342 368.7625 406.6762 447.3074 490.9381 537.9169 578.9087
0.0000 0.0000 0.0000 0.0000 0.0000 0.0000 0.0000 0.0000 0.0000 25.0000 50.0000 75.0000 100.0000 125.0000 150.0000 171.3595 155.2481 134.0652 114.3803 96.1369 79.2853 63.7816 49.5869 36.6670 24.9918 14.5349 5.2733 -2.8131 -9.7411 -15.5252 -20.1771 -23.7061 -26.1194 -27.4216 -27.6153 -26.7009 -24.6767 -21.5386 -17.2804 -11.8935 -5.3670 2.3124 11.1609 21.1974 32.4436 44.9250 58.6701 73.7118 90.0873 107.8386 127.0133 147.6655 169.8563 193.6554 219.1421 246.4076 275.5564 306.7098 340.0093 375.6210 413.7425 454.6109 498.5148 545.8116 584.5884
0.0000 0.0000 0.0000 0.0000 0.0000 0.0000 0.0000 0.0000 0.0000 24.6795 49.6711 74.6622 99.6528 124.6429 149.6324 174.6213 162.3799 141.0978 121.3232 102.9987 86.0739 70.5041 56.2501 43.2772 31.5548 21.0561 11.7579 3.6400 -3.3149 -9.1211 -13.7908 -17.3332 -19.7556 -21.0627 -21.2572 -20.3394 -18.3075 -15.1575 -10.8830 -5.4755 1.0761 8.7855 17.6687 27.7451 39.0366 51.5690 65.3712 80.4765 96.9226 114.7522 134.0135 154.7614 177.0581 200.9742 226.5907 254.0000 283.3090 314.6413 348.1413 383.9792 422.3571 463.5185 507.7603 555.4511 590.9260
0.0000 0.0000 0.0000 0.0000 0.0000 0.0000 0.0000 0.0000 0.0000 23.7188 48.6851 73.6496 98.6122 123.5726 148.5307 173.4862 166.5601 149.3998 129.5182 111.0971 94.0850 78.4366 64.1120 51.0758 39.2972 28.7488 19.4072 11.2517 4.2650 -1.5677 -6.2584 -9.8168 -12.2500 -13.5630 -13.7583 -12.8364 -10.7955 -7.6313 -3.3376 2.0945 8.6761 16.4209 25.3456 35.4694 46.8148 59.4079 73.2781 88.4592 104.9895 122.9123 142.2769 163.1389 185.5618 209.6177 235.3890 262.9704 292.4709 324.0173 357.7576 393.8666 432.5523 474.0661 518.7150 566.8815 596.8871
0.0000 0.0000 0.0000 0.0000 0.0000 0.0000 0.0000 0.0000 0.0000 22.1196 47.0441 71.9644 96.8804 121.7916 146.6976 171.5979 178.6208 158.9921 138.9855 120.4514 103.3374 87.5973 73.1902 60.0803 48.2360 37.6297 28.2374 20.0381 13.0142 7.1508 2.4354 -1.1415 -3.5874 -4.9071 -5.1035 -4.1768 -2.1252 1.0554 5.3716 10.8323 17.4488 25.2351 34.2080 44.3871 55.7955 68.4593 82.4089 97.6784 114.3070 132.3388 151.8240 172.8195 195.3901 219.6096 245.5623 273.3453 303.0706 334.8683 368.8911 405.3192 444.3679 486.2978 531.4284 573.3571 593.0295
0.0000 0.0000 0.0000 0.0000 0.0000 0.0000 0.0000 0.0000 0.0000 19.8852 44.7513 69.6103 94.4615 119.3043 144.1379 168.9615 186.4444 169.8995 149.7489 131.0848 113.8534 98.0076 83.5057 70.3110 58.3913 47.7184 38.2678 30.0182 22.9517 17.0528 12.3092 8.7110 6.2506 4.9230 4.7255 5.6576 7.7214 10.9210 15.2630 20.7565 27.4131 35.2470 44.2753 54.5181 65.9987 78.7441 92.7849 108.1562 124.8979 143.0552 162.6793 183.8288 206.5697 230.9780 257.1404 285.1565 315.1418 347.2308 381.5813 418.3802 457.8514 500.2666 545.9605 587.9133 587.6894
0.0000 0.0000 0.0000 0.0000 0.0000 0.0000 0.0000 0.0000 0.0000 17.0198 41.8116 66.5923 91.3609 116.1165 140.8580 165.5840 190.2933 182.1511 161.8363 143.0239 125.6589 109.6928 95.0829 81.7917 69.7862 59.0376 49.5208 41.2140 34.0989 28.1599 23.3842 19.7618 17.2848 15.9484 15.7495 16.6879 18.7655 21.9866 26.3580 31.8888 38.5910 46.4790 55.5703 65.8854 77.4483 90.2863 104.4309 119.9181 136.7887 155.0889 174.8716 196.1966 219.1321 243.7561 270.1581 298.4411 328.7245 361.1478 395.8750 433.1008 473.0594 516.0359 562.3832 596.7474 580.9236
0.0000 0.0000 0.0000 0.0000 0.0000 0.0000 0.0000 0.0000 0.0000 13.5290 38.2308 62.9168 87.5856 112.2360 136.8662 161.4745 186.0590 189.9924 175.2798 156.2998 138.7837 122.6817 107.9500 94.5499 82.4476 71.6135 62.0220 53.6508 46.4811 40.4968 35.6849 32.0352 29.5397 28.1932 27.9929 28.9383 31.0315 34.2768 38.6812 44.2540 51.0075 58.9565 68.1189 78.5157 90.1712 103.1138 117.3757 132.9938 150.0099 168.4719 188.4338 209.9576 233.1135 257.9822 284.6563 313.2426 343.8653 376.6697 411.8269 449.5412 490.0588 533.6810 571.1895 596.1126 572.7998
0.0000 0.0000 0.0000 0.0000 0.0000 0.0000 0.0000 0.0000 0.0000 9.4194 34.0160 58.5915 83.1440 107.6716 132.1723 156.6436 181.0830 204.1781 190.1166 170.9481 153.2623 137.0077 122.1391 108.6168 96.4060 85.4762 75.8010 67.3576 60.1266 54.0917 49.2393 45.5590 43.0427 41.6850 41.4830 42.4363 44.5469 47.8194 52.2607 57.8807 64.6917 72.7090 81.9510 92.4392 104.1987 117.2586 131.6521 147.4171 164.5968 183.2405 203.4042 225.1517 248.5560 273.7008 300.6822 329.6115 360.6185 393.8551 429.5013 467.7723 508.9288 553.2912 591.1668 586.1764 563.3938
0.0000 0.0000 0.0000 0.0000 0.0000 0.0000 0.0000 0.0000 0.0000 4.6985 29.1756 53.6253 78.0456 102.4338 126.7875 151.1037 175.3789 199.6095 199.1217 187.0096 169.1339 152.7087 137.6873 124.0285 111.6965 100.6599 90.8914 82.3675 75.0682 68.9767 64.0793 60.3649 57.8254 56.4552 56.2514 57.2134 59.3435 62.6461 67.1287 72.8012 79.6763 87.7698 97.1005 107.6907 119.5664 132.7572 147.2977 163.2269 180.5896 199.4368 219.8264 241.8249 265.5080 290.9630 318.2902 347.6062 379.0470 412.7727 448.9734 487.8774 529.7626 563.6843 596.8871 575.0000 552.7864
0.0000 0.0000 0.0000 0.0000 0.0000 0.0000 0.0000 0.0000 0.0000 0.0000 23.7188 48.0284 72.3012 96.5345 120.7247 144.8684 168.9615 192.9994 216.9770 204.5310 186.4434 169.8280 154.6363 140.8257 128.3589 117.2034 107.3311 98.7177 91.3426 85.1884 80.2408 76.4887 73.9234 72.5394 72.3335 73.3053 75.4569 78.7931 83.3215 89.0522 95.9985 104.1767 113.6061 124.3098 136.3145 149.6512 164.3553 180.4676 198.0343 217.1085 237.7506 260.0297 284.0251 309.8278 337.5434 367.2943 399.2241 433.5023 470.3310 509.9542 552.6705 588.6970 583.9171 562.6786 541.0610
