Output/test9_newDEM_out.asc
ncols           133
nrows           133
xllcorner            0.000000                               
yllcorner            0.000000                               
cellsize         0.5000
NODATA_value  -9999.0000
[rows 60 to 89 of 133, columns 0 to 66 of 133]
15.0000 15.0000 15.0000 15.0000 11.1357 10.9160 10.7055 10.5039 10.3112 10.1271 9.9516 9.7844 9.6255 9.4748 9.3320 9.1972 9.0703 8.9511 8.8396 8.7356 8.6393 8.5503 8.4688 8.3946 8.3278 8.2682 8.2159 8.1707 8.1327 8.1019 8.0782 8.0616 8.0521 8.0498 8.0545 8.0663 8.0852 8.1113 8.1445 8.1848 8.2323 8.2871 8.3490 8.4183 8.4949 8.5788 8.6702 8.7691 8.8755 8.9896 9.1113 9.2408 9.3782 9.5236 9.6770 9.8387 10.0086 10.1869 10.3738 10.5694 10.7739 10.9874 11.2102 11.4424 11.6841 11.9357 12.1974
15.0000 15.0000 15.0000 15.0000 11.1698 10.9499 10.7391 10.5374 10.3445 10.1602 9.9845 9.8172 9.6581 9.5072 9.3643 9.2294 9.1023 8.9830 8.8714 8.7674 8.6709 8.5819 8.5003 8.4261 8.3592 8.2995 8.2471 8.2019 8.1639 8.1331 8.1093 8.0928 8.0833 8.0809 8.0856 8.0974 8.1164 8.1425 8.1757 8.2161 8.2636 8.3184 8.3804 8.4497 8.5264 8.6104 8.7019 8.8009 8.9074 9.0215 9.1434 9.2731 9.4106 9.5561 9.7097 9.8714 10.0415 10.2200 10.4071 10.6030 10.8077 11.0214 11.2444 11.4768 11.7188 11.9707 12.2327
15.0000 15.0000 15.0000 15.0000 11.2117 10.9915 10.7805 10.5785 10.3854 10.2009 10.0249 9.8574 9.6982 9.5471 9.4040 9.2690 9.1418 9.0223 8.9106 8.8064 8.7098 8.6207 8.5390 8.4647 8.3977 8.3380 8.2856 8.2403 8.2023 8.1714 8.1476 8.1310 8.1215 8.1191 8.1239 8.1357 8.1547 8.1808 8.2140 8.2545 8.3021 8.3569 8.4190 8.4884 8.5652 8.6493 8.7409 8.8399 8.9466 9.0609 9.1829 9.3127 9.4503 9.5960 9.7498 9.9118 10.0820 10.2608 10.4481 10.6442 10.8491 11.0632 11.2864 11.5191 11.7615 12.0138 12.2761
15.0000 15.0000 15.0000 15.0000 15.0000 11.0410 10.8297 10.6274 10.4339 10.2492 10.0730 9.9052 9.7457 9.5944 9.4512 9.3159 9.1885 9.0689 8.9570 8.8527 8.7560 8.6668 8.5850 8.5106 8.4435 8.3837 8.3312 8.2859 8.2478 8.2169 8.1931 8.1765 8.1670 8.1646 8.1693 8.1812 8.2002 8.2263 8.2596 8.3001 8.3477 8.4026 8.4648 8.5343 8.6112 8.6954 8.7871 8.8863 8.9931 9.1075 9.2297 9.3597 9.4976 9.6434 9.7974 9.9596 10.1302 10.3092 10.4968 10.6931 10.8984 11.1127 11.3364 11.5694 11.8122 12.0648 12.3276
15.0000 15.0000 15.0000 15.0000 15.0000 11.0983 10.8866 10.6839 10.4902 10.3051 10.1286 9.9606 9.8008 9.6493 9.5058 9.3703 9.2427 9.1229 9.0108 8.9064 8.8095 8.7202 8.6382 8.5637 8.4965 8.4367 8.3841 8.3387 8.3005 8.2696 8.2458 8.2291 8.2196 8.2172 8.2219 8.2338 8.2528 8.2790 8.3123 8.3529 8.4006 8.4556 8.5179 8.5875 8.6644 8.7488 8.8407 8.9400 9.0470 9.1616 9.2840 9.4141 9.5523 9.6984 9.8526 10.0151 10.1859 10.3652 10.5531 10.7498 10.9554 11.1702 11.3942 11.6277 11.8709 12.1240 12.3873
15.0000 15.0000 15.0000 15.0000 15.0000 11.1635 10.9514 10.7483 10.5542 10.3687 10.1919 10.0235 9.8635 9.7117 9.5679 9.4322 9.3044 9.1844 9.0721 8.9674 8.8704 8.7809 8.6988 8.6242 8.5569 8.4969 8.4442 8.3987 8.3605 8.3295 8.3056 8.2889 8.2794 8.2770 8.2818 8.2937 8.3127 8.3389 8.3723 8.4129 8.4608 8.5159 8.5782 8.6480 8.7251 8.8096 8.9016 9.0011 9.1083 9.2231 9.3457 9.4761 9.6145 9.7608 9.9154 10.0781 10.2493 10.4289 10.6172 10.8143 11.0204 11.2355 11.4600 11.6940 11.9377 12.1914 12.4553
15.0000 15.0000 15.0000 15.0000 15.0000 15.0000 11.0240 10.8205 10.6259 10.4401 10.2629 10.0942 9.9338 9.7816 9.6376 9.5016 9.3735 9.2532 9.1407 9.0359 8.9386 8.8489 8.7667 8.6919 8.6245 8.5644 8.5116 8.4661 8.4278 8.3967 8.3728 8.3561 8.3465 8.3441 8.3489 8.3608 8.3799 8.4061 8.4396 8.4803 8.5282 8.5834 8.6459 8.7158 8.7930 8.8777 8.9699 9.0696 9.1770 9.2921 9.4149 9.5456 9.6842 9.8309 9.9858 10.1489 10.3204 10.5004 10.6891 10.8867 11.0932 11.3088 11.5338 11.7684 12.0127 12.2670 12.5315
15.0000 15.0000 15.0000 15.0000 15.0000 15.0000 11.1046 10.9006 10.7055 10.5193 10.3416 10.1725 10.0117 9.8592 9.7149 9.5785 9.4502 9.3296 9.2169 9.1118 9.0143 8.9244 8.8420 8.7671 8.6995 8.6393 8.5864 8.5407 8.5023 8.4712 8.4472 8.4305 8.4209 8.4185 8.4233 8.4352 8.4543 8.4807 8.5142 8.5550 8.6030 8.6583 8.7210 8.7910 8.8684 8.9533 9.0456 9.1456 9.2532 9.3685 9.4916 9.6226 9.7616 9.9086 10.0638 10.2273 10.3993 10.5797 10.7689 10.9669 11.1739 11.3901 11.6157 11.8509 12.0958 12.3508 12.6160
15.0000 15.0000 15.0000 15.0000 15.0000 15.0000 11.1932 10.9886 10.7930 10.6063 10.4281 10.2586 10.0974 9.9445 9.7998 9.6631 9.5344 9.4136 9.3005 9.1952 9.0975 9.0074 8.9248 8.8496 8.7819 8.7215 8.6685 8.6228 8.5843 8.5531 8.5291 8.5123 8.5027 8.5002 8.5050 8.5170 8.5362 8.5626 8.5962 8.6370 8.6852 8.7406 8.8034 8.8736 8.9512 9.0363 9.1289 9.2291 9.3370 9.4526 9.5760 9.7073 9.8466 9.9940 10.1496 10.3136 10.4860 10.6669 10.8566 11.0551 11.2627 11.4795 11.7057 11.9416 12.1872 12.4430 12.7090
15.0000 15.0000 15.0000 15.0000 15.0000 15.0000 15.0000 11.0847 10.8885 10.7012 10.5225 10.3525 10.1908 10.0375 9.8924 9.7553 9.6263 9.5051 9.3918 9.2862 9.1882 9.0979 9.0150 8.9397 8.8718 8.8113 8.7581 8.7122 8.6737 8.6423 8.6183 8.6014 8.5918 8.5894 8.5942 8.6062 8.6254 8.6519 8.6856 8.7265 8.7748 8.8304 8.8934 8.9637 9.0415 9.1268 9.2197 9.3202 9.4283 9.5442 9.6680 9.7997 9.9394 10.0872 10.2432 10.4076 10.5805 10.7620 10.9522 11.1514 11.3596 11.5771 11.8040 12.0405 12.2870 12.5435 12.8105
15.0000 15.0000 15.0000 15.0000 15.0000 15.0000 15.0000 11.1888 10.9920 10.8040 10.6249 10.4543 10.2921 10.1383 9.9928 9.8553 9.7259 9.6044 9.4907 9.3848 9.2865 9.1959 9.1128 9.0373 8.9692 8.9085 8.8552 8.8092 8.7705 8.7391 8.7150 8.6981 8.6884 8.6860 8.6908 8.7028 8.7221 8.7486 8.7824 8.8235 8.8719 8.9277 8.9908 9.0614 9.1394 9.2250 9.3181 9.4188 9.5273 9.6436 9.7677 9.8998 10.0399 10.1882 10.3447 10.5096 10.6830 10.8651 11.0559 11.2557 11.4646 11.6828 11.9105 12.1479 12.3952 12.6526 12.9205
15.0000 15.0000 15.0000 15.0000 15.0000 15.0000 15.0000 15.0000 11.1036 10.9150 10.7352 10.5640 10.4013 10.2470 10.1010 9.9631 9.8332 9.7113 9.5973 9.4910 9.3925 9.3016 9.2183 9.1425 9.0742 9.0133 8.9598 8.9137 8.8749 8.8434 8.8192 8.8022 8.7925 8.7901 8.7949 8.8070 8.8263 8.8530 8.8869 8.9281 8.9766 9.0325 9.0959 9.1666 9.2449 9.3307 9.4241 9.5252 9.6340 9.7507 9.8752 10.0077 10.1483 10.2970 10.4541 10.6195 10.7935 10.9762 11.1677 11.3682 11.5778 11.7968 12.0253 12.2636 12.5118 12.7703 13.0392
15.0000 15.0000 15.0000 15.0000 15.0000 15.0000 15.0000 15.0000 15.0000 11.0341 10.8536 10.6818 10.5185 10.3637 10.2171 10.0787 9.9484 9.8261 9.7117 9.6051 9.5062 9.4150 9.3314 9.2553 9.1868 9.1257 9.0721 9.0258 8.9869 8.9553 8.9310 8.9140 8.9043 8.9018 8.9067 8.9188 8.9382 8.9649 8.9989 9.0402 9.0889 9.1450 9.2086 9.2796 9.3581 9.4442 9.5380 9.6394 9.7486 9.8656 9.9905 10.1235 10.2646 10.4139 10.5715 10.7375 10.9122 11.0955 11.2877 11.4890 11.6994 11.9192 12.1487 12.3879 12.6371 12.8966 13.1667
15.0000 15.0000 15.0000 15.0000 15.0000 15.0000 15.0000 15.0000 15.0000 11.1613 10.9802 10.8077 10.6438 10.4884 10.3413 10.2024 10.0716 9.9488 9.8339 9.7269 9.6277 9.5362 9.4523 9.3760 9.3072 9.2459 9.1920 9.1456 9.1065 9.0748 9.0504 9.0334 9.0236 9.0212 9.0260 9.0382 9.0577 9.0845 9.1186 9.1601 9.2090 9.2653 9.3290 9.4003 9.4791 9.5655 9.6596 9.7614 9.8710 9.9884 10.1138 10.2473 10.3889 10.5387 10.6970 10.8637 11.0390 11.2231 11.4160 11.6181 11.8294 12.0502 12.2805 12.5208 12.7711 13.0318 13.3030
15.0000 15.0000 15.0000 15.0000 15.0000 15.0000 15.0000 15.0000 15.0000 15.0000 11.1150 10.9419 10.7773 10.6212 10.4735 10.3340 10.2027 10.0795 9.9642 9.8567 9.7571 9.6652 9.5810 9.5044 9.4354 9.3738 9.3198 9.2732 9.2340 9.2021 9.1777 9.1605 9.1508 9.1483 9.1532 9.1654 9.1849 9.2118 9.2461 9.2877 9.3368 9.3933 9.4573 9.5288 9.6079 9.6947 9.7891 9.8913 10.0013 10.1192 10.2452 10.3791 10.5213 10.6718 10.8306 10.9980 11.1741 11.3589 11.5528 11.7557 11.9679 12.1897 12.4211 12.6624 12.9139 13.1758 13.4484
15.0000 15.0000 15.0000 15.0000 15.0000 15.0000 15.0000 15.0000 15.0000 15.0000 15.0000 11.0843 10.9190 10.7623 10.6139 10.4739 10.3420 10.2182 10.1024 9.9946 9.8945 9.8023 9.7177 9.6408 9.5715 9.5097 9.4554 9.4086 9.3692 9.3373 9.3127 9.2955 9.2857 9.2833 9.2881 9.3004 9.3200 9.3470 9.3814 9.4232 9.4725 9.5292 9.5935 9.6653 9.7447 9.8318 9.9267 10.0293 10.1397 10.2582 10.3846 10.5192 10.6619 10.8131 10.9726 11.1407 11.3176 11.5033 11.6980 11.9018 12.1151 12.3379 12.5704 12.8129 13.0657 13.3289 13.6029
15.0000 15.0000 15.0000 15.0000 15.0000 15.0000 15.0000 15.0000 15.0000 15.0000 15.0000 15.0000 11.0692 10.9117 10.7626 10.6219 10.4895 10.3651 10.2488 10.1405 10.0400 9.9474 9.8624 9.7852 9.7156 9.6535 9.5990 9.5520 9.5125 9.4804 9.4557 9.4385 9.4286 9.4261 9.4310 9.4433 9.4630 9.4902 9.5247 9.5667 9.6162 9.6731 9.7377 9.8098 9.8896 9.9771 10.0723 10.1754 10.2863 10.4053 10.5323 10.6674 10.8109 10.9627 11.1230 11.2919 11.4696 11.6562 11.8518 12.0567 12.2710 12.4949 12.7286 12.9724 13.2265 13.4912 13.7667
15.0000 15.0000 15.0000 15.0000 15.0000 15.0000 15.0000 15.0000 15.0000 15.0000 15.0000 15.0000 15.0000 11.0695 10.9198 10.7784 10.6453 10.5204 10.4035 10.2947 10.1937 10.1006 10.0153 9.9377 9.8678 9.8054 9.7507 9.7035 9.6638 9.6315 9.6067 9.5894 9.5795 9.5770 9.5820 9.5943 9.6141 9.6413 9.6760 9.7182 9.7679 9.8252 9.8900 9.9624 10.0426 10.1305 10.2261 10.3297 10.4412 10.5607 10.6883 10.8241 10.9682 11.1208 11.2819 11.4517 11.6302 11.8178 12.0144 12.2204 12.4358 12.6609 12.8959 13.1411 13.3966 13.6628 13.9399
15.0000 15.0000 15.0000 15.0000 15.0000 15.0000 15.0000 15.0000 15.0000 15.0000 15.0000 15.0000 15.0000 15.0000 11.0854 10.9433 10.8095 10.6840 10.5666 10.4572 10.3557 10.2622 10.1764 10.0984 10.0282 9.9655 9.9105 9.8631 9.8232 9.7908 9.7659 9.7485 9.7385 9.7360 9.7410 9.7534 9.7733 9.8007 9.8355 9.8779 9.9278 9.9854 10.0505 10.1233 10.2039 10.2922 10.3883 10.4924 10.6044 10.7245 10.8528 10.9893 11.1342 11.2875 11.4494 11.6201 11.7996 11.9882 12.1859 12.3930 12.6097 12.8361 13.0724 13.3190 13.5761 13.8439 14.1227
15.0000 15.0000 15.0000 15.0000 15.0000 15.0000 15.0000 15.0000 15.0000 15.0000 15.0000 15.0000 15.0000 15.0000 15.0000 11.1169 10.9824 10.8562 10.7381 10.6281 10.5262 10.4321 10.3459 10.2676 10.1969 10.1340 10.0787 10.0310 9.9909 9.9584 9.9333 9.9158 9.9058 9.9033 9.9083 9.9208 9.9408 9.9683 10.0033 10.0459 10.0961 10.1539 10.2194 10.2926 10.3735 10.4623 10.5589 10.6635 10.7762 10.8969 11.0258 11.1631 11.3087 11.4629 11.6258 11.7974 11.9779 12.1676 12.3664 12.5748 12.7927 13.0205 13.2583 13.5064 13.7651 14.0346 14.3153
15.0000 15.0000 15.0000 15.0000 15.0000 15.0000 15.0000 15.0000 15.0000 15.0000 15.0000 15.0000 15.0000 15.0000 15.0000 15.0000 11.1639 11.0370 10.9183 10.8077 10.7052 10.6106 10.5240 10.4452 10.3741 10.3109 10.2553 10.2073 10.1670 10.1343 10.1092 10.0916 10.0815 10.0790 10.0840 10.0965 10.1166 10.1443 10.1795 10.2223 10.2728 10.3309 10.3967 10.4703 10.5517 10.6409 10.7381 10.8433 10.9565 11.0780 11.2076 11.3457 11.4922 11.6472 11.8110 11.9837 12.1653 12.3561 12.5562 12.7658 12.9851 13.2143 13.4537 13.7035 13.9639 14.2353 14.5179
15.0000 15.0000 15.0000 15.0000 15.0000 15.0000 15.0000 15.0000 15.0000 15.0000 15.0000 15.0000 15.0000 15.0000 15.0000 15.0000 15.0000 15.0000 11.1072 10.9960 10.8929 10.7978 10.7106 10.6314 10.5600 10.4963 10.4404 10.3922 10.3517 10.3188 10.2935 10.2758 10.2657 10.2631 10.2682 10.2808 10.3010 10.3288 10.3642 10.4073 10.4580 10.5165 10.5827 10.6567 10.7385 10.8283 10.9260 11.0318 11.1457 11.2679 11.3983 11.5372 11.6846 11.8406 12.0054 12.1791 12.3619 12.5539 12.7553 12.9663 13.1870 13.4178 13.6588 13.9104 14.1726 14.4460 14.7307
15.0000 15.0000 15.0000 15.0000 15.0000 15.0000 15.0000 15.0000 15.0000 15.0000 15.0000 15.0000 15.0000 15.0000 15.0000 15.0000 15.0000 15.0000 15.0000 11.1932 11.0895 10.9938 10.9061 10.8264 10.7545 10.6905 10.6343 10.5858 10.5450 10.5119 10.4865 10.4687 10.4585 10.4559 10.4610 10.4737 10.4940 10.5220 10.5576 10.6009 10.6520 10.7108 10.7774 10.8518 10.9342 11.0245 11.1228 11.2292 11.3439 11.4668 11.5980 11.7378 11.8861 12.0431 12.2090 12.3839 12.5679 12.7612 12.9639 13.1764 13.3987 13.6312 13.8739 14.1273 14.3915 14.6670 14.9539
15.0000 15.0000 15.0000 15.0000 15.0000 15.0000 15.0000 15.0000 15.0000 15.0000 15.0000 15.0000 15.0000 15.0000 15.0000 15.0000 15.0000 15.0000 15.0000 11.3995 11.2951 11.1988 11.1105 11.0303 10.9580 10.8936 10.8370 10.7882 10.7472 10.7139 10.6883 10.6704 10.6601 10.6575 10.6626 10.6754 10.6959 10.7240 10.7599 10.8034 10.8548 10.9140 10.9810 11.0559 11.1388 11.2297 11.3286 11.4358 11.5511 11.6748 11.8070 11.9476 12.0970 12.2551 12.4221 12.5982 12.7834 12.9781 13.1824 13.3964 13.6203 13.8545 14.0991 14.3545 14.6208 14.8985 15.1878
15.0000 15.0000 15.0000 15.0000 15.0000 15.0000 15.0000 13.5541 13.3418 13.1392 12.9462 12.7626 12.5883 12.4230 12.2667 12.1193 11.9804 11.8502 11.7284 11.6150 11.5099 11.4129 11.3241 11.2433 11.1706 11.1057 11.0487 10.9996 10.9583 10.9248 10.8990 10.8810 10.8707 10.8681 10.8733 10.8861 10.9067 10.9350 10.9711 11.0150 11.0667 11.1262 11.1937 11.2691 11.3525 11.4440 11.5437 11.6515 11.7677 11.8922 12.0253 12.1669 12.3173 12.4766 12.6448 12.8221 13.0088 13.2049 13.4107 13.6264 13.8521 14.0882 14.3348 14.5922 14.8608 15.1408 15.4326
15.0000 15.0000 15.0000 15.0000 15.0000 15.0000 15.0000 15.0000 13.5798 13.3756 13.1811 12.9961 12.8204 12.6539 12.4965 12.3479 12.2080 12.0769 11.9542 11.8400 11.7341 11.6364 11.5470 11.4657 11.3924 11.3271 11.2697 11.2203 11.1787 11.1449 11.1190 11.1008 11.0905 11.0879 11.0930 11.1060 11.1267 11.1552 11.1915 11.2357 11.2878 11.3477 11.4157 11.4916 11.5756 11.6678 11.7681 11.8767 11.9937 12.1192 12.2532 12.3959 12.5474 12.7079 12.8774 13.0561 13.2442 13.4419 13.6493 13.8667 14.0943 14.3323 14.5810 14.8407 15.1116 15.3942 15.6887
15.0000 15.0000 15.0000 15.0000 15.0000 15.0000 15.0000 15.0000 15.0000 13.6223 13.4262 13.2397 13.0626 12.8948 12.7361 12.5863 12.4454 12.3132 12.1896 12.0745 11.9679 11.8695 11.7794 11.6975 11.6236 11.5579 11.5001 11.4503 11.4084 11.3744 11.3483 11.3300 11.3195 11.3169 11.3221 11.3351 11.3560 11.3847 11.4213 11.4658 11.5183 11.5787 11.6471 11.7236 11.8082 11.9010 12.0021 12.1116 12.2295 12.3559 12.4909 12.6348 12.7874 12.9491 13.1200 13.3002 13.4898 13.6892 13.8983 14.1176 14.3472 14.5873 14.8382 15.1002 15.3737 15.6589 15.9563
15.0000 15.0000 15.0000 15.0000 15.0000 15.0000 15.0000 15.0000 15.0000 15.0000 13.6818 13.4937 13.3151 13.1459 12.9859 12.8349 12.6928 12.5596 12.4350 12.3190 12.2115 12.1123 12.0215 11.9389 11.8646 11.7983 11.7401 11.6899 11.6477 11.6134 11.5871 11.5687 11.5581 11.5555 11.5607 11.5739 11.5949 11.6238 11.6607 11.7055 11.7584 11.8192 11.8882 11.9653 12.0506 12.1441 12.2460 12.3563 12.4751 12.6026 12.7387 12.8837 13.0376 13.2007 13.3730 13.5547 13.7460 13.9470 14.1581 14.3793 14.6110 14.8533 15.1066 15.3712 15.6473 15.9354 16.2358
15.0000 15.0000 15.0000 15.0000 15.0000 15.0000 15.0000 15.0000 15.0000 15.0000 15.0000 13.7583 13.5782 13.4075 13.2460 13.0937 12.9505 12.8161 12.6905 12.5735 12.4651 12.3652 12.2736 12.1904 12.1154 12.0486 11.9899 11.9393 11.8967 11.8622 11.8357 11.8171 11.8065 11.8039 11.8091 11.8224 11.8436 11.8727 11.9099 11.9551 12.0083 12.0697 12.1392 12.2169 12.3029 12.3972 12.4999 12.6111 12.7310 12.8595 12.9968 13.1430 13.2983 13.4627 13.6366 13.8199 14.0129 14.2158 14.4288 14.6522 14.8860 15.1308 15.3866 15.6538 15.9328 16.2239 16.5276
15.0000 15.0000 15.0000 15.0000 15.0000 15.0000 15.0000 15.0000 15.0000 15.0000 15.0000 15.0000 15.0000 13.6798 13.5169 13.3632 13.2187 13.0831 12.9564 12.8384 12.7290 12.6282 12.5359 12.4519 12.3763 12.3089 12.2498 12.1987 12.1558 12.1210 12.0943 12.0756 12.0649 12.0622 12.0675 12.0809 12.1022 12.1316 12.1691 12.2147 12.2684 12.3302 12.4003 12.4787 12.5654 12.6605 12.7641 12.8763 12.9972 13.1268 13.2654 13.4129 13.5696 13.7356 13.9110 14.0961 14.2909 14.4958 14.7109 14.9364 15.1727 15.4199 15.6784 15.9485 16.2306 16.5249 16.8320
