Output/test1_newDEM_out.asc
ncols           149
nrows           178
xllcorner    0.000000                                       
yllcorner    0.000000                                       
cellsize        20.0000
NODATA_value  -9999.0000
[rows 108 to 134 of 178, columns 0 to 58 of 149]
-9999.0000 -9999.0000 2435.2046 2445.5896 2452.7656 2441.3140 2423.7681 2407.8042 2393.1531 2380.6677 2368.0142 2357.3948 2348.0991 2340.4143 2334.5352 2335.2695 2340.2698 2312.4468 2299.6035 2319.5435 2318.2229 2320.0791 2313.6167 2303.7937 2292.3838 2282.8975 2278.9268 2273.5725 2267.4961 2260.1157 2251.7209 2242.7026 2232.1094 2219.3875 2205.1047 2187.9622 2162.1824 2145.5828 2129.6431 2114.4373 2098.9026 2082.9575 2067.1597 2051.0078 2037.4648 2022.4299 2002.4675 1983.6323 1965.4171 1947.5085 1929.5477 1911.1056 1891.6334 1878.6353 1871.1031 1865.5626 1861.7590 1859.1580 1857.8728
-9999.0000 -9999.0000 2433.5950 2443.1443 2453.2344 2444.5649 2426.5535 2410.5457 2395.5088 2382.0288 2368.3911 2356.8315 2346.2720 2336.6389 2326.9851 2326.8667 2330.1082 2298.4060 2285.9150 2285.4792 2299.5103 2302.0142 2298.7798 2292.3982 2283.4050 2270.4919 2269.9089 2267.7236 2263.1704 2256.1160 2247.2014 2237.1135 2225.1589 2210.7490 2193.9756 2173.0640 2148.3284 2132.5654 2116.3850 2100.3440 2084.2480 2068.0930 2052.5625 2037.2301 2021.4440 2001.1416 1982.0730 1964.1387 1946.9398 1930.2740 1913.7548 1897.0957 1880.9672 1869.9329 1862.7303 1857.0636 1853.2974 1850.7101 1849.2733
-9999.0000 -9999.0000 2432.0496 2440.4106 2453.2170 2447.7061 2429.3049 2413.1221 2397.8313 2383.2654 2368.7793 2356.3423 2344.4509 2332.4414 2315.5857 2304.4241 2287.8972 2285.9202 2276.3281 2277.3164 2286.1106 2288.6389 2286.9395 2282.3455 2275.3474 2266.6741 2264.7273 2263.4331 2259.8572 2252.9844 2243.6780 2232.5813 2219.1602 2203.1118 2184.9224 2163.8071 2141.3066 2121.2979 2103.4905 2086.0806 2069.0093 2052.2200 2036.4558 2021.3184 2000.9303 1979.0922 1959.8853 1943.4252 1927.9307 1913.2435 1898.7001 1884.4044 1871.3396 1858.3130 1853.0396 1848.2738 1844.1633 1841.5880 1840.3884
-9999.0000 -9999.0000 2430.5679 2437.4580 2452.7742 2450.6025 2432.0361 2415.7751 2400.1780 2384.2778 2369.2947 2356.1096 2342.9829 2327.7173 2306.5234 2297.2266 2286.0190 2274.3962 2270.2590 2268.4543 2274.5854 2278.1499 2277.5361 2274.3425 2269.3748 2264.7654 2262.8840 2260.8274 2258.1870 2251.6169 2241.7546 2228.9729 2213.5630 2196.3379 2177.7908 2157.3721 2132.1675 2108.9751 2090.1377 2071.5684 2052.8311 2034.0374 2013.3793 2002.5814 1983.0406 1957.7428 1935.5145 1918.1357 1906.5947 1896.8451 1886.3579 1873.4492 1860.2966 1847.4781 1839.0792 1834.8854 1831.9943 1829.1162 1825.7452
-9999.0000 -9999.0000 2429.1211 2434.1724 2451.9519 2453.2202 2434.7507 2418.4431 2402.5886 2385.1079 2370.3577 2357.1960 2345.2056 2333.2080 2313.4436 2299.2849 2285.9802 2273.5654 2268.0015 2268.0232 2268.1917 2270.6755 2270.7764 2268.6885 2265.8091 2263.9187 2262.0867 2259.8904 2257.3179 2253.0239 2242.3337 2225.4312 2206.7209 2190.9014 2175.5171 2146.2676 2118.8767 2084.0852 2077.1895 2057.2656 2035.1344 2012.5033 1991.2145 1982.3209 1968.3325 1945.0568 1923.8169 1903.9391 1892.4301 1884.4043 1871.2181 1855.4872 1838.5919 1821.5989 1815.6166 1816.3727 1813.4316 1809.4969 1804.8212
-9999.0000 -9999.0000 -9999.0000 2430.4998 2450.7817 2455.6045 2437.4458 2421.0947 2404.9539 2385.9124 2371.8994 2359.9150 2352.3687 2333.2144 2316.0471 2300.4644 2285.7800 2272.1626 2268.1675 2268.3459 2268.3105 2268.7473 2268.4954 2267.1621 2264.8079 2262.6853 2260.7480 2259.4275 2254.6311 2248.5762 2239.2332 2219.1301 2196.0332 2179.1802 2159.4492 2133.9248 2107.1006 2079.0417 2061.4009 2042.5098 2021.6973 1999.3525 1982.3406 1966.7356 1951.6573 1933.5951 1915.0723 1896.8420 1883.7922 1871.2058 1856.1947 1839.3390 1820.9576 1800.3784 1794.6694 1798.0695 1793.7400 1789.0790 1783.9901
-9999.0000 -9999.0000 -9999.0000 2427.1292 2449.2698 2457.7954 2440.1182 2423.7131 2407.0669 2386.9739 2372.9116 2364.6479 2349.6714 2332.0908 2315.9070 2300.2793 2285.5010 2270.7327 2268.3291 2268.7129 2269.0515 2269.7480 2269.1494 2267.4419 2264.6963 2261.7852 2259.4050 2253.0093 2243.8640 2232.8784 2221.2388 2206.8572 2180.9485 2159.8196 2143.0977 2121.8059 2097.4604 2071.2803 2048.7546 2029.6945 2009.3167 1988.7260 1970.1254 1953.3593 1937.4838 1920.0566 1906.7762 1889.0657 1872.8553 1858.3837 1842.2736 1824.6154 1805.5471 1785.6152 1775.2745 1779.2140 1773.0670 1768.1851 1763.2743
-9999.0000 -9999.0000 -9999.0000 2424.3872 2447.4531 2459.8450 2442.7959 2426.3247 2408.4390 2387.1689 2370.4131 2352.8496 2341.8501 2327.3535 2313.1243 2298.7378 2284.3159 2270.2053 2268.3960 2268.8599 2271.0710 2271.9954 2271.2378 2269.1707 2265.8669 2260.9294 2256.1584 2247.0903 2235.0239 2220.5828 2204.6887 2192.7339 2158.4375 2144.7922 2130.5417 2110.9841 2087.6775 2061.7678 2038.4941 2018.8585 1998.0723 1976.9429 1957.0818 1940.0520 1924.3752 1906.7029 1892.0994 1881.9915 1861.2822 1846.0294 1829.3730 1811.0334 1791.3474 1770.9580 1752.1372 1753.9073 1750.2075 1746.5447 1742.7142
-9999.0000 -9999.0000 -9999.0000 2422.0532 2445.3274 2461.8032 2445.5471 2429.1353 2406.2949 2387.6946 2363.2976 2348.9797 2336.2183 2322.4038 2309.2166 2296.0522 2282.6970 2269.9336 2268.2183 2270.1921 2274.4678 2275.4150 2274.5190 2272.0374 2268.0120 2261.3718 2253.8518 2243.4238 2229.1770 2211.4373 2189.2495 2169.7886 2154.4006 2137.0200 2122.3748 2103.0076 2079.1865 2050.9458 2028.8306 2010.1036 1987.6995 1964.9348 1943.5845 1927.0266 1913.7838 1893.9486 1883.6843 1870.2083 1850.0477 1834.2479 1818.4324 1798.4513 1776.7296 1757.8572 1743.3578 1731.2183 1724.6711 1723.9324 1722.1046
-9999.0000 -9999.0000 -9999.0000 2420.0010 2442.8826 2463.7166 2448.4446 2432.4868 2407.3711 2392.3975 2367.1147 2347.0454 2331.6580 2317.4065 2304.8569 2292.9822 2281.1548 2269.7744 2268.8574 2274.8774 2279.1738 2280.2476 2279.0889 2276.0828 2271.1746 2262.9246 2253.3018 2243.2344 2227.7603 2207.5647 2191.7043 2162.8218 2155.8062 2136.1187 2118.4021 2099.4233 2070.3013 2039.6384 2023.0000 2004.8003 1978.8733 1953.8829 1928.9242 1919.7512 1910.4701 1892.0630 1868.6316 1853.5613 1837.3466 1822.8228 1807.0846 1788.5204 1769.5139 1752.3872 1737.6656 1724.1512 1716.9918 1714.2313 1711.7140
-9999.0000 -9999.0000 -9999.0000 2417.9836 2440.0906 2465.6040 2451.5476 2437.4556 2423.2656 2396.1372 2371.2405 2346.9087 2327.4624 2311.4387 2299.2258 2289.7241 2283.2004 2288.5095 2280.1790 2281.9641 2284.8496 2286.8467 2284.8579 2281.7708 2273.4744 2262.6875 2251.1565 2242.1995 2219.8105 2188.9092 2166.2463 2152.1116 2143.8193 2124.7573 2104.5471 2082.5833 2055.5239 2024.0542 2007.0764 1992.0051 1971.8550 1950.3396 1928.9797 1912.7966 1904.9141 1891.7284 1857.2065 1841.0182 1826.1313 1811.8195 1795.9458 1779.4325 1762.5342 1746.1128 1731.4614 1718.4758 1712.6700 1708.3788 1704.4025
-9999.0000 -9999.0000 -9999.0000 2416.3850 2436.9602 2467.5449 2455.1946 2441.9893 2404.5691 2392.6709 2374.1973 2350.4050 2326.1755 2309.1509 2304.2161 2309.7908 2306.4146 2290.0000 2296.4478 2292.1028 2298.0471 2309.7908 2303.7617 2286.0208 2278.4446 2263.5583 2246.9392 2230.9214 2199.8379 2168.5886 2146.9902 2130.7595 2117.4216 2101.4829 2082.0073 2061.9011 2038.6932 2012.3976 1994.6320 1982.7683 1966.3336 1947.8694 1928.5974 1909.5298 1891.6254 1871.5162 1847.8849 1829.1512 1815.0742 1801.1453 1785.9484 1770.2839 1754.3505 1738.6089 1724.0103 1711.9492 1706.2659 1701.7153 1697.9171
-9999.0000 -9999.0000 -9999.0000 2414.7273 2433.3230 2469.6125 2463.8513 2434.6274 2394.5056 2389.0906 2384.5879 2369.4407 2353.2197 2339.2571 2331.1062 2338.8081 2346.8853 2321.7896 2308.6726 2301.7534 2318.1672 2332.6904 2327.2441 2296.8970 2283.4392 2269.8325 2243.6182 2218.1003 2179.5786 2147.8601 2125.3882 2107.8606 2093.0339 2077.7771 2060.7620 2043.7063 2024.2861 2001.6891 1987.3600 1976.8185 1962.5370 1946.0303 1928.4584 1910.8060 1885.9989 1862.4719 1840.2402 1819.6484 1803.9919 1790.8062 1776.3262 1761.1219 1745.6744 1730.4225 1715.9517 1703.1321 1698.8855 1694.9360 1691.9468
-9999.0000 -9999.0000 -9999.0000 2413.1340 2429.2112 2471.8916 2459.4807 2438.1055 2418.4026 2410.4805 2402.3027 2391.2861 2377.9429 2366.3042 2356.9175 2353.9556 2356.8010 2345.4258 2318.7700 2306.0386 2329.6030 2364.9202 2355.5903 2296.6155 2281.6521 2259.8384 2232.2903 2202.3582 2160.9836 2124.5938 2102.5378 2084.0850 2069.5942 2053.3455 2040.6112 2027.0616 2011.6086 1995.0660 1985.5807 1974.7317 1960.7745 1945.0485 1928.9803 1909.7625 1882.9044 1859.2191 1839.5736 1806.9100 1792.2817 1780.1757 1766.9630 1752.0590 1736.8906 1721.8577 1707.6376 1693.3385 1689.8374 1687.9760 1686.2621
-9999.0000 -9999.0000 -9999.0000 2411.5913 2424.5662 2473.4714 2467.6824 2454.1240 2437.6929 2429.7358 2422.2676 2412.2427 2399.8281 2390.9792 2389.1519 2375.1033 2369.6782 2346.9153 2319.7844 2303.3701 2311.5442 2420.7896 2386.4775 2270.8010 2264.0000 2234.8511 2213.9634 2185.3406 2143.9834 2109.8354 2085.3779 2066.8545 2051.1633 2038.5421 2029.6936 2020.7976 2008.5135 2002.1422 1990.6193 1977.4689 1962.7734 1944.9536 1929.9890 1904.3091 1879.6538 1860.2161 1842.0771 1802.3734 1786.5043 1772.6725 1759.0120 1743.9706 1730.0820 1718.5392 1707.7520 1694.2839 1687.4910 1686.3945 1687.4459
-9999.0000 -9999.0000 -9999.0000 -9999.0000 2419.2742 2475.7920 2492.9368 2470.5005 2453.4766 2447.4424 2443.9922 2432.3416 2418.8489 2402.8909 2392.1753 2381.2188 2364.5178 2336.5366 2316.0054 2298.8718 2286.9646 2321.7424 2298.8398 2251.7402 2240.8245 2212.6165 2188.1514 2165.4673 2133.6887 2101.9629 2074.5405 2054.2915 2043.9309 2037.0049 2030.3967 2024.6113 2017.3539 2009.3394 1998.1058 1985.9520 1973.1937 1951.2604 1926.4062 1902.4604 1880.6173 1860.9492 1844.5138 1808.8374 1785.5251 1769.7329 1753.3643 1739.5380 1732.3425 1723.8419 1714.1956 1702.2969 1696.8374 1697.6116 1698.3302
-9999.0000 -9999.0000 -9999.0000 -9999.0000 2412.9050 2480.3555 2490.5764 2473.7852 2457.3628 2445.9766 2438.2554 2425.4746 2410.8928 2396.6885 2385.4319 2374.2500 2359.7192 2337.6111 2313.3545 2292.6099 2275.1079 2261.0396 2247.9539 2229.6992 2211.3911 2190.3994 2170.3472 2149.7971 2121.8479 2091.2603 2062.1646 2044.0348 2039.8077 2035.9019 2031.6569 2027.8744 2023.8723 2020.7924 2006.8215 1995.2278 1980.2694 1951.5096 1924.0865 1900.1226 1878.7731 1858.4425 1838.6365 1799.2983 1786.8485 1775.0758 1762.1302 1750.6953 1741.3500 1731.9662 1722.2202 1712.6953 1707.9027 1708.1683 1709.3807
-9999.0000 -9999.0000 -9999.0000 -9999.0000 2406.7314 2491.6111 2487.8552 2468.9814 2452.7100 2438.0415 2423.4316 2408.0442 2393.7886 2383.9478 2372.7893 2362.3855 2356.0251 2337.9099 2309.2632 2284.3799 2264.1160 2249.5554 2235.7017 2217.9399 2191.4104 2173.8752 2155.2412 2135.1238 2109.9929 2079.8486 2049.7678 2038.3164 2038.0834 2035.9855 2033.3667 2030.5801 2028.1276 2025.4436 2007.4402 1996.8263 1984.7916 1950.1157 1920.7576 1898.7236 1879.4769 1858.9639 1835.9991 1806.9709 1796.5342 1787.3936 1776.2379 1764.3546 1752.8740 1741.3864 1730.7856 1720.5669 1716.6899 1718.2039 1720.1486
-9999.0000 -9999.0000 -9999.0000 -9999.0000 2402.6855 2511.7996 2476.1182 2459.6572 2446.2915 2433.5918 2414.9248 2396.1558 2386.1897 2374.9136 2362.2397 2348.9583 2338.1492 2329.9424 2298.8416 2273.2070 2251.8811 2237.4207 2223.3879 2207.4541 2174.0852 2161.7317 2143.0239 2122.1880 2097.7539 2072.3323 2052.9951 2041.3529 2039.5602 2038.5848 2036.7789 2033.8335 2031.0802 2022.8134 1998.3917 1974.3794 1966.5848 1943.4938 1916.1459 1901.7413 1883.9786 1863.9521 1841.2937 1816.3121 1809.1577 1802.0161 1791.6528 1778.9589 1765.1323 1751.6436 1740.0815 1727.6407 1725.0613 1728.0568 1730.6079
-9999.0000 -9999.0000 -9999.0000 -9999.0000 2399.7378 2464.0520 2455.4280 2442.6960 2431.5938 2424.1072 2416.5337 2395.2959 2384.2327 2369.6672 2354.1196 2337.8127 2318.2822 2297.6536 2280.8521 2260.3230 2242.7932 2226.7209 2210.2625 2188.0906 2166.7075 2155.2095 2134.5242 2112.4307 2087.4324 2067.7290 2055.1257 2046.5532 2043.5254 2043.7440 2043.0503 2041.4651 2040.1650 2029.6989 2005.1797 1981.6217 1961.2039 1944.4016 1929.1075 1912.3145 1893.6715 1874.5229 1854.6516 1834.7454 1824.3267 1818.9575 1809.6340 1794.9656 1777.2965 1762.0323 1750.2054 1742.2340 1739.9727 1737.4769 1740.1691
-9999.0000 -9999.0000 -9999.0000 -9999.0000 2397.4385 2433.5698 2433.3828 2425.0098 2415.1243 2405.9192 2418.9287 2408.1025 2387.3152 2368.8704 2349.8271 2330.2151 2306.5706 2282.8208 2267.3489 2250.9412 2234.3923 2217.8967 2203.4983 2180.2385 2156.4800 2147.3064 2127.1401 2103.8284 2076.3999 2059.6831 2054.1995 2050.2944 2050.5635 2053.4873 2054.1938 2052.5920 2049.9260 2038.3748 2014.0890 1989.5995 1967.4991 1954.3849 1941.4830 1927.3601 1908.9874 1889.8452 1872.6389 1858.3539 1845.0651 1839.9177 1831.8306 1815.4473 1792.1183 1776.3434 1767.9449 1768.2058 1782.3239 1756.9277 1756.4386
-9999.0000 -9999.0000 -9999.0000 -9999.0000 2395.5530 2422.7134 2414.5027 2408.6399 2401.8613 2392.5645 2359.9819 2411.0308 2390.0630 2369.7996 2349.3530 2328.6824 2307.5532 2269.5815 2260.6433 2242.5781 2225.6821 2206.4558 2192.6746 2175.2651 2155.8730 2143.2000 2120.5581 2097.4336 2066.9336 2053.8718 2055.0879 2058.1619 2063.3562 2067.8206 2067.9219 2062.8103 2054.3176 2041.7196 2022.8276 1998.7668 1973.7994 1965.5121 1953.1333 1939.7360 1926.1012 1905.1864 1897.5441 1880.5515 1863.4235 1857.4977 1850.5339 1836.6138 1819.8193 1806.8669 1799.2761 1799.7388 1807.8685 1796.7549 1793.9800
-9999.0000 -9999.0000 -9999.0000 -9999.0000 2393.9858 2407.9602 2400.1951 2395.3545 2390.9099 2381.8274 2413.8589 2417.2356 2394.1833 2372.7556 2352.1633 2333.7175 2317.5039 2276.6619 2268.0571 2235.3896 2220.3042 2197.1348 2180.6436 2162.3718 2138.7153 2131.6055 2112.8748 2094.2815 2079.4312 2071.6455 2069.6824 2072.8181 2077.6826 2080.4043 2079.2571 2073.1729 2068.4070 2050.0149 2032.3506 2011.9357 1993.2710 1979.3763 1966.6038 1950.8413 1940.0155 1926.6791 1913.9761 1899.0115 1876.2266 1870.9620 1869.3325 1858.4200 1845.3656 1836.0481 1829.7762 1828.1604 1830.9932 1831.7469 1831.0426
-9999.0000 -9999.0000 -9999.0000 -9999.0000 2392.6924 2386.7375 2391.9404 2389.2217 2388.9033 2398.0913 2447.9465 2417.9841 2393.0259 2371.4546 2351.6445 2334.8020 2317.8665 2295.5220 2272.6194 2233.6477 2215.1091 2195.9402 2168.4290 2151.7288 2137.8335 2122.7622 2107.9800 2094.3486 2085.6873 2081.9324 2082.7754 2087.3735 2091.9124 2093.9329 2091.8928 2083.8264 2074.0647 2060.9126 2043.6451 2025.4471 2009.6713 1997.2826 1983.6229 1962.8495 1958.2968 1945.8962 1933.4307 1923.3022 1905.9351 1894.4421 1890.9413 1881.8569 1871.1173 1861.7522 1854.6119 1850.3447 1851.8668 1859.6284 1852.2570
-9999.0000 -9999.0000 -9999.0000 -9999.0000 2391.8967 2377.1089 2373.0549 2384.9155 2392.1716 2399.2561 2408.4922 2396.8325 2376.0823 2357.5398 2341.1074 2325.8872 2312.3257 2300.2173 2278.5925 2241.6492 2213.7212 2188.4382 2165.3508 2146.3359 2131.9116 2117.4180 2103.9714 2093.5317 2088.8010 2089.2981 2093.8879 2101.2122 2106.8975 2109.3489 2106.5913 2095.9087 2089.9607 2075.1946 2056.0530 2038.7112 2023.1268 2018.0013 2010.5566 1995.9169 1983.9436 1967.4512 1953.9094 1945.4709 1936.7670 1925.1533 1916.4717 1906.8759 1896.1289 1886.8427 1879.2742 1872.8483 1867.4025 1868.6432 1871.5654
-9999.0000 -9999.0000 -9999.0000 -9999.0000 2391.7207 2364.9109 2351.9521 2362.6221 2364.9602 2370.9624 2393.8918 2370.9626 2355.8584 2342.0269 2328.4265 2315.1260 2303.3652 2293.5725 2280.7009 2242.3357 2210.3259 2182.7000 2159.3772 2140.5405 2126.3647 2112.1814 2098.7832 2089.6775 2088.2778 2094.3940 2104.5132 2114.9922 2122.6001 2127.9741 2123.1851 2114.1694 2107.2581 2099.2009 2069.4355 2054.1174 2041.4083 2034.6077 2026.3109 2016.2953 2004.1366 1990.6443 1978.7869 1968.3851 1958.9550 1949.6356 1943.4310 1932.1245 1921.0376 1911.9517 1904.2495 1897.1677 1889.7985 1877.6348 1894.3817
-9999.0000 -9999.0000 -9999.0000 -9999.0000 -9999.0000 2365.2583 2343.7241 2340.4678 2332.1360 2331.9216 2337.7454 2341.8496 2334.4746 2325.4368 2314.5894 2303.0706 2292.2026 2282.5222 2273.4976 2238.6367 2204.3677 2175.4199 2151.4358 2132.6572 2120.2202 2106.8931 2091.2017 2082.2222 2081.1165 2094.8259 2118.9900 2126.6348 2131.2639 2136.5154 2134.3835 2120.3188 2113.7202 2102.4370 2087.9668 2073.6438 2062.8970 2053.4980 2044.1940 2034.5746 2023.9128 2012.4595 2001.2654 1991.2952 1982.3644 1975.0590 1974.1917 1957.6843 1945.5957 1936.9518 1929.5935 1923.0203 1916.8202 1912.4806 1919.5100
