Output/test3_newDEM_out.asc
ncols           149
nrows           178
xllcorner    0.000000                                       
yllcorner    0.000000                                       
cellsize        20.0000
NODATA_value  -9999.0000
[rows 78 to 103 of 136, columns 59 to 117 of 149]
2013.0626 1987.5385 1959.0447 1930.0835 1904.2365 1879.3223 1840.3409 1813.7039 1793.8943 1789.8613 1792.5317 1790.8448 1794.3130 1803.3217 1800.5702 1797.8848 1795.8818 1794.5543 1793.8978 1793.9100 1794.5912 1795.9435 1797.9715 1800.6821 1804.0849 1808.1919 1813.0180 1818.5815 1824.9040 1832.0112 1839.9334 1848.7063 1858.3717 1868.9791 1880.5871 1893.2655 1907.0983 1922.1872 1938.6577 1956.6663 1976.4130 1998.1587 2022.2558 2049.1994 2079.7246 2106.8098 2106.4602 2089.1470 2072.0308 2056.7568 2044.1884 2035.4969 2031.3605 2025.3158 2014.1448 2006.3092 2006.0759 2006.0475 2006.0022
1991.9186 1972.4304 1947.8538 1921.2866 1895.6552 1871.0902 1845.6688 1817.1091 1798.7023 1789.8561 1791.6002 1799.4662 1806.7455 1803.3811 1800.0072 1797.3243 1795.3231 1793.9969 1793.3410 1793.3532 1794.0337 1795.3847 1797.4108 1800.1189 1803.5185 1807.6215 1812.4429 1818.0008 1824.3168 1831.4166 1839.3303 1848.0934 1857.7477 1868.3425 1879.9361 1892.5980 1906.4117 1921.4787 1937.9235 1955.9018 1975.6122 1997.3139 2021.3561 2048.2292 2078.6599 2107.4840 2112.1477 2094.7058 2078.1199 2062.6650 2048.3467 2038.4702 2032.4747 2025.0601 2013.9163 2005.4255 2005.7329 2005.6904 2002.3291
1973.2455 1956.8458 1935.8459 1911.7135 1887.0099 1863.1014 1839.5964 1814.8733 1799.1637 1791.0243 1799.3715 1811.1408 1807.5719 1803.4943 1800.1197 1797.4363 1795.4348 1794.1083 1793.4522 1793.4645 1794.1452 1795.4964 1797.5229 1800.2315 1803.6317 1807.7355 1812.5578 1818.1168 1824.4342 1831.5354 1839.4508 1848.2159 1857.8724 1868.4697 1880.0662 1892.7314 1906.5489 1921.6203 1938.0702 1956.0546 1975.7722 1997.4827 2021.5358 2048.4230 2078.8725 2108.2093 2113.2563 2098.7175 2080.2864 2061.3247 2047.2992 2038.3420 2030.9087 2020.6753 2012.2053 2005.1858 2001.9547 1997.3696 1994.1660
1957.4675 1942.7537 1923.7202 1901.8311 1878.3665 1855.6844 1834.1027 1812.2649 1799.6766 1797.0273 1809.9288 1813.4922 1808.3705 1804.2873 1800.9083 1798.2213 1796.2172 1794.8889 1794.2320 1794.2443 1794.9258 1796.2789 1798.3080 1801.0202 1804.4249 1808.5343 1813.3633 1818.9301 1825.2565 1832.3682 1840.2955 1849.0742 1858.7463 1869.3613 1880.9780 1893.6664 1907.5106 1922.6127 1939.0987 1957.1256 1976.8941 1998.6664 2022.7966 2049.7827 2080.3649 2109.3324 2114.1760 2101.6841 2083.3892 2061.7310 2045.2509 2038.1899 2030.9999 2021.4592 2015.3942 2005.2970 1994.6936 1988.0432 1985.3806
1944.4036 1930.1842 1912.3130 1891.7421 1869.4999 1848.3424 1828.9020 1810.7761 1799.0000 1806.4254 1818.9120 1814.6712 1809.8566 1805.7630 1802.3755 1799.6819 1797.6728 1796.3413 1795.6828 1795.6952 1796.3783 1797.7347 1799.7688 1802.4877 1805.9010 1810.0208 1814.8622 1820.4436 1826.7870 1833.9181 1841.8678 1850.6720 1860.3731 1871.0212 1882.6758 1895.4075 1909.3016 1924.4615 1941.0150 1959.1217 1978.9856 2000.8742 2025.1495 2052.3223 2083.1557 2111.3124 2115.5566 2105.5300 2087.2224 2063.1917 2049.5894 2040.0320 2030.5277 2020.9967 2014.2493 2003.3883 1986.9174 1978.3046 1976.2855
1933.7457 1919.2440 1901.6353 1881.4834 1860.3131 1840.7894 1823.9116 1809.8923 1804.8734 1817.0228 1822.9818 1816.8682 1812.0354 1807.9266 1804.5266 1801.8232 1799.8068 1798.4705 1797.8097 1797.8221 1798.5077 1799.8689 1801.9104 1804.6392 1808.0650 1812.2002 1817.0600 1822.6629 1829.0312 1836.1912 1844.1738 1853.0156 1862.7597 1873.4568 1885.1673 1897.9632 1911.9312 1927.1769 1943.8306 1962.0557 1982.0617 2004.1237 2028.6158 2056.0686 2087.2805 2114.2530 2116.7979 2108.4788 2089.3477 2065.3428 2052.1086 2041.0850 2030.7877 2020.7147 2012.1569 1998.6798 1977.9973 1967.6727 1966.5303
1925.1759 1909.8124 1891.4265 1870.6533 1850.5538 1833.0089 1819.2899 1810.0320 1812.1010 1825.8650 1825.3757 1819.7719 1814.9148 1810.7856 1807.3690 1804.6525 1802.6265 1801.2838 1800.6198 1800.6323 1801.3211 1802.6888 1804.7401 1807.4822 1810.9247 1815.0804 1819.9646 1825.5963 1831.9979 1839.1963 1847.2229 1856.1150 1865.9165 1876.6791 1888.4645 1901.3463 1915.4133 1930.7740 1947.5624 1965.9470 1986.1446 2008.4412 2033.2277 2061.0626 2092.7944 2118.2281 2117.4453 2104.5688 2086.6235 2067.2371 2052.1965 2040.8253 2030.1259 2019.9601 2007.0315 1984.1313 1958.2467 1955.3840 1956.0000
1918.8326 1902.2141 1880.4324 1858.6787 1840.0079 1825.9066 1815.6537 1811.9525 1818.9221 1833.2976 1829.0329 1823.3930 1818.5052 1814.3504 1810.9129 1808.1799 1806.1417 1804.7910 1804.1230 1804.1355 1804.8285 1806.2044 1808.2681 1811.0267 1814.4904 1818.6719 1823.5870 1829.2549 1835.6986 1842.9455 1851.0277 1859.9833 1869.8573 1880.7028 1892.5831 1905.5739 1919.7668 1935.2738 1952.2338 1970.8221 1991.2652 2013.8634 2039.0301 2067.3616 2099.7760 2123.0518 2116.9722 2102.2854 2084.8267 2066.5618 2051.3418 2039.5289 2028.3997 2017.4982 2003.7949 1978.5450 1945.6914 1942.0861 1945.6488
1915.2672 1893.2357 1869.3655 1845.9854 1834.4565 1823.8837 1817.3735 1815.2773 1825.7106 1837.2008 1833.4292 1827.7454 1822.8203 1818.6342 1815.1712 1812.4181 1810.3651 1809.0046 1808.3318 1808.3444 1809.0424 1810.4283 1812.5069 1815.2859 1818.7753 1822.9882 1827.9409 1833.6530 1840.1480 1847.4540 1855.6042 1864.6375 1874.6002 1885.5472 1897.5438 1910.6684 1925.0160 1940.7032 1957.8751 1976.7157 1997.4638 2020.4385 2046.0829 2075.0436 2103.8384 2128.0974 2117.0984 2101.5100 2083.8926 2064.9280 2049.1746 2037.3794 2025.9506 2013.8110 2003.5259 1984.7262 1961.4872 1941.9192 1938.9760
1899.5631 1880.1365 1864.0828 1851.2673 1844.9866 1841.7646 1841.9681 1848.0588 1851.3423 1845.1090 1838.5823 1832.8462 1827.8765 1823.6533 1820.1598 1817.3829 1815.3122 1813.9400 1813.2615 1813.2742 1813.9782 1815.3759 1817.4724 1820.2755 1823.7956 1828.0460 1833.0434 1838.8082 1845.3644 1852.7411 1860.9723 1870.0985 1880.1675 1891.2361 1903.3722 1916.6576 1931.1915 1947.0963 1964.5247 1983.6718 2004.7922 2028.2290 2054.4642 2084.2118 2115.8780 2127.0144 2119.4326 2102.6016 2084.1426 2064.6421 2047.6705 2038.6514 2029.1118 2018.1825 2005.2516 1998.1580 1985.8710 1974.6603 1961.6921
1883.5072 1867.5370 1859.1554 1855.1738 1855.5424 1859.5212 1865.1761 1868.0045 1858.5403 1851.1118 1844.5136 1838.7160 1833.6941 1829.4272 1825.8981 1823.0932 1821.0018 1819.6160 1818.9308 1818.9436 1819.6545 1821.0661 1823.1836 1826.0150 1829.5709 1833.8653 1838.9153 1844.7419 1851.3700 1858.8297 1867.1564 1876.3919 1886.5862 1897.7985 1910.0997 1923.5758 1938.3311 1954.4952 1972.2305 1991.7457 2013.3158 2037.3150 2064.2760 2095.0037 2124.1774 2129.6567 2122.9863 2105.0015 2086.6707 2069.0986 2055.1038 2045.8900 2038.2191 2031.1791 2023.9723 2024.2582 2024.7491 2004.6964 1989.5229
1863.8279 1853.2555 1853.0079 1857.9122 1867.4230 1876.4657 1881.6021 1873.8592 1865.4545 1857.9299 1851.2485 1845.3796 1840.2971 1835.9795 1832.4091 1829.5717 1827.4563 1826.0548 1825.3618 1825.3747 1826.0937 1827.5214 1829.6632 1832.5273 1836.1249 1840.4703 1845.5813 1851.4797 1858.1915 1865.7478 1874.1856 1883.5487 1893.8894 1905.2697 1917.7647 1931.4648 1946.4812 1962.9519 1981.0518 2001.0067 2023.1174 2047.7988 2075.6512 2107.6040 2134.0442 2130.9033 2127.9631 2108.6594 2091.1746 2075.0144 2062.3569 2053.9768 2048.4111 2044.8033 2043.7716 2046.3440 2041.9476 2028.2218 2014.3051
1834.5840 1838.6984 1843.9633 1862.4840 1879.4548 1893.8912 1895.4182 1881.7634 1873.2308 1865.5950 1858.8177 1852.8663 1847.7140 1843.3380 1839.7201 1836.8454 1834.7024 1833.2827 1832.5807 1832.5939 1833.3221 1834.7683 1836.9381 1839.8399 1843.4854 1847.8896 1853.0709 1859.0521 1865.8604 1873.5284 1882.0949 1891.6059 1902.1165 1913.6924 1926.4132 1940.3754 1955.6982 1972.5304 1991.0622 2011.5414 2034.3021 2059.8127 2088.7655 2114.7135 2142.6790 2128.5552 2122.8611 2111.0234 2095.3638 2080.5698 2068.2361 2060.8486 2056.7822 2051.3252 2056.7725 2063.9937 2057.8850 2048.8796 2037.2159
1842.1528 1844.1245 1855.4803 1871.5724 1890.1689 1907.7226 1900.2339 1890.5886 1881.9084 1874.1448 1867.2570 1861.2111 1855.9786 1851.5358 1847.8634 1844.9459 1842.7713 1841.3308 1840.6186 1840.6319 1841.3708 1842.8382 1845.0400 1847.9850 1851.6854 1856.1569 1861.4189 1867.4952 1874.4145 1882.2111 1890.9259 1900.6077 1911.3150 1923.1178 1936.1013 1950.3695 1966.0514 1983.3095 2002.3532 2023.4588 2047.0042 2073.5296 2103.8561 2134.4511 2135.3982 2125.6497 2122.0664 2112.0508 2099.0745 2085.6965 2073.1833 2064.8352 2063.3391 2040.8606 1975.4866 2073.7476 2071.5627 2067.1282 2060.1345
1848.3055 1853.9526 1866.0876 1882.6522 1901.9563 1918.5762 1910.2256 1900.3843 1891.5343 1883.6237 1876.6094 1870.4551 1865.1308 1860.6115 1856.8768 1853.9105 1851.6999 1850.2356 1849.5117 1849.5253 1850.2763 1851.7679 1854.0062 1857.0005 1860.7637 1865.3122 1870.6665 1876.8519 1883.8985 1891.8428 1900.7284 1910.6072 1921.5418 1933.6077 1946.8969 1961.5225 1977.6259 1995.3870 2015.0398 2036.8980 2061.3983 2089.1808 2121.2527 2145.8030 2133.0823 2123.7251 2114.9829 2104.8108 2093.3337 2082.3052 2071.9541 2064.8452 2061.5950 2031.2875 1992.6160 2075.0000 2073.4639 2069.5188 2063.1274
1851.6942 1861.2308 1874.9841 1893.0763 1913.6550 1930.1465 1921.2772 1911.2099 1902.1643 1894.0849 1886.9253 1880.6470 1875.2177 1870.6110 1866.8053 1863.7833 1861.5315 1860.0402 1859.3030 1859.3168 1860.0816 1861.6008 1863.8807 1866.9313 1870.7661 1875.4026 1880.8626 1887.1728 1894.3655 1902.4795 1911.5616 1921.6677 1932.8655 1945.2370 1958.8826 1973.9270 1990.5273 2008.8856 2029.2684 2052.0394 2077.7167 2107.0843 2131.3811 2148.9639 2133.0750 2119.0813 2105.7534 2092.3525 2080.2983 2073.5132 2066.4937 2062.5649 2058.9595 2051.0708 2048.6042 2075.0000 2073.4895 2070.1230 2065.1638
1854.5303 1866.7209 1882.2336 1902.2548 1924.8888 1942.6427 1933.4654 1923.1364 1913.8653 1905.5917 1898.2653 1891.8447 1886.2952 1881.5886 1877.7017 1874.6161 1872.3174 1870.7952 1870.0429 1870.0569 1870.8375 1872.3881 1874.7155 1877.8304 1881.7471 1886.4842 1892.0652 1898.5185 1905.8789 1914.1883 1923.4971 1933.8663 1945.3696 1958.0972 1972.1603 1987.6981 2004.8880 2023.9613 2045.2284 2069.1220 2096.2774 2127.6970 2152.1647 2148.2649 2129.4419 2113.1348 2097.7488 2083.2405 2072.5688 2067.1504 2061.0449 2058.1885 2058.0356 2059.2407 2065.4238 2074.0410 2074.0298 2071.6116 2068.0083
1850.5759 1868.0076 1887.7965 1909.7114 1936.7917 1955.9148 1946.8835 1936.2505 1926.7182 1918.2201 1910.7016 1904.1174 1898.4300 1893.6089 1889.6290 1886.4706 1884.1183 1882.5609 1881.7912 1881.8056 1882.6042 1884.1906 1886.5724 1889.7607 1893.7711 1898.6237 1904.3434 1910.9613 1918.5150 1927.0500 1936.6216 1947.2965 1959.1563 1972.3014 1986.8569 2002.9808 2020.8774 2040.8173 2063.1717 2088.4731 2117.5344 2139.4107 2152.6824 2141.0981 2122.7759 2105.7290 2089.5168 2074.3625 2064.8464 2060.6841 2054.0466 2051.9749 2053.7485 2059.2219 2066.1719 2072.8494 2074.6021 2073.3196 2071.1409
1851.5911 1865.8728 1888.5592 1915.6377 1943.8025 1969.1482 1961.6463 1950.6577 1940.8211 1932.0626 1924.3217 1917.5485 1911.7022 1906.7492 1902.6626 1899.4206 1897.0068 1895.4090 1894.6194 1894.6342 1895.4534 1897.0810 1899.5251 1902.7978 1906.9159 1911.9012 1917.7809 1924.5889 1932.3664 1941.1634 1951.0409 1962.0734 1974.3524 1987.9913 2003.1331 2019.9612 2038.7162 2059.7239 2083.4438 2110.5598 2129.7854 2153.7766 2144.1035 2129.1792 2112.9136 2097.2424 2080.0808 2062.4250 2050.2610 2050.6226 2043.5815 2043.1301 2048.2053 2057.9326 2065.9363 2071.5674 2074.9998 2074.3926 2073.6313
1854.0752 1864.9126 1890.4235 1915.5305 1939.6207 1962.6433 1971.4329 1966.4895 1956.2955 1947.2324 1939.2322 1932.2394 1926.2088 1921.1034 1916.8933 1913.5549 1911.0702 1909.4259 1908.6134 1908.6286 1909.4716 1911.1466 1913.6625 1917.0325 1921.2751 1926.4140 1932.4793 1939.5082 1947.5465 1956.6499 1966.8869 1978.3415 1991.1181 2005.3475 2021.1968 2038.8840 2058.7011 2081.0548 2106.5398 2136.0886 2162.8202 2162.9226 2143.5139 2124.0356 2107.1326 2092.8049 2078.8752 2065.2297 2050.9229 2040.3823 2040.9525 2043.6715 2049.0447 2059.4089 2066.4167 2071.4282 2075.6555 2075.1260 2075.1069
1857.8694 1865.1432 1889.6914 1912.6104 1934.9453 1956.5875 1977.0908 1976.3314 1973.2933 1963.8704 1955.5653 1948.3153 1942.0693 1936.7860 1932.4323 1928.9820 1926.4150 1924.7167 1923.8777 1923.8934 1924.7639 1926.4939 1929.0931 1932.5763 1936.9637 1942.2817 1948.5638 1955.8517 1964.1967 1973.6621 1984.3257 1996.2844 2009.6596 2024.6059 2041.3238 2060.0807 2081.2454 2105.3500 2133.2138 2150.4239 2177.4514 2163.5681 2142.9866 2123.1758 2107.5190 2094.0146 2082.4441 2072.2361 2063.3140 2052.5032 2048.5444 2049.9092 2053.0459 2060.3494 2067.7278 2072.6147 2076.5520 2077.2322 2078.6494
1863.1901 1865.4690 1887.6190 1909.3331 1930.6107 1951.2964 1971.2037 1990.1295 1983.4525 1982.1554 1973.4875 1965.9326 1959.4323 1953.9397 1949.4174 1945.8358 1943.1724 1941.4110 1940.5410 1940.5573 1941.4600 1943.2543 1945.9511 1949.5669 1954.1243 1959.6532 1966.1914 1973.7862 1982.4962 1992.3944 2003.5716 2016.1417 2030.2497 2046.0837 2063.8932 2084.0203 2106.9551 2133.4428 2148.2641 2179.2920 2177.5120 2163.2888 2139.1929 2120.4824 2105.7288 2093.3560 2083.1074 2074.7214 2068.4558 2064.3718 2053.4709 2058.8804 2059.4661 2062.2451 2069.4939 2073.8718 2077.6042 2082.3618 2084.1033
1865.7902 1864.2869 1885.1924 1906.1073 1926.5112 1946.3541 1965.5881 1984.0808 2002.3987 1996.5638 1993.2127 1985.2915 1978.4870 1972.7449 1968.0221 1964.2848 1961.5073 1959.6713 1958.7647 1958.7816 1959.7223 1961.5927 1964.4051 1968.1781 1972.9378 1978.7181 1985.5627 1993.5262 2002.6773 2013.1019 2024.9085 2038.2353 2053.2614 2070.2247 2089.4505 2111.4030 2136.7839 2150.9967 2179.9802 2176.7197 2171.9353 2159.4622 2132.7463 2115.4900 2102.0957 2090.9185 2081.7366 2074.4563 2069.4805 2067.7415 2076.5393 2071.0278 2070.6387 2072.1858 2073.8035 2076.0469 2078.9424 2089.5127 2090.7781
1867.5316 1861.4994 1882.7815 1903.1260 1922.5874 1941.5789 1959.8475 1977.6604 1995.0139 2010.6833 2009.5541 2006.6542 1999.4795 1993.4351 1988.4702 1984.5455 1981.6310 1979.7054 1978.7548 1978.7726 1979.7588 1981.7205 1984.6717 1988.6342 1993.6380 1999.7230 2006.9404 2015.3553 2025.0499 2036.1288 2048.7258 2063.0151 2079.2283 2097.6829 2118.8323 2143.3625 2156.8871 2179.8140 2175.2119 2165.3291 2155.0613 2145.8745 2123.3577 2108.7961 2097.1484 2087.1663 2078.7920 2072.1694 2067.7644 2066.6780 2071.2537 2073.7354 2076.3225 2078.7749 2082.0225 2085.1318 2086.7249 2098.6912 2098.2957
1871.9110 1873.1541 1882.2600 1900.9215 1918.9592 1936.8219 1953.9935 1970.6503 1985.6276 1996.6556 2005.7850 2015.5284 2017.7090 2016.3214 2011.0583 2006.9034 2003.8212 2001.7861 2000.7820 2000.8008 2001.8426 2003.9159 2007.0371 2011.2320 2016.5366 2022.9987 2030.6804 2039.6613 2050.0437 2061.9597 2075.5825 2091.1434 2108.9616 2129.4959 2153.4458 2165.3523 2180.4133 2177.2036 2166.1550 2154.0288 2140.6792 2125.9636 2111.1433 2101.0198 2091.2224 2082.2078 2074.3872 2068.1143 2063.8711 2062.5803 2063.8057 2066.1921 2077.2639 2083.4573 2088.8857 2095.8025 2105.5540 2110.4211 2106.0813
1887.9086 1904.1000 1888.3629 1900.3817 1916.0903 1932.4700 1948.0308 1962.8390 1973.9998 1980.5298 1985.9438 1994.9213 2016.5123 2032.8387 2033.0104 2029.7095 2028.4559 2026.2839 2025.2127 2025.2327 2026.3441 2028.5570 2031.8915 2036.3792 2042.0645 2049.0068 2057.2843 2066.9989 2078.2839 2091.3159 2106.3336 2123.6700 2143.8097 2154.6565 2182.1987 2186.1045 2179.7795 2171.6143 2159.8848 2147.1021 2132.5093 2114.2349 2097.2424 2092.5818 2084.5000 2076.1626 2068.5825 2062.3474 2057.9297 2055.9304 2055.1746 2055.0383 2069.5325 2081.9619 2091.3257 2101.2966 2113.0752 2119.4475 2113.7375
