Output/test7_newDEM_out.asc
ncols            96
nrows            91
xllcorner     557974.631687                                 
yllcorner     5111446.1291019                               
cellsize       100.0000
NODATA_value  -9999.0000
[rows 52 to 77 of 84, columns 0 to 59 of 96]
1205.9390 1223.3670 1236.2630 1250.6210 1261.5310 1273.2720 1299.3720 1316.0600 1335.2360 1354.3360 1371.6290 1370.7430 1390.1350 1421.4310 1438.9510 1474.7380 1478.8080 1477.8082 1436.3053 1418.6863 1386.4292 1358.8291 1335.7247 1316.9867 1302.5140 1292.2304 1286.0830 1284.0406 1286.0928 1292.2501 1302.5438 1317.0267 1335.7750 1358.8901 1386.5012 1418.7698 1455.8942 1498.1171 1545.7345 1599.1084 1658.6845 1725.0163 1798.8008 1880.9312 1972.5791 2075.3278 2191.4036 2324.1102 2404.9061 2508.4210 2486.2330 2470.3080 2449.9220 2416.2840 2357.7740 2310.7890 2260.4590 2207.9210 2138.3970 2055.3880
1207.5530 1225.7660 1238.6220 1249.6470 1259.6720 1270.6180 1293.0240 1309.1560 1327.2470 1329.8180 1348.8590 1376.6300 1398.5520 1405.0470 1418.9630 1447.8400 1480.2970 1506.1920 1548.5710 1499.0194 1486.0632 1457.2514 1433.1555 1413.6283 1398.5549 1387.8491 1381.4511 1379.3257 1381.4614 1387.8697 1398.5859 1413.6700 1433.2080 1457.3151 1486.1385 1519.8631 1558.7174 1602.9831 1653.0065 1709.2156 1772.1440 1842.4646 1921.0405 2009.0040 2107.8840 2219.8272 2284.2298 2442.6805 2477.9390 2465.9060 2443.0110 2414.9390 2393.2030 2387.6970 2351.1090 2301.3280 2252.0890 2191.4130 2143.2500 2095.8060
1210.4070 1219.5710 1230.3680 1241.8980 1251.1860 1269.1610 1286.0740 1298.0840 1317.6060 1336.9500 1351.7110 1354.0640 1381.7310 1401.5230 1424.4770 1468.4770 1487.1770 1516.1720 1546.7880 1577.6370 1567.0751 1548.2519 1539.4782 1519.0106 1503.2228 1492.0156 1485.3203 1483.0966 1485.3311 1492.0372 1503.2553 1519.0542 1539.5332 1564.8252 1595.1015 1630.5780 1671.5239 1718.2736 1771.2432 1830.9539 1898.0656 1973.4278 2058.1577 2153.7679 2207.3182 2356.0297 2432.4930 2434.0950 2425.6970 2415.1470 2392.0190 2365.9170 2351.3150 2332.0020 2328.6480 2288.0830 2234.8590 2174.2320 2121.3690 2069.5200
1207.2690 1213.7040 1223.3230 1234.1080 1247.5590 1257.4170 1280.4670 1296.1950 1310.5230 1310.3170 1330.3470 1367.0790 1383.3800 1393.8700 1414.2440 1460.6290 1478.3690 1506.9590 1532.7090 1544.2740 1568.8440 1593.5270 1613.0192 1610.5568 1607.2388 1600.0194 1598.9350 1596.5926 1598.9463 1606.0115 1617.8357 1634.4995 1656.1197 1682.8535 1714.9048 1752.5324 1796.0623 1845.9041 1902.5750 1966.7343 2039.2357 2121.2086 2168.9397 2286.3932 2360.9840 2379.2930 2390.6130 2389.9130 2374.4170 2353.2330 2327.4000 2311.2910 2292.8740 2276.5930 2262.9200 2255.5720 2204.9070 2147.1100 2091.7770 2040.1200
1199.6650 1205.8280 1219.2810 1230.3020 1243.3280 1255.5500 1270.3520 1283.0160 1288.3960 1310.2180 1345.7660 1363.4860 1368.9180 1405.4690 1436.0530 1448.8390 1459.2500 1472.7430 1498.6400 1531.7500 1547.5970 1553.9310 1615.2190 1626.9420 1633.3210 1651.0310 1677.2819 1695.5618 1713.8101 1732.8063 1744.0442 1761.7778 1784.8141 1813.3447 1847.6198 1887.9604 1934.7762 1988.5899 2050.0751 2086.0165 2177.6153 2238.5850 2290.2480 2300.8590 2324.0420 2345.2000 2356.5000 2350.1920 2338.0590 2305.7810 2278.0780 2262.4960 2240.3130 2224.5520 2209.6330 2208.0000 2179.2860 2119.5240 2066.5780 2010.2760
1193.8200 1204.4880 1213.1690 1225.4110 1231.6970 1242.7520 1243.6690 1268.6260 1290.5010 1323.6140 1354.8330 1372.0140 1389.0180 1405.6340 1420.6900 1422.7950 1426.3660 1458.0560 1488.8480 1504.1610 1510.5400 1535.7910 1586.3770 1604.0090 1613.1870 1644.9780 1684.7690 1740.9300 1766.9430 1769.4240 1826.1441 1860.6267 1897.0748 1936.4559 1976.7668 2018.4243 2062.6798 2109.0638 2157.1281 2196.1010 2211.4210 2231.9030 2257.2100 2274.2190 2288.8680 2309.7210 2320.3560 2315.8540 2292.9620 2266.7360 2235.7770 2217.7820 2209.6600 2189.2650 2164.9800 2156.2220 2140.8090 2123.5120 2078.9170 2009.3330
1188.3160 1193.1550 1200.4120 1209.7980 1223.9700 1220.7750 1249.1520 1279.7200 1286.4910 1324.2540 1354.6930 1368.4670 1381.5480 1393.5990 1386.0420 1397.9100 1417.7470 1445.6480 1467.1680 1465.3980 1498.1330 1534.9200 1552.8340 1579.2550 1617.2240 1642.5090 1676.2860 1739.8520 1716.0790 1755.5050 1815.3330 1871.0620 1931.5380 1995.9420 2029.3260 2062.2150 2091.0110 2120.2680 2133.4200 2157.5950 2170.3630 2191.5330 2223.2260 2241.4890 2249.3950 2262.0340 2270.6410 2265.2700 2242.0980 2216.9730 2196.1380 2177.5080 2171.3890 2156.1060 2128.8610 2109.7550 2086.8660 2083.8600 2069.9930 2017.2430
1174.9360 1182.8910 1189.1440 1200.0160 1207.6720 1233.3590 1257.2160 1264.9380 1277.5770 1313.1530 1341.7660 1375.6820 1354.4420 1353.8590 1375.1240 1384.3370 1412.6880 1436.8020 1454.0120 1474.0160 1482.4270 1508.9800 1552.5000 1583.8110 1618.7670 1640.0780 1675.1940 1688.3590 1691.6090 1736.7570 1785.3440 1845.9690 1895.3440 1946.9500 1979.2340 2012.2620 2041.7240 2084.7810 2106.7240 2111.9290 2123.0160 2145.8790 2198.8710 2210.6250 2212.7950 2211.7870 2234.4380 2218.4390 2190.4170 2169.4220 2152.7950 2130.5820 2120.2190 2128.4790 2109.0070 2082.1720 2067.7810 2034.5340 2016.4380 2014.0850
1165.5240 1171.8230 1182.5960 1188.8250 1228.1750 1243.5320 1252.8880 1263.6440 1276.7700 1284.8070 1319.3910 1332.9340 1333.1670 1351.9700 1356.7750 1395.7110 1419.5630 1440.4840 1457.9220 1458.6640 1482.7220 1525.0450 1563.4940 1592.1040 1610.8080 1630.2180 1657.5620 1664.4320 1700.4530 1729.6010 1773.7310 1824.7030 1871.1410 1908.5160 1934.0260 1968.2790 2009.8310 2051.9240 2057.4790 2073.2380 2079.6850 2111.0180 2160.1120 2169.5650 2172.4040 2170.5230 2203.2370 2167.5080 2131.7920 2131.5860 2107.7710 2087.3730 2085.9920 2100.6060 2081.9400 2066.8960 2037.1450 1998.4000 1966.9260 1960.7680
1154.3490 1165.1380 1173.2060 1188.9980 1204.0070 1226.5350 1238.6820 1238.9440 1253.7220 1269.0610 1286.0650 1306.0510 1313.8530 1337.4540 1378.0690 1402.8390 1426.1330 1432.2230 1432.8170 1450.4310 1457.4690 1509.9200 1543.2890 1550.4640 1598.8010 1623.8920 1610.4360 1658.5050 1675.6070 1701.8860 1742.9000 1799.3650 1825.9670 1857.2940 1897.7900 1932.9400 1970.7840 1990.9270 2000.7160 2028.0440 2064.0580 2085.3440 2127.9590 2126.7040 2127.6280 2130.5620 2164.6360 2116.6030 2074.9960 2080.0560 2073.0700 2056.4450 2037.6800 2038.7770 2049.4090 2036.1190 2006.9360 1963.1160 1926.7590 1905.1950
1143.8260 1154.5000 1173.8600 1183.4650 1194.7190 1205.9000 1221.6890 1240.3440 1251.4330 1270.6590 1283.4530 1296.7700 1339.3040 1361.0160 1381.1760 1400.4730 1413.7660 1414.8260 1429.3130 1426.0000 1435.8590 1480.3400 1520.0160 1548.7530 1588.4900 1589.2810 1592.8560 1632.8100 1646.2500 1675.6780 1721.6630 1759.0780 1789.3690 1825.4870 1861.2970 1916.4380 1937.5130 1943.7660 1961.1860 2015.4690 2035.2660 2050.5710 2077.3220 2080.0470 2069.1140 2082.0370 2133.9220 2081.5860 2030.0950 2011.3750 2039.9430 2013.7410 2002.0780 1973.9460 2018.5180 1998.3280 1974.3250 1934.5890 1895.2810 1874.6740
1148.5670 1162.3890 1171.0970 1177.8610 1186.8210 1192.0320 1218.8090 1231.1130 1241.1110 1254.9820 1288.8290 1327.0500 1342.8080 1356.9540 1375.6940 1396.1860 1383.8580 1403.8030 1394.6100 1409.3300 1431.9530 1455.6020 1491.0600 1522.9540 1560.8270 1563.1310 1600.6290 1584.2410 1606.9690 1641.1300 1694.8190 1730.9730 1764.3850 1794.1470 1833.0080 1874.0680 1906.3100 1912.2860 1942.9990 1964.3610 1993.2490 2003.4350 2022.5910 2023.6650 2022.1270 2043.4510 2099.4210 2050.8630 2000.5560 1982.0820 1995.7300 1967.7190 1932.7850 1938.7730 1952.1370 1969.2990 1939.3970 1907.7820 1878.0950 1843.6440
1139.7660 1148.5550 1157.6630 1170.9310 1175.0420 1198.3720 1211.2410 1214.8070 1236.0160 1276.3520 1309.4040 1324.0520 1337.6630 1356.9950 1376.3580 1364.4480 1366.1670 1372.7480 1377.5360 1389.1880 1427.2760 1453.3460 1474.2540 1500.2010 1503.3720 1549.9810 1561.8590 1562.4380 1591.5560 1625.3410 1661.4350 1684.6640 1717.8630 1757.8130 1795.8350 1828.4990 1858.9750 1878.4950 1904.9080 1922.4340 1934.9250 1955.1780 1969.6600 1962.0560 1969.1370 2006.1060 2062.2310 2038.5190 1998.0730 1963.6980 1950.3890 1934.7450 1887.6530 1892.2100 1893.3340 1937.0420 1915.3650 1889.6530 1862.7790 1822.7580
1132.9090 1143.9690 1151.0600 1156.2890 1167.7810 1188.4420 1199.1880 1211.7030 1245.0810 1274.7450 1298.0470 1316.0240 1328.6930 1327.8750 1308.0900 1337.7290 1355.5630 1365.7240 1376.7550 1390.4060 1407.6050 1432.5170 1448.4220 1466.8070 1490.8880 1536.6090 1536.4830 1552.0940 1576.5630 1593.3400 1639.1440 1660.1090 1662.8140 1723.6610 1766.6410 1777.7260 1801.9330 1836.3130 1860.6610 1877.0390 1885.5160 1903.4200 1929.5260 1929.5940 1931.1200 1980.0300 2017.6720 2010.7520 1964.6550 1935.7500 1917.6780 1910.7630 1884.6560 1830.0720 1847.2880 1877.6560 1892.8830 1866.6210 1840.9840 1809.9390
1124.5580 1129.5960 1144.2600 1157.4140 1174.0080 1187.5140 1192.0060 1229.6730 1250.0720 1264.6510 1274.9800 1286.4580 1282.5290 1303.3410 1331.2120 1333.6030 1354.1750 1367.6030 1380.0690 1391.1400 1406.5650 1426.9520 1443.0200 1446.4920 1501.2970 1515.1660 1512.1170 1533.2750 1551.6350 1572.6210 1597.7520 1612.5450 1649.1140 1693.3170 1703.4930 1717.7010 1768.0600 1793.9990 1815.5950 1834.9590 1842.8920 1855.0730 1886.6670 1900.9430 1920.3480 1960.7710 1989.3360 1970.3220 1916.3500 1876.7230 1887.5380 1871.2390 1857.8580 1815.6840 1778.6730 1808.6340 1833.8130 1823.6130 1795.5900 1782.4600
1120.9090 1129.2920 1142.6810 1149.9170 1159.8300 1172.8920 1208.6370 1220.3810 1236.4950 1246.6460 1246.2490 1245.0110 1270.8440 1290.1230 1306.0010 1341.6210 1353.6130 1361.9630 1380.7180 1396.4480 1406.9400 1423.4510 1429.4150 1451.9550 1472.8440 1480.5170 1490.2650 1505.9480 1519.5230 1538.5890 1572.7380 1605.9340 1622.9220 1643.1460 1659.8210 1688.5750 1720.9860 1745.2670 1771.3220 1791.2800 1797.4050 1817.0750 1842.6950 1858.8540 1894.6870 1929.2110 1943.1760 1920.9580 1863.6130 1825.0550 1820.7170 1820.3130 1817.0330 1785.2320 1723.9690 1756.2080 1781.4810 1772.7890 1736.9780 1728.0210
1105.4710 1120.5310 1127.0330 1137.1460 1150.4220 1157.3660 1200.5400 1207.7970 1218.2530 1206.5200 1210.2970 1271.6230 1307.9270 1332.5160 1343.1160 1357.1550 1362.7970 1378.8710 1379.6620 1392.8440 1404.5500 1413.2490 1422.7190 1442.7300 1453.0360 1461.5470 1475.3990 1490.7450 1498.7970 1522.9180 1557.3660 1579.1880 1587.2780 1603.5490 1628.2190 1654.7660 1692.9860 1723.2340 1743.2530 1760.6940 1763.8590 1782.6080 1793.6450 1830.2810 1868.9110 1876.4920 1897.5310 1872.2480 1828.9900 1795.7500 1793.5200 1782.2800 1784.5470 1769.4160 1697.0400 1717.0310 1725.0410 1730.7750 1714.1090 1673.5380
1103.0740 1113.7020 1123.1490 1133.3500 1136.9480 1174.5230 1184.5030 1197.6140 1185.2270 1187.3760 1257.6970 1307.4860 1369.1490 1430.9610 1442.7840 1433.8830 1442.3180 1379.1140 1382.7590 1387.1940 1397.1840 1406.2660 1410.1050 1419.3890 1433.5700 1448.4340 1465.7160 1464.4070 1494.2910 1516.8500 1527.2190 1542.4800 1558.9890 1582.6820 1611.7160 1637.3060 1673.2100 1697.9750 1711.1600 1717.6350 1743.9090 1756.1090 1764.0750 1796.1570 1846.3100 1847.0010 1851.2380 1835.4820 1796.1260 1780.5900 1753.5530 1749.0880 1740.8250 1721.1100 1684.6240 1654.6800 1676.1980 1677.3840 1679.9760 1620.4420
1093.6100 1101.0430 1109.4090 1131.4620 1162.4630 1170.8250 1170.5040 1179.0410 1140.7340 1206.5480 1275.6970 1335.2170 1412.1880 1466.3340 1444.2430 1436.0130 1432.6300 1381.9340 1384.0170 1385.8720 1391.1820 1398.9000 1402.3230 1412.8400 1422.2910 1434.4350 1438.4570 1458.5180 1490.0350 1475.4580 1491.7050 1508.2110 1525.6440 1563.2030 1588.6660 1619.2470 1646.9130 1661.6980 1679.0040 1698.4510 1718.4110 1704.7780 1749.1630 1777.6780 1801.3170 1823.9350 1820.4330 1776.8600 1760.3230 1747.5030 1728.1660 1713.8790 1673.5270 1696.8590 1676.4690 1597.8730 1621.4990 1613.9580 1636.0640 1617.0180
1081.7840 1092.9220 1096.7740 1137.8140 1149.6090 1167.4140 1154.4850 1141.2190 1139.9700 1195.5710 1253.0630 1317.1260 1403.5190 1430.5630 1443.6110 1427.9520 1419.0000 1393.3780 1384.8440 1383.9220 1386.9200 1389.4300 1393.2500 1403.2390 1406.5580 1417.9060 1416.7710 1454.6770 1466.5160 1458.6090 1461.7400 1470.2030 1513.6480 1544.9720 1575.5780 1591.6080 1598.2790 1634.2660 1635.5230 1680.1230 1683.9530 1690.0060 1716.6680 1767.7810 1769.0070 1798.1170 1771.1090 1713.1110 1706.0860 1694.5000 1685.5030 1668.2850 1642.0780 1655.0590 1638.6160 1608.5470 1567.7110 1572.2890 1588.2190 1593.3400
1071.6340 1088.5540 1115.9780 1135.0040 1144.8910 1140.0220 1127.8530 1122.1140 1139.5550 1159.9060 1232.3640 1280.9570 1371.2200 1389.3990 1388.3120 1352.9550 1343.1090 1333.6520 1388.0800 1384.5250 1384.6670 1381.0490 1375.1760 1376.3870 1394.5840 1400.5060 1417.2320 1438.1880 1431.6190 1429.2740 1448.9300 1462.9430 1487.1800 1525.0600 1543.0760 1557.3310 1566.5410 1592.3260 1644.6950 1645.3500 1645.9150 1657.6130 1699.8490 1731.5670 1748.7330 1799.2400 1730.4640 1670.9650 1655.5990 1643.7530 1632.3590 1611.7550 1586.1050 1599.9490 1610.4850 1580.0030 1540.6240 1535.2070 1542.0770 1574.1950
1069.9850 1088.3050 1108.4770 1113.5450 1115.7840 1104.7910 1110.4990 1114.1480 1119.6700 1186.6430 1243.6080 1305.3940 1374.7410 1381.0180 1347.5030 1299.6230 1286.6670 1284.5030 1343.5070 1411.4510 1377.9040 1369.9400 1361.0230 1366.3040 1382.6300 1386.8920 1398.1250 1408.5310 1409.9210 1413.4450 1413.9140 1438.4960 1470.7480 1483.1580 1498.0270 1521.1140 1537.5810 1563.9570 1596.8700 1607.4570 1619.0240 1615.9980 1673.4180 1688.9310 1681.8880 1701.1670 1731.3430 1624.4630 1596.9970 1583.1200 1570.2620 1559.1800 1531.6640 1542.5590 1551.8080 1532.9990 1508.0710 1475.1520 1504.5850 1514.1360
1052.4840 1062.2030 1094.6280 1092.8940 1088.0630 1098.0110 1100.4660 1111.3590 1144.7230 1223.3810 1290.0940 1349.3620 1400.1230 1396.7970 1341.2620 1260.3090 1209.2030 1252.9250 1314.9950 1348.4380 1340.3550 1360.7620 1355.6560 1358.3100 1366.5150 1374.4530 1379.4180 1398.1460 1388.1720 1403.0340 1401.4700 1413.4380 1429.8090 1454.4370 1469.6250 1495.3330 1515.5170 1519.2660 1550.6910 1567.6150 1569.4220 1580.4920 1634.0610 1646.7190 1628.1820 1610.9700 1678.7660 1625.9110 1555.8850 1534.7030 1515.6030 1528.5980 1481.5000 1479.4980 1488.5100 1482.1410 1468.8460 1447.5760 1451.8910 1461.6160
1038.4550 1030.9590 1087.2620 1068.9170 1081.4830 1087.5630 1089.4480 1111.3600 1179.8440 1252.3680 1304.3750 1391.5680 1434.7520 1400.0740 1326.8550 1247.7540 1210.6220 1223.3420 1280.1340 1282.6680 1295.2890 1337.9050 1339.2890 1336.4340 1345.9600 1352.0860 1357.5780 1369.5690 1374.5860 1377.8910 1382.2610 1403.8460 1420.4870 1443.3400 1456.2480 1482.5920 1488.6310 1499.1980 1511.8540 1521.4030 1531.7400 1547.4400 1589.2380 1630.6820 1614.7230 1560.5900 1602.4030 1599.7640 1536.2080 1516.3780 1475.6800 1459.6160 1421.4560 1428.3800 1436.4680 1429.6670 1428.9320 1420.0390 1413.3950 1403.0830
1033.2240 1031.7160 1043.0470 1057.4660 1068.2910 1077.0950 1078.4170 1119.4010 1187.4570 1274.7480 1323.3000 1372.9840 1404.6450 1387.5280 1297.6650 1220.2660 1209.6790 1214.1280 1217.9450 1246.7010 1280.6690 1307.1910 1314.9930 1308.8270 1329.7470 1333.6750 1347.6290 1347.1390 1356.0820 1358.4210 1362.2510 1402.3640 1414.0690 1427.7760 1449.5610 1459.7940 1473.4210 1465.1400 1459.0840 1488.3980 1500.8020 1515.7300 1563.3580 1612.1220 1575.0550 1511.8850 1533.7090 1523.3930 1503.4060 1462.8420 1453.9290 1429.0260 1390.9500 1377.3810 1399.4190 1398.8370 1385.4310 1380.9870 1372.4660 1364.1780
1017.2630 1035.2190 1044.2430 1048.5570 1057.5310 1057.6410 1066.8020 1100.2340 1167.3400 1257.3700 1297.9060 1320.7510 1338.4050 1329.6410 1290.1960 1212.5200 1214.3910 1213.2060 1217.4110 1219.3910 1243.0800 1276.4940 1290.7500 1280.6820 1298.9250 1317.5470 1322.9180 1332.6900 1333.1090 1330.2630 1349.2720 1383.9060 1389.3550 1406.5750 1424.4060 1432.9800 1428.2340 1432.4220 1435.0780 1457.1220 1465.4220 1492.7110 1536.4680 1569.5780 1542.5350 1476.8290 1483.1880 1466.0270 1454.3470 1432.2030 1431.8390 1396.1100 1372.1250 1346.9760 1378.2370 1374.2810 1352.4990 1350.9350 1338.4220 1314.0880
