Output/test3_newDEM_out.asc
ncols           149
nrows           178
xllcorner    0.000000                                       
yllcorner    0.000000                                       
cellsize        20.0000
NODATA_value  -9999.0000
[rows 26 to 51 of 136, columns 0 to 58 of 149]
-9999.0000 -9999.0000 -9999.0000 -9999.0000 -9999.0000 -9999.0000 -9999.0000 -9999.0000 -9999.0000 -9999.0000 -9999.0000 -9999.0000 -9999.0000 -9999.0000 -9999.0000 -9999.0000 -9999.0000 -9999.0000 -9999.0000 -9999.0000 -9999.0000 -9999.0000 -9999.0000 -9999.0000 -9999.0000 -9999.0000 -9999.0000 -9999.0000 -9999.0000 -9999.0000 -9999.0000 -9999.0000 -9999.0000 -9999.0000 -9999.0000 -9999.0000 -9999.0000 2251.9880 2242.8533 2233.7725 2224.7349 2215.7271 2206.7573 2197.8342 2188.9675 2180.1658 2171.4431 2162.8240 2154.3372 2145.3611 2135.2344 2122.7888 2105.4956 2074.4590 2046.3146 2002.5990 1986.7599 1978.6160 1959.5598
-9999.0000 -9999.0000 -9999.0000 -9999.0000 -9999.0000 -9999.0000 -9999.0000 -9999.0000 -9999.0000 -9999.0000 -9999.0000 -9999.0000 -9999.0000 -9999.0000 -9999.0000 -9999.0000 -9999.0000 -9999.0000 -9999.0000 -9999.0000 -9999.0000 -9999.0000 -9999.0000 -9999.0000 -9999.0000 -9999.0000 -9999.0000 -9999.0000 -9999.0000 -9999.0000 -9999.0000 -9999.0000 -9999.0000 -9999.0000 -9999.0000 -9999.0000 -9999.0000 2250.0244 2240.9873 2232.0168 2223.1045 2214.2395 2205.4402 2196.7246 2188.1133 2179.6362 2171.3367 2163.2817 2155.4609 2147.1511 2137.9910 2126.9229 2111.2336 2083.7551 2064.7351 2035.9749 2020.0867 2002.3904 1978.3795
-9999.0000 -9999.0000 -9999.0000 -9999.0000 -9999.0000 -9999.0000 -9999.0000 -9999.0000 -9999.0000 -9999.0000 -9999.0000 -9999.0000 -9999.0000 -9999.0000 -9999.0000 -9999.0000 -9999.0000 -9999.0000 -9999.0000 -9999.0000 -9999.0000 -9999.0000 -9999.0000 -9999.0000 -9999.0000 -9999.0000 -9999.0000 -9999.0000 -9999.0000 -9999.0000 -9999.0000 -9999.0000 -9999.0000 -9999.0000 -9999.0000 -9999.0000 2257.1602 2248.1460 2239.2161 2230.3669 2221.5925 2212.8860 2204.2781 2195.7959 2187.4749 2179.3665 2171.5518 2164.1582 2157.0007 2149.4099 2141.3027 2131.8796 2118.2683 2098.2576 2089.7871 2070.7727 2050.1812 2022.1082 1993.5845
-9999.0000 -9999.0000 -9999.0000 -9999.0000 -9999.0000 -9999.0000 -9999.0000 -9999.0000 -9999.0000 -9999.0000 -9999.0000 -9999.0000 -9999.0000 -9999.0000 -9999.0000 -9999.0000 -9999.0000 -9999.0000 -9999.0000 -9999.0000 -9999.0000 -9999.0000 -9999.0000 -9999.0000 -9999.0000 -9999.0000 -9999.0000 -9999.0000 -9999.0000 -9999.0000 -9999.0000 -9999.0000 -9999.0000 -9999.0000 -9999.0000 2264.2742 2255.2654 2246.3540 2237.5408 2228.8247 2220.2012 2211.6699 2203.2747 2195.0542 2187.0608 2179.3730 2172.1135 2165.4749 2158.9417 2152.1199 2145.1025 2137.7510 2126.2173 2138.3276 2110.3228 2089.2642 2068.3022 2037.3934 2006.8307
-9999.0000 -9999.0000 -9999.0000 -9999.0000 -9999.0000 -9999.0000 -9999.0000 -9999.0000 -9999.0000 -9999.0000 -9999.0000 -9999.0000 -9999.0000 -9999.0000 -9999.0000 -9999.0000 -9999.0000 -9999.0000 -9999.0000 -9999.0000 -9999.0000 -9999.0000 -9999.0000 -9999.0000 -9999.0000 -9999.0000 -9999.0000 -9999.0000 -9999.0000 -9999.0000 -9999.0000 -9999.0000 -9999.0000 -9999.0000 -9999.0000 2262.3599 2253.4487 2244.6484 2235.9617 2227.3896 2218.9309 2210.5920 2202.4329 2194.5044 2186.8792 2179.6682 2173.0461 2167.1501 2161.2441 2155.2422 2149.4702 2144.4263 2132.2075 2129.2053 2112.9402 2095.5330 2076.8127 2049.9548 2017.8616
-9999.0000 -9999.0000 -9999.0000 -9999.0000 -9999.0000 -9999.0000 -9999.0000 -9999.0000 -9999.0000 -9999.0000 -9999.0000 -9999.0000 -9999.0000 -9999.0000 -9999.0000 -9999.0000 -9999.0000 -9999.0000 -9999.0000 -9999.0000 -9999.0000 -9999.0000 -9999.0000 -9999.0000 -9999.0000 -9999.0000 -9999.0000 -9999.0000 -9999.0000 -9999.0000 -9999.0000 -9999.0000 -9999.0000 -9999.0000 2269.4431 2260.5161 2251.7097 2243.0288 2234.4780 2226.0613 2217.7783 2209.6504 2201.7512 2194.1470 2186.9348 2180.2625 2174.3674 2169.1438 2163.9297 2158.8806 2154.4136 2151.5369 2127.9600 2121.4204 2112.9497 2100.0437 2083.2578 2057.0872 2024.9298
-9999.0000 -9999.0000 -9999.0000 -9999.0000 -9999.0000 -9999.0000 -9999.0000 -9999.0000 -9999.0000 -9999.0000 -9999.0000 -9999.0000 -9999.0000 -9999.0000 -9999.0000 -9999.0000 -9999.0000 -9999.0000 -9999.0000 -9999.0000 -9999.0000 -9999.0000 -9999.0000 -9999.0000 -9999.0000 -9999.0000 -9999.0000 -9999.0000 -9999.0000 -9999.0000 -9999.0000 -9999.0000 -9999.0000 2276.5266 2267.5703 2258.7410 2250.0457 2241.4910 2233.0842 2224.8315 2216.7356 2208.8379 2201.2244 2193.9792 2187.2292 2181.1777 2176.1282 2171.5188 2167.0608 2163.0093 2159.8472 2158.0085 2127.2400 2122.9492 2116.5891 2106.7144 2090.3311 2058.9363 2029.4662
-9999.0000 -9999.0000 -9999.0000 -9999.0000 -9999.0000 -9999.0000 -9999.0000 -9999.0000 -9999.0000 -9999.0000 -9999.0000 -9999.0000 -9999.0000 -9999.0000 -9999.0000 -9999.0000 -9999.0000 -9999.0000 -9999.0000 -9999.0000 -9999.0000 -9999.0000 -9999.0000 -9999.0000 -9999.0000 -9999.0000 -9999.0000 -9999.0000 -9999.0000 -9999.0000 -9999.0000 -9999.0000 -9999.0000 2274.6240 2265.7588 2257.0317 2248.4517 2240.0276 2231.7698 2223.6863 2215.7834 2208.1294 2200.8250 2193.9856 2187.7837 2182.4844 2178.2502 2174.2795 2170.6111 2167.5486 2165.4119 2165.7585 2148.6489 2132.7554 2124.0420 2117.6726 2099.4102 2070.3635 2044.7156
-9999.0000 -9999.0000 -9999.0000 -9999.0000 -9999.0000 -9999.0000 -9999.0000 -9999.0000 -9999.0000 -9999.0000 -9999.0000 -9999.0000 -9999.0000 -9999.0000 -9999.0000 -9999.0000 -9999.0000 -9999.0000 -9999.0000 -9999.0000 -9999.0000 -9999.0000 -9999.0000 -9999.0000 -9999.0000 -9999.0000 -9999.0000 -9999.0000 -9999.0000 -9999.0000 -9999.0000 -9999.0000 2281.6875 2272.7759 2264.0056 2255.3855 2246.9268 2238.6404 2230.5386 2222.6326 2214.9341 2207.5405 2200.5688 2194.1670 2188.5635 2184.1260 2180.6228 2177.3838 2174.5249 2172.3230 2170.9160 2179.0466 2174.8721 2151.9875 2133.0298 2119.4346 2100.7583 2080.1785 2060.4346
-9999.0000 -9999.0000 -9999.0000 -9999.0000 -9999.0000 -9999.0000 -9999.0000 -9999.0000 -9999.0000 -9999.0000 -9999.0000 -9999.0000 -9999.0000 -9999.0000 -9999.0000 -9999.0000 -9999.0000 -9999.0000 -9999.0000 -9999.0000 -9999.0000 -9999.0000 -9999.0000 -9999.0000 -9999.0000 -9999.0000 -9999.0000 -9999.0000 -9999.0000 -9999.0000 -9999.0000 -9999.0000 2279.8030 2270.9795 2262.3083 2253.8010 2245.4697 2237.3286 2229.3921 2221.6724 2214.1931 2207.0825 2200.4749 2194.5571 2189.6235 2186.0503 2183.0696 2180.5266 2178.5945 2177.0520 2177.4624 2187.6042 2188.8059 2164.0491 2138.1655 2118.6711 2100.6465 2083.5730 2067.3677
-9999.0000 -9999.0000 -9999.0000 -9999.0000 -9999.0000 -9999.0000 -9999.0000 -9999.0000 -9999.0000 -9999.0000 -9999.0000 -9999.0000 -9999.0000 -9999.0000 -9999.0000 -9999.0000 -9999.0000 -9999.0000 -9999.0000 -9999.0000 -9999.0000 -9999.0000 -9999.0000 -9999.0000 -9999.0000 -9999.0000 -9999.0000 -9999.0000 -9999.0000 -9999.0000 -9999.0000 2286.8479 2277.9634 2269.2319 2260.6653 2252.2761 2244.0798 2236.0928 2228.3315 2220.8093 2213.5698 2206.7708 2200.5696 2195.2007 2191.0413 2188.1411 2185.6089 2183.5676 2182.1375 2181.9587 2185.3987 2188.4868 2182.7820 2162.8806 2138.2754 2117.3813 2099.9292 2084.5054 2069.9385
-9999.0000 -9999.0000 -9999.0000 -9999.0000 -9999.0000 -9999.0000 -9999.0000 -9999.0000 -9999.0000 -9999.0000 -9999.0000 -9999.0000 -9999.0000 -9999.0000 -9999.0000 -9999.0000 -9999.0000 -9999.0000 -9999.0000 -9999.0000 -9999.0000 -9999.0000 -9999.0000 -9999.0000 -9999.0000 -9999.0000 -9999.0000 -9999.0000 -9999.0000 -9999.0000 2293.9189 2284.9656 2276.1660 2267.5310 2259.0737 2250.8101 2242.7573 2234.9343 2227.3594 2220.0459 2213.0728 2206.6216 2200.8823 2196.1511 2192.8821 2190.3906 2188.2251 2186.4578 2185.4077 2186.3362 2193.6663 2190.2183 2180.8608 2162.7231 2138.5972 2113.8569 2097.3591 2085.7271 2068.5090
-9999.0000 -9999.0000 -9999.0000 -9999.0000 -9999.0000 -9999.0000 -9999.0000 -9999.0000 -9999.0000 -9999.0000 -9999.0000 -9999.0000 -9999.0000 -9999.0000 -9999.0000 -9999.0000 -9999.0000 -9999.0000 -9999.0000 -9999.0000 -9999.0000 -9999.0000 -9999.0000 -9999.0000 -9999.0000 -9999.0000 -9999.0000 -9999.0000 -9999.0000 -9999.0000 2291.9937 2283.1184 2274.4072 2265.8733 2257.5322 2249.4016 2241.5017 2233.8535 2226.4768 2219.3853 2212.7122 2206.6541 2201.4482 2197.4741 2194.9436 2192.7532 2190.7993 2189.2549 2188.7712 2190.7705 2194.6094 2195.6414 2172.5315 2164.7356 2139.0713 2109.9580 2095.1584 2083.2717 2073.5527
-9999.0000 -9999.0000 -9999.0000 -9999.0000 -9999.0000 -9999.0000 -9999.0000 -9999.0000 -9999.0000 -9999.0000 -9999.0000 -9999.0000 -9999.0000 -9999.0000 -9999.0000 -9999.0000 -9999.0000 -9999.0000 -9999.0000 -9999.0000 -9999.0000 -9999.0000 -9999.0000 -9999.0000 -9999.0000 -9999.0000 -9999.0000 -9999.0000 -9999.0000 2299.0552 2290.0972 2281.3022 2272.6836 2264.2561 2256.0374 2248.0481 2240.3110 2232.8496 2225.6829 2218.8352 2212.5015 2206.8979 2202.3247 2199.2698 2197.1418 2195.1436 2193.3953 2192.2527 2192.1875 2195.0481 2193.7759 2191.3110 2159.7610 2144.6550 2126.6799 2110.6760 2097.2751 2086.2366 2077.0166
-9999.0000 -9999.0000 -9999.0000 -9999.0000 -9999.0000 -9999.0000 -9999.0000 -9999.0000 -9999.0000 -9999.0000 -9999.0000 -9999.0000 -9999.0000 -9999.0000 -9999.0000 -9999.0000 -9999.0000 -9999.0000 -9999.0000 -9999.0000 -9999.0000 -9999.0000 -9999.0000 -9999.0000 -9999.0000 -9999.0000 -9999.0000 -9999.0000 2306.1572 2297.1096 2288.2244 2279.5132 2270.9910 2262.6748 2254.5854 2246.7458 2239.1821 2231.9187 2224.9751 2218.4053 2212.4590 2207.3865 2203.5757 2201.3398 2199.4006 2197.6372 2196.2444 2195.3962 2195.9956 2196.9758 2192.6597 2185.3452 2160.9502 2134.2166 2122.6113 2110.1763 2098.5200 2088.4875 2079.7097
-9999.0000 -9999.0000 -9999.0000 -9999.0000 -9999.0000 -9999.0000 -9999.0000 -9999.0000 -9999.0000 -9999.0000 -9999.0000 -9999.0000 -9999.0000 -9999.0000 -9999.0000 -9999.0000 -9999.0000 -9999.0000 -9999.0000 -9999.0000 -9999.0000 -9999.0000 -9999.0000 -9999.0000 -9999.0000 -9999.0000 -9999.0000 -9999.0000 2304.1628 2295.1804 2286.3701 2277.7458 2269.3242 2261.1252 2253.1721 2245.4917 2238.1121 2231.0613 2224.3508 2218.1033 2212.6047 2208.1663 2205.3049 2203.4944 2201.8186 2200.3813 2199.2673 2198.8784 2199.9446 2197.7124 2191.9519 2181.0208 2157.2900 2131.0498 2120.7759 2109.6550 2099.3594 2090.0747 2081.6667
-9999.0000 -9999.0000 -9999.0000 -9999.0000 -9999.0000 -9999.0000 -9999.0000 -9999.0000 -9999.0000 -9999.0000 -9999.0000 -9999.0000 -9999.0000 -9999.0000 -9999.0000 -9999.0000 -9999.0000 -9999.0000 -9999.0000 -9999.0000 -9999.0000 -9999.0000 -9999.0000 -9999.0000 -9999.0000 -9999.0000 -9999.0000 2311.2646 2302.1782 2293.2622 2284.5288 2275.9944 2267.6777 2259.6018 2251.7930 2244.2808 2237.0999 2230.2737 2223.8115 2217.9414 2212.9719 2209.3135 2207.3813 2205.8499 2204.4800 2203.3220 2202.5474 2202.7439 2202.7402 2198.6548 2191.7454 2179.0620 2156.7646 2129.0813 2119.7285 2109.3286 2099.9729 2091.2114 2083.0613
-9999.0000 -9999.0000 -9999.0000 -9999.0000 -9999.0000 -9999.0000 -9999.0000 -9999.0000 -9999.0000 -9999.0000 -9999.0000 -9999.0000 -9999.0000 -9999.0000 -9999.0000 -9999.0000 -9999.0000 -9999.0000 -9999.0000 -9999.0000 -9999.0000 -9999.0000 -9999.0000 -9999.0000 -9999.0000 -9999.0000 -9999.0000 2309.2251 2300.1965 2291.3479 2282.6936 2274.2520 2266.0447 2258.0979 2250.4414 2243.1111 2236.1406 2229.5486 2223.3706 2217.9412 2213.6226 2211.0366 2209.6809 2208.4402 2207.3445 2206.4761 2206.2292 2206.7361 2204.7007 2199.8770 2192.1624 2178.9253 2158.5200 2132.1733 2117.7261 2108.9290 2100.5591 2092.1338 2083.5964
-9999.0000 -9999.0000 -9999.0000 -9999.0000 -9999.0000 -9999.0000 -9999.0000 -9999.0000 -9999.0000 -9999.0000 -9999.0000 -9999.0000 -9999.0000 -9999.0000 -9999.0000 -9999.0000 -9999.0000 -9999.0000 -9999.0000 -9999.0000 -9999.0000 -9999.0000 -9999.0000 -9999.0000 -9999.0000 -9999.0000 2316.3286 2307.1809 2298.2102 2289.4297 2280.8564 2272.5105 2264.4172 2256.6062 2249.1123 2241.9756 2235.2280 2228.8733 2223.0430 2218.1746 2214.7620 2213.2859 2212.2085 2211.2334 2210.4170 2210.0122 2210.2600 2209.9702 2206.8342 2201.4102 2193.2673 2180.1182 2161.7197 2139.2410 2114.9675 2107.0669 2102.7871 2094.9995 2079.8704
-9999.0000 -9999.0000 -9999.0000 -9999.0000 -9999.0000 -9999.0000 -9999.0000 -9999.0000 -9999.0000 -9999.0000 -9999.0000 -9999.0000 -9999.0000 -9999.0000 -9999.0000 -9999.0000 -9999.0000 -9999.0000 -9999.0000 -9999.0000 -9999.0000 -9999.0000 -9999.0000 -9999.0000 -9999.0000 2323.4961 2314.2227 2305.1235 2296.2104 2287.4988 2279.0078 2270.7607 2262.7861 2255.1182 2247.7981 2240.8674 2234.3574 2228.2666 2222.9207 2218.8081 2216.6531 2215.7588 2214.9429 2214.2515 2213.8582 2213.9492 2214.4055 2212.8193 2209.1555 2203.2883 2194.9919 2182.4534 2166.0496 2146.8525 2127.8328 2101.4880 2101.9807 2099.1643 2096.7378
-9999.0000 -9999.0000 -9999.0000 -9999.0000 -9999.0000 -9999.0000 -9999.0000 -9999.0000 -9999.0000 -9999.0000 -9999.0000 -9999.0000 -9999.0000 -9999.0000 -9999.0000 -9999.0000 -9999.0000 -9999.0000 -9999.0000 -9999.0000 -9999.0000 -9999.0000 -9999.0000 -9999.0000 -9999.0000 2321.3296 2312.0952 2303.0432 2294.1870 2285.5444 2277.1372 2268.9917 2261.1414 2253.6272 2246.4993 2239.8047 2233.5649 2227.8245 2223.1084 2220.0347 2219.0776 2218.4404 2217.9204 2217.6355 2217.7131 2218.2395 2218.0349 2215.8118 2211.7075 2205.7107 2197.3757 2185.8638 2171.5256 2155.5295 2140.7671 2120.1892 2104.7876 2105.7666 2112.7974
-9999.0000 -9999.0000 -9999.0000 -9999.0000 -9999.0000 -9999.0000 -9999.0000 -9999.0000 -9999.0000 -9999.0000 -9999.0000 -9999.0000 -9999.0000 -9999.0000 -9999.0000 -9999.0000 -9999.0000 -9999.0000 -9999.0000 -9999.0000 -9999.0000 -9999.0000 -9999.0000 -9999.0000 2328.5098 2319.1333 2309.9355 2300.9290 2292.1289 2283.5559 2275.2356 2267.1992 2259.4878 2252.1497 2245.2434 2238.8164 2232.8596 2227.6147 2223.7563 2222.1602 2221.7180 2221.3943 2221.2681 2221.4285 2221.9922 2222.6521 2221.6091 2218.9341 2214.4880 2208.6438 2200.5647 2190.1296 2177.8608 2164.9084 2153.9514 2139.3582 2121.7371 2124.2310 2132.5251
-9999.0000 -9999.0000 -9999.0000 -9999.0000 -9999.0000 -9999.0000 -9999.0000 -9999.0000 -9999.0000 -9999.0000 -9999.0000 -9999.0000 -9999.0000 -9999.0000 -9999.0000 -9999.0000 -9999.0000 -9999.0000 -9999.0000 -9999.0000 -9999.0000 -9999.0000 -9999.0000 2335.7715 2326.2471 2316.8977 2307.7354 2298.7739 2290.0315 2281.5320 2273.3054 2265.3899 2257.8333 2250.6953 2244.0420 2237.9133 2232.2910 2227.7537 2225.1399 2224.7722 2224.6575 2224.7202 2225.0193 2225.6772 2226.6489 2226.7358 2225.2656 2222.1980 2217.7014 2212.0022 2204.4624 2195.1531 2184.9739 2174.9412 2167.4761 2157.3196 2144.1726 2140.9368 2158.9133
-9999.0000 -9999.0000 -9999.0000 -9999.0000 -9999.0000 -9999.0000 -9999.0000 -9999.0000 -9999.0000 -9999.0000 -9999.0000 -9999.0000 -9999.0000 -9999.0000 -9999.0000 -9999.0000 -9999.0000 -9999.0000 -9999.0000 -9999.0000 -9999.0000 -9999.0000 -9999.0000 2333.4446 2323.9387 2314.6145 2305.4866 2296.5706 2287.8875 2279.4656 2271.3411 2263.5588 2256.1785 2249.2712 2242.9094 2237.1013 2231.9778 2228.4600 2227.6013 2227.7063 2227.9746 2228.4673 2229.2563 2230.4065 2231.3428 2230.8926 2228.9727 2225.5652 2221.3015 2215.7908 2208.9844 2200.9343 2192.8809 2185.7366 2181.4658 2174.6172 2164.6072 2162.0735 2170.8484
-9999.0000 -9999.0000 -9999.0000 -9999.0000 -9999.0000 -9999.0000 -9999.0000 -9999.0000 -9999.0000 -9999.0000 -9999.0000 -9999.0000 -9999.0000 -9999.0000 -9999.0000 -9999.0000 -9999.0000 -9999.0000 -9999.0000 -9999.0000 -9999.0000 -9999.0000 2340.7317 2331.0647 2321.5742 2312.2729 2303.1780 2294.3079 2285.6865 2277.3477 2269.3347 2261.7039 2254.5273 2247.8911 2241.8657 2236.3921 2232.0967 2230.2161 2230.5359 2231.0251 2231.7236 2232.6960 2234.0242 2235.5437 2235.9639 2235.0334 2232.6899 2229.2954 2225.2151 2220.1045 2214.0552 2207.4692 2201.6233 2197.4836 2196.0112 2191.8538 2183.9858 2182.6235 2181.2590
-9999.0000 -9999.0000 -9999.0000 -9999.0000 -9999.0000 -9999.0000 -9999.0000 -9999.0000 -9999.0000 -9999.0000 -9999.0000 -9999.0000 -9999.0000 -9999.0000 -9999.0000 -9999.0000 -9999.0000 -9999.0000 -9999.0000 -9999.0000 -9999.0000 -9999.0000 2338.2825 2328.6208 2319.1421 2309.8611 2300.7974 2291.9736 2283.4170 2275.1682 2267.2805 2259.8242 2252.8899 2246.5779 2240.9290 2235.9973 2233.0427 2233.1440 2233.8660 2234.7920 2235.9797 2237.5068 2239.3870 2240.6104 2240.5527 2239.1255 2236.4512 2233.3086 2229.4316 2224.8923 2219.6462 2214.7866 2211.3108 2210.3984 2211.2947 2209.3826 2202.7158 2202.2773 2186.3123
