Output/test_newDEM_out.asc
ncols            97
nrows            97
xllcorner           0.0000                                  
yllcorner           0.0000                                  
cellsize        43.3014
NODATA_value  -9999.0000
[rows 58 to 86 of 97, columns 0 to 64 of 97]
0.0000 0.0000 0.0000 0.0000 0.0000 0.0000 0.0000 0.0000 0.0000 0.0000 17.6559 41.8116 65.9229 89.9863 113.9977 137.9530 161.8473 185.6751 209.4306 215.4826 205.2420 188.4151 173.0341 159.0547 146.4382 135.1509 125.1635 116.4510 108.9918 102.7680 97.7649 93.9709 91.3772 89.9778 89.7697 90.7522 92.9277 96.3011 100.8801 106.6754 113.7007 121.9726 131.5115 142.3410 154.4890 167.9876 182.8737 199.1895 216.9834 236.3106 257.2343 279.8267 304.1711 330.3633 358.5145 388.7542 421.2349 456.1371 493.6773 534.1183 564.4115 589.9695 569.8837 549.3061 528.3009
0.0000 0.0000 0.0000 0.0000 0.0000 0.0000 0.0000 0.0000 0.0000 0.0000 10.9980 34.9870 58.9235 82.8032 106.6216 130.3736 154.0538 177.6558 201.1727 224.5969 216.0567 208.5260 192.9348 178.7682 165.9858 154.5524 144.4376 135.6152 128.0630 121.7623 116.6979 112.8576 110.2323 108.8160 108.6053 109.5998 111.8016 115.2161 119.8512 125.7179 132.8305 141.2063 150.8663 161.8353 174.1422 187.8204 202.9084 219.4503 237.4968 257.1055 278.3430 301.2851 326.0197 352.6479 381.2877 412.0770 445.1785 480.7863 519.1338 546.9244 593.0295 574.2653 554.8877 534.9731 514.5878
0.0000 0.0000 0.0000 0.0000 0.0000 0.0000 0.0000 0.0000 0.0000 0.0000 3.7571 27.5675 51.3167 75.0000 98.6122 122.1475 145.5996 168.9615 192.2253 215.3823 238.4227 219.5060 214.4004 200.0262 187.0599 175.4647 165.2089 156.2650 148.6100 142.2243 137.0920 133.2005 130.5405 129.1055 128.8920 129.8996 132.1306 135.5904 140.2875 146.2332 153.4423 161.9329 171.7270 182.8504 195.3333 209.2106 224.5226 241.3157 259.6429 279.5651 301.1523 324.4848 349.6555 376.7723 405.9607 437.3687 471.1714 507.5786 546.8448 579.3672 575.7359 557.7048 539.0228 519.7657 500.0000
0.0000 0.0000 0.0000 0.0000 0.0000 0.0000 0.0000 0.0000 0.0000 0.0000 0.0000 19.5664 43.1170 66.5923 89.9863 113.2926 136.5042 159.6132 182.6109 205.4876 228.2325 250.8338 225.8177 222.8970 209.7269 197.9525 187.5406 178.4623 170.6935 164.2139 159.0066 155.0587 152.3602 150.9045 150.6880 151.7100 153.9733 157.4833 162.2487 168.2817 175.5975 184.2152 194.1577 205.4520 218.1299 232.2280 247.7887 264.8608 283.5004 303.7717 325.7490 349.5178 375.1770 402.8420 432.6478 464.7540 499.3507 536.6668 560.2645 574.2653 557.7048 540.3806 522.3757 503.7642 484.6118
0.0000 0.0000 0.0000 0.0000 0.0000 0.0000 0.0000 0.0000 0.0000 0.0000 0.0000 10.9980 34.3396 57.5962 80.7612 103.8276 126.7875 149.6324 172.3527 194.9379 217.3762 239.6547 261.7588 240.4945 234.0624 222.0895 211.5045 202.2776 194.3830 187.7994 182.5093 178.4989 175.7580 174.2794 174.0595 175.0976 177.3964 180.9618 185.8029 191.9323 199.3662 208.1245 218.2313 229.7151 242.6092 256.9524 272.7894 290.1720 309.1595 329.8204 352.2337 376.4910 402.6984 430.9803 461.4828 494.3797 529.8790 549.8784 569.8837 554.8877 539.0228 522.3757 505.0253 487.0429 468.4927
0.0000 0.0000 0.0000 0.0000 0.0000 0.0000 0.0000 0.0000 0.0000 0.0000 0.0000 1.8768 25.0000 48.0284 70.9548 93.7716 116.4701 139.0412 161.4745 183.7586 205.8810 227.8277 249.5834 271.1310 253.4623 247.9598 237.1830 227.7912 219.7572 213.0585 207.6767 203.5973 200.8094 199.3055 199.0818 200.1377 202.4759 206.1026 211.0274 217.2636 224.8282 233.7423 244.0313 255.7254 268.8597 283.4754 299.6201 317.3487 336.7247 357.8212 380.7232 405.5291 432.3538 461.3323 492.6244 526.4207 545.8083 562.6786 549.3061 534.9731 519.7657 503.7642 487.0429 469.6699 451.7072
0.0000 0.0000 0.0000 0.0000 0.0000 0.0000 0.0000 0.0000 0.0000 0.0000 0.0000 0.0000 15.1142 37.9059 60.5853 83.1440 105.5728 127.8618 150.0000 171.9752 193.7742 215.3823 236.7831 257.9589 278.8897 268.8620 264.6704 255.0954 246.9067 240.0803 234.5969 230.4409 227.6009 226.0691 225.8412 226.9167 229.2985 232.9931 238.0107 244.3654 252.0751 261.1623 271.6538 283.5816 296.9834 311.9029 328.3909 346.5064 366.3173 387.9027 411.3541 436.7785 464.3012 494.0702 510.0509 552.6098 552.7864 541.0610 528.3009 514.5878 500.0000 484.6118 468.4927 451.7072 434.3146
0.0000 0.0000 0.0000 0.0000 0.0000 0.0000 0.0000 0.0000 0.0000 0.0000 0.0000 0.0000 4.6985 27.2462 49.6711 71.9644 94.1165 116.1165 137.9530 159.6132 181.0830 202.3472 223.3888 244.1892 264.7279 284.9825 286.7353 284.2964 275.9355 268.9672 263.3707 259.1297 256.2318 254.6689 254.4364 255.5337 257.9640 261.7341 266.8548 273.3412 281.2124 290.4922 301.2093 313.3980 327.0984 342.3576 359.2301 377.7795 398.0795 420.2155 444.2876 470.4128 498.7290 514.8668 549.3061 540.3806 530.2926 519.1154 506.9229 493.7886 479.7837 464.9766 449.4321 433.2108 416.3691
0.0000 0.0000 0.0000 0.0000 0.0000 0.0000 0.0000 0.0000 0.0000 0.0000 0.0000 0.0000 0.0000 16.0666 38.2308 60.2527 82.1220 103.8276 125.3572 146.6976 167.8342 188.7510 209.4306 229.8539 250.0000 269.8459 289.3665 305.0561 301.5560 299.8375 294.1150 289.7791 286.8168 285.2192 284.9816 286.1032 288.5874 292.4417 297.6774 304.3108 312.3622 321.8571 332.8266 345.3073 359.3425 374.9830 392.2881 411.3266 432.1788 454.9386 479.7157 493.5419 527.0622 532.9615 525.6584 517.1698 507.5571 496.8847 485.2185 472.6244 459.1673 444.9099 429.9123 414.2313 397.9203
0.0000 0.0000 0.0000 0.0000 0.0000 0.0000 0.0000 0.0000 0.0000 0.0000 0.0000 0.0000 0.0000 4.3846 26.2829 48.0284 69.6103 91.0171 112.2360 133.2532 154.0538 174.6213 194.9379 214.9841 234.7386 254.1783 273.2779 292.0099 310.3443 322.7244 322.4844 322.5235 319.4891 317.8528 317.6094 318.7582 321.3028 325.2511 330.6157 337.4135 345.6670 355.4034 366.6563 379.4654 393.8777 409.9486 427.7427 447.3354 468.8153 481.3158 509.2391 519.1154 514.5878 508.8279 501.8785 493.7886 484.6118 474.4051 463.2272 451.1375 438.1949 424.4568 409.9788 394.8141 379.0129
0.0000 0.0000 0.0000 0.0000 0.0000 0.0000 0.0000 0.0000 0.0000 0.0000 0.0000 0.0000 0.0000 0.0000 13.8459 35.3109 56.6019 77.7067 98.6122 119.3043 139.7675 159.9851 179.9390 199.6095 218.9750 238.0125 256.6966 275.0000 292.8932 310.3443 327.3188 343.7798 346.9854 350.2404 352.4751 353.6544 356.2669 360.3210 365.8304 372.8135 381.2945 391.3033 402.8763 416.0568 430.8965 447.4559 457.5384 479.9652 495.4250 499.3754 497.5062 494.4063 490.0980 484.6118 477.9847 470.2595 461.4835 451.7072 440.9830 429.3644 416.9048 403.6570 389.6722 375.0000 359.6876
0.0000 0.0000 0.0000 0.0000 0.0000 0.0000 0.0000 0.0000 0.0000 0.0000 0.0000 0.0000 0.0000 0.0000 0.9379 22.1196 43.1170 63.9177 84.5083 104.8743 125.0000 144.8684 164.4613 183.7586 202.7391 221.3794 239.6547 257.5379 275.0000 292.0099 308.5342 324.5372 339.9811 354.8256 369.0285 378.5823 384.4519 391.0414 398.3671 406.4455 415.2933 424.9273 435.3646 446.6218 458.7157 469.6699 472.6244 474.4051 475.0000 474.4051 472.6244 469.6699 465.5610 460.3242 453.9918 446.6014 438.1949 428.8170 418.5148 407.3365 395.3307 382.5455 369.0285 354.8256 339.9811
0.0000 0.0000 0.0000 0.0000 0.0000 0.0000 0.0000 0.0000 0.0000 0.0000 0.0000 0.0000 0.0000 0.0000 0.0000 8.4734 29.1756 49.6711 69.9462 89.9863 109.7753 129.2963 148.5307 167.4587 186.0590 204.3085 222.1825 239.6547 256.6966 273.2779 289.3665 304.9281 319.9265 334.3237 348.0798 361.1534 373.5018 385.0813 395.8477 405.7568 414.7650 422.8302 429.9123 435.9743 440.9830 444.9099 447.7319 449.4321 450.0000 449.4321 447.7319 444.9099 440.9830 435.9743 429.9123 422.8302 414.7650 405.7568 395.8477 385.0813 373.5018 361.1534 348.0798 334.3237 319.9265
0.0000 0.0000 0.0000 0.0000 0.0000 0.0000 0.0000 0.0000 0.0000 0.0000 0.0000 0.0000 0.0000 0.0000 0.0000 0.0000 14.7970 34.9870 54.9471 74.6622 94.1165 113.2926 132.1723 150.7356 168.9615 186.8272 204.3085 221.3794 238.0125 254.1783 269.8459 284.9825 299.5537 313.5235 326.8544 339.5078 351.4439 362.6226 373.0032 382.5455 391.2102 398.9592 405.7568 411.5699 416.3691 420.1293 422.8302 424.4568 425.0000 424.4568 422.8302 420.1293 416.3691 411.5699 405.7568 398.9592 391.2102 382.5455 373.0032 362.6226 351.4439 339.5078 326.8544 313.5235 299.5537
0.0000 0.0000 0.0000 0.0000 0.0000 0.0000 0.0000 0.0000 0.0000 0.0000 0.0000 0.0000 0.0000 0.0000 0.0000 0.0000 0.0000 19.8852 39.5314 58.9235 78.0456 96.8804 115.4097 133.6138 151.4719 168.9615 186.0590 202.7391 218.9750 234.7386 250.0000 264.7279 278.8897 292.4514 305.3778 317.6328 329.1796 339.9811 350.0000 359.1997 367.5445 375.0000 381.5342 387.1175 391.7237 395.3307 397.9203 399.4794 400.0000 399.4794 397.9203 395.3307 391.7237 387.1175 381.5342 375.0000 367.5445 359.1997 350.0000 339.9811 329.1796 317.6328 305.3778 292.4514 278.8897
0.0000 0.0000 0.0000 0.0000 0.0000 0.0000 0.0000 0.0000 0.0000 0.0000 0.0000 0.0000 0.0000 0.0000 0.0000 0.0000 0.0000 4.3846 23.7188 42.7905 61.5838 80.0815 98.2656 116.1165 133.6138 150.7356 167.4587 183.7586 199.6095 214.9841 229.8539 244.1892 257.9589 271.1310 283.6726 295.5499 306.7288 317.1750 326.8544 335.7335 343.7798 350.9623 357.2520 362.6226 367.0506 370.5161 373.0032 374.5002 375.0000 374.5002 373.0032 370.5161 367.0506 362.6226 357.2520 350.9623 343.7798 335.7335 326.8544 317.1750 306.7288 295.5499 283.6726 271.1310 257.9589
0.0000 0.0000 0.0000 0.0000 0.0000 0.0000 0.0000 0.0000 0.0000 0.0000 0.0000 0.0000 0.0000 0.0000 0.0000 0.0000 0.0000 0.0000 7.5283 26.2829 44.7513 62.9168 80.7612 98.2656 115.4097 132.1723 148.5307 164.4613 179.9390 194.9379 209.4306 223.3888 236.7831 249.5834 261.7588 273.2779 284.1089 294.2203 303.5806 312.1592 319.9265 326.8544 332.9168 338.0899 342.3527 345.6874 348.0798 349.5194 350.0000 349.5194 348.0798 345.6874 342.3527 338.0899 332.9168 326.8544 319.9265 312.1592 303.5806 294.2203 284.1089 273.2779 261.7588 249.5834 236.7831
0.0000 0.0000 0.0000 0.0000 0.0000 0.0000 0.0000 0.0000 0.0000 0.0000 0.0000 0.0000 0.0000 0.0000 0.0000 0.0000 0.0000 0.0000 0.0000 9.4194 27.5675 45.4058 62.9168 80.0815 96.8804 113.2926 129.2963 144.8684 159.9851 174.6213 188.7510 202.3472 215.3823 227.8277 239.6547 250.8338 261.3357 271.1310 280.1910 288.4875 295.9936 302.6837 308.5342 313.5235 317.6328 320.8461 323.1507 324.5372 325.0000 324.5372 323.1507 320.8461 317.6328 313.5235 308.5342 302.6837 295.9936 288.4875 280.1910 271.1310 261.3357 250.8338 239.6547 227.8277 215.3823
0.0000 0.0000 0.0000 0.0000 0.0000 0.0000 0.0000 0.0000 0.0000 0.0000 0.0000 0.0000 0.0000 0.0000 0.0000 0.0000 0.0000 0.0000 0.0000 0.0000 10.0505 27.5675 44.7513 61.5838 78.0456 94.1165 109.7753 125.0000 139.7675 154.0538 167.8342 181.0830 193.7742 205.8810 217.3762 228.2325 238.4227 247.9196 256.6966 264.7279 271.9890 278.4565 284.1089 288.9269 292.8932 295.9936 298.2166 299.5537 300.0000 299.5537 298.2166 295.9936 292.8932 288.9269 284.1089 278.4565 271.9890 264.7279 256.6966 247.9196 238.4227 228.2325 217.3762 205.8810 193.7742
0.0000 0.0000 0.0000 0.0000 0.0000 0.0000 0.0000 0.0000 0.0000 0.0000 0.0000 0.0000 0.0000 0.0000 0.0000 0.0000 0.0000 0.0000 0.0000 0.0000 0.0000 9.4194 26.2829 42.7905 58.9235 74.6622 89.9863 104.8743 119.3043 133.2532 146.6976 159.6132 171.9752 183.7586 194.9379 205.4876 215.3823 224.5969 233.1069 240.8887 247.9196 254.1783 259.6454 264.3031 268.1359 271.1310 273.2779 274.5691 275.0000 274.5691 273.2779 271.1310 268.1359 264.3031 259.6454 254.1783 247.9196 240.8887 233.1069 224.5969 215.3823 205.4876 194.9379 183.7586 171.9752
0.0000 0.0000 0.0000 0.0000 0.0000 0.0000 0.0000 0.0000 0.0000 0.0000 0.0000 0.0000 0.0000 0.0000 0.0000 0.0000 0.0000 0.0000 0.0000 0.0000 0.0000 0.0000 7.5283 23.7188 39.5314 54.9471 69.9462 84.5083 98.6122 112.2360 125.3572 137.9530 150.0000 161.4745 172.3527 182.6109 192.2253 201.1727 209.4306 216.9770 223.7913 229.8539 235.1471 239.6547 243.3627 246.2593 248.3352 249.5834 250.0000 249.5834 248.3352 246.2593 243.3627 239.6547 235.1471 229.8539 223.7913 216.9770 209.4306 201.1727 192.2253 182.6109 172.3527 161.4745 150.0000
0.0000 0.0000 0.0000 0.0000 0.0000 0.0000 0.0000 0.0000 0.0000 0.0000 0.0000 0.0000 0.0000 0.0000 0.0000 0.0000 0.0000 0.0000 0.0000 0.0000 0.0000 0.0000 0.0000 4.3846 19.8852 34.9870 49.6711 63.9177 77.7067 91.0171 103.8276 116.1165 127.8618 139.0412 149.6324 159.6132 168.9615 177.6558 185.6751 192.9994 199.6095 205.4876 210.6173 214.9841 218.5750 221.3794 223.3888 224.5969 225.0000 224.5969 223.3888 221.3794 218.5750 214.9841 210.6173 205.4876 199.6095 192.9994 185.6751 177.6558 168.9615 159.6132 149.6324 139.0412 127.8618
0.0000 0.0000 0.0000 0.0000 0.0000 0.0000 0.0000 0.0000 0.0000 0.0000 0.0000 0.0000 0.0000 0.0000 0.0000 0.0000 0.0000 0.0000 0.0000 0.0000 0.0000 0.0000 0.0000 0.0000 0.0000 14.7970 29.1756 43.1170 56.6019 69.6103 82.1220 94.1165 105.5728 116.4701 126.7875 136.5042 145.5996 154.0538 161.8473 168.9615 175.3789 181.0830 186.0590 190.2933 193.7742 196.4921 198.4390 199.6095 200.0000 199.6095 198.4390 196.4921 193.7742 190.2933 186.0590 181.0830 175.3789 168.9615 161.8473 154.0538 145.5996 136.5042 126.7875 116.4701 105.5728
0.0000 0.0000 0.0000 0.0000 0.0000 0.0000 0.0000 0.0000 0.0000 0.0000 0.0000 0.0000 0.0000 0.0000 0.0000 0.0000 0.0000 0.0000 0.0000 0.0000 0.0000 0.0000 0.0000 0.0000 0.0000 0.0000 8.4734 22.1196 35.3109 48.0284 60.2527 71.9644 83.1440 93.7716 103.8276 113.2926 122.1475 130.3736 137.9530 144.8684 151.1037 156.6436 161.4745 165.5840 168.9615 171.5979 173.4862 174.6213 175.0000 174.6213 173.4862 171.5979 168.9615 165.5840 161.4745 156.6436 151.1037 144.8684 137.9530 130.3736 122.1475 113.2926 103.8276 93.7716 83.1440
0.0000 0.0000 0.0000 0.0000 0.0000 0.0000 0.0000 0.0000 0.0000 0.0000 0.0000 0.0000 0.0000 0.0000 0.0000 0.0000 0.0000 0.0000 0.0000 0.0000 0.0000 0.0000 0.0000 0.0000 0.0000 0.0000 0.0000 0.9379 13.8459 26.2829 38.2308 49.6711 60.5853 70.9548 80.7612 89.9863 98.6122 106.6216 113.9977 120.7247 126.7875 132.1723 136.8662 140.8580 144.1379 146.6976 148.5307 149.6324 150.0000 149.6324 148.5307 146.6976 144.1379 140.8580 136.8662 132.1723 126.7875 120.7247 113.9977 106.6216 98.6122 89.9863 80.7612 70.9548 60.5853
0.0000 0.0000 0.0000 0.0000 0.0000 0.0000 0.0000 0.0000 0.0000 0.0000 0.0000 0.0000 0.0000 0.0000 0.0000 0.0000 0.0000 0.0000 0.0000 0.0000 0.0000 0.0000 0.0000 0.0000 0.0000 0.0000 0.0000 0.0000 0.0000 4.3846 16.0666 27.2462 37.9059 48.0284 57.5962 66.5923 75.0000 82.8032 89.9863 96.5345 102.4338 107.6716 112.2360 116.1165 119.3043 121.7916 123.5726 124.6429 125.0000 124.6429 123.5726 121.7916 119.3043 116.1165 112.2360 107.6716 102.4338 96.5345 89.9863 82.8032 75.0000 66.5923 57.5962 48.0284 37.9059
0.0000 0.0000 0.0000 0.0000 0.0000 0.0000 0.0000 0.0000 0.0000 0.0000 0.0000 0.0000 0.0000 0.0000 0.0000 0.0000 0.0000 0.0000 0.0000 0.0000 0.0000 0.0000 0.0000 0.0000 0.0000 0.0000 0.0000 0.0000 0.0000 0.0000 0.0000 4.6985 15.1142 25.0000 34.3396 43.1170 51.3167 58.9235 65.9229 72.3012 78.0456 83.1440 87.5856 91.3609 94.4615 96.8804 98.6122 99.6528 100.0000 99.6528 98.6122 96.8804 94.4615 91.3609 87.5856 83.1440 78.0456 72.3012 65.9229 58.9235 51.3167 43.1170 34.3396 25.0000 15.1142
0.0000 0.0000 0.0000 0.0000 0.0000 0.0000 0.0000 0.0000 0.0000 0.0000 0.0000 0.0000 0.0000 0.0000 0.0000 0.0000 0.0000 0.0000 0.0000 0.0000 0.0000 0.0000 0.0000 0.0000 0.0000 0.0000 0.0000 0.0000 0.0000 0.0000 0.0000 0.0000 0.0000 1.8768 10.9980 19.5664 27.5675 34.9870 41.8116 48.0284 53.6253 58.5915 62.9168 66.5923 69.6103 71.9644 73.6496 74.6622 75.0000 74.6622 73.6496 71.9644 69.6103 66.5923 62.9168 58.5915 53.6253 48.0284 41.8116 34.9870 27.5675 19.5664 10.9980 1.8768 0.0000
0.0000 0.0000 0.0000 0.0000 0.0000 0.0000 0.0000 0.0000 0.0000 0.0000 0.0000 0.0000 0.0000 0.0000 0.0000 0.0000 0.0000 0.0000 0.0000 0.0000 0.0000 0.0000 0.0000 0.0000 0.0000 0.0000 0.0000 0.0000 0.0000 0.0000 0.0000 0.0000 0.0000 0.0000 0.0000 0.0000 3.7571 10.9980 17.6559 23.7188 29.1756 34.0160 38.2308 41.8116 44.7513 47.0441 48.6851 49.6711 50.0000 49.6711 48.6851 47.0441 44.7513 41.8116 38.2308 34.0160 29.1756 23.7188 17.6559 10.9980 3.7571 0.0000 0.0000 0.0000 0.0000
