Output/test_slope_out.asc
ncols            97
nrows            97
xllcorner           0.0000                                  
yllcorner           0.0000                                  
cellsize        43.3014
NODATA_value  -9999.0000
[rows 60 to 89 of 97, columns 0 to 66 of 97]
-9999.0000 0.0000 0.0000 0.0000 0.0000 0.0000 0.0000 0.0000 0.0000 3.5569 18.4981 29.3611 29.9964 29.9962 29.9961 29.9959 29.9958 29.9956 29.9954 29.9952 29.9950 29.9948 29.9946 29.9943 29.9941 29.9938 29.9935 29.9933 29.9930 29.9926 29.9923 29.9920 29.9916 29.9911 29.9906 29.9899 29.9892 29.9881 29.9868 29.9851 29.9828 29.9799 29.9765 29.9724 29.9681 29.9638 29.9601 29.9576 29.9568 29.9576 29.9601 29.9638 29.9681 29.9724 29.9765 29.9799 29.9828 29.9851 29.9868 29.9881 29.9892 29.9899 29.9906 29.9911 29.9916 29.9920 29.9923
-9999.0000 0.0000 0.0000 0.0000 0.0000 0.0000 0.0000 0.0000 0.0000 0.8787 13.2149 27.0063 29.9966 29.9964 29.9963 29.9961 29.9960 29.9958 29.9957 29.9955 29.9953 29.9951 29.9949 29.9947 29.9945 29.9943 29.9941 29.9938 29.9936 29.9933 29.9930 29.9927 29.9923 29.9919 29.9914 29.9907 29.9899 29.9889 29.9876 29.9860 29.9839 29.9814 29.9784 29.9751 29.9717 29.9684 29.9656 29.9638 29.9632 29.9638 29.9656 29.9684 29.9717 29.9751 29.9784 29.9814 29.9839 29.9860 29.9876 29.9889 29.9899 29.9907 29.9914 29.9919 29.9923 29.9927 29.9930
-9999.0000 0.0000 0.0000 0.0000 0.0000 0.0000 0.0000 0.0000 0.0000 0.0000 7.7108 22.9778 29.9967 29.9966 29.9965 29.9963 29.9962 29.9961 29.9959 29.9958 29.9956 29.9955 29.9953 29.9951 29.9949 29.9947 29.9945 29.9943 29.9941 29.9939 29.9936 29.9933 29.9929 29.9925 29.9920 29.9914 29.9906 29.9896 29.9883 29.9868 29.9849 29.9827 29.9802 29.9775 29.9747 29.9722 29.9701 29.9687 29.9682 29.9687 29.9701 29.9722 29.9747 29.9775 29.9802 29.9827 29.9849 29.9868 29.9883 29.9896 29.9906 29.9914 29.9920 29.9925 29.9929 29.9933 29.9936
-9999.0000 0.0000 0.0000 0.0000 0.0000 0.0000 0.0000 0.0000 0.0000 0.0000 3.0405 17.2643 28.7242 29.9968 29.9967 29.9965 29.9964 29.9963 29.9962 29.9960 29.9959 29.9958 29.9956 29.9955 29.9953 29.9951 29.9950 29.9948 29.9946 29.9943 29.9941 29.9938 29.9934 29.9930 29.9925 29.9919 29.9911 29.9901 29.9890 29.9875 29.9859 29.9839 29.9818 29.9796 29.9774 29.9753 29.9737 29.9727 29.9723 29.9727 29.9737 29.9753 29.9774 29.9796 29.9818 29.9839 29.9859 29.9875 29.9890 29.9901 29.9911 29.9919 29.9925 29.9930 29.9934 29.9938 29.9941
-9999.0000 0.0000 0.0000 0.0000 0.0000 0.0000 0.0000 0.0000 0.0000 0.0000 0.4390 10.5593 25.0723 29.9969 29.9968 29.9967 29.9966 29.9965 29.9964 29.9963 29.9962 29.9961 29.9959 29.9958 29.9956 29.9955 29.9953 29.9952 29.9950 29.9948 29.9945 29.9942 29.9939 29.9934 29.9929 29.9923 29.9916 29.9906 29.9895 29.9882 29.9867 29.9851 29.9833 29.9814 29.9796 29.9780 29.9768 29.9760 29.9757 29.9760 29.9768 29.9780 29.9796 29.9814 29.9833 29.9851 29.9867 29.9882 29.9895 29.9906 29.9916 29.9923 29.9929 29.9934 29.9939 29.9942 29.9945
-9999.0000 0.0000 0.0000 0.0000 0.0000 0.0000 0.0000 0.0000 0.0000 0.0000 0.0000 4.7520 19.1530 28.9561 29.9970 29.9969 29.9968 29.9967 29.9966 29.9965 29.9964 29.9963 29.9962 29.9961 29.9959 29.9958 29.9957 29.9955 29.9953 29.9951 29.9948 29.9946 29.9942 29.9938 29.9933 29.9927 29.9920 29.9911 29.9901 29.9889 29.9876 29.9861 29.9846 29.9831 29.9816 29.9803 29.9793 29.9787 29.9784 29.9787 29.9793 29.9803 29.9816 29.9831 29.9846 29.9861 29.9876 29.9889 29.9901 29.9911 29.9920 29.9927 29.9933 29.9938 29.9942 29.9946 29.9948
-9999.0000 0.0000 0.0000 0.0000 0.0000 0.0000 0.0000 0.0000 0.0000 0.0000 0.0000 1.0989 11.6558 25.4867 29.9972 29.9971 29.9970 29.9969 29.9968 29.9967 29.9966 29.9965 29.9964 29.9963 29.9962 29.9961 29.9959 29.9958 29.9956 29.9954 29.9951 29.9948 29.9945 29.9941 29.9936 29.9930 29.9923 29.9915 29.9906 29.9895 29.9883 29.9871 29.9858 29.9845 29.9833 29.9823 29.9815 29.9809 29.9808 29.9809 29.9815 29.9823 29.9833 29.9845 29.9858 29.9871 29.9883 29.9895 29.9906 29.9915 29.9923 29.9930 29.9936 29.9941 29.9945 29.9948 29.9951
-9999.0000 0.0000 0.0000 0.0000 0.0000 0.0000 0.0000 0.0000 0.0000 0.0000 0.0000 0.0000 4.8806 18.9484 28.6692 29.9972 29.9972 29.9971 29.9970 29.9969 29.9968 29.9968 29.9967 29.9966 29.9964 29.9963 29.9962 29.9960 29.9958 29.9956 29.9954 29.9951 29.9948 29.9943 29.9939 29.9933 29.9926 29.9919 29.9910 29.9901 29.9891 29.9880 29.9869 29.9858 29.9848 29.9839 29.9833 29.9829 29.9827 29.9829 29.9833 29.9839 29.9848 29.9858 29.9869 29.9880 29.9891 29.9901 29.9910 29.9919 29.9926 29.9933 29.9939 29.9943 29.9948 29.9951 29.9954
-9999.0000 0.0000 0.0000 0.0000 0.0000 0.0000 0.0000 0.0000 0.0000 0.0000 0.0000 0.0000 1.0255 10.5708 24.6023 29.9974 29.9973 29.9973 29.9972 29.9971 29.9970 29.9969 29.9969 29.9968 29.9966 29.9965 29.9964 29.9962 29.9960 29.9958 29.9956 29.9953 29.9950 29.9946 29.9941 29.9936 29.9930 29.9923 29.9915 29.9906 29.9897 29.9888 29.9878 29.9869 29.9861 29.9854 29.9849 29.9845 29.9844 29.9845 29.9849 29.9854 29.9861 29.9869 29.9878 29.9888 29.9897 29.9906 29.9915 29.9923 29.9930 29.9936 29.9941 29.9946 29.9950 29.9953 29.9956
-9999.0000 0.0000 0.0000 0.0000 0.0000 0.0000 0.0000 0.0000 0.0000 0.0000 0.0000 0.0000 0.0000 3.4608 16.6418 27.8295 29.9975 29.9974 29.9973 29.9973 29.9972 29.9971 29.9970 29.9969 29.9968 29.9967 29.9966 29.9964 29.9962 29.9960 29.9958 29.9955 29.9952 29.9948 29.9943 29.9938 29.9933 29.9926 29.9919 29.9912 29.9904 29.9895 29.9887 29.9880 29.9873 29.9867 29.9862 29.9859 29.9859 29.9859 29.9862 29.9867 29.9873 29.9880 29.9887 29.9895 29.9904 29.9912 29.9919 29.9926 29.9933 29.9938 29.9943 29.9948 29.9952 29.9955 29.9958
-9999.0000 0.0000 0.0000 0.0000 0.0000 0.0000 0.0000 0.0000 0.0000 0.0000 0.0000 0.0000 0.0000 0.2194 7.5392 21.5431 29.0212 29.9975 29.9975 29.9974 29.9973 29.9973 29.9972 29.9971 29.9970 29.9969 29.9967 29.9966 29.9964 29.9962 29.9959 29.9957 29.9953 29.9950 29.9945 29.9941 29.9935 29.9930 29.9923 29.9916 29.9909 29.9902 29.9895 29.9889 29.9883 29.9878 29.9874 29.9872 29.9871 29.9872 29.9874 29.9878 29.9883 29.9889 29.9895 29.9902 29.9909 29.9916 29.9923 29.9930 29.9935 29.9941 29.9945 29.9950 29.9953 29.9957 29.9959
-9999.0000 0.0000 0.0000 0.0000 0.0000 0.0000 0.0000 0.0000 0.0000 0.0000 0.0000 0.0000 0.0000 0.0000 1.9812 12.1700 25.1741 29.9977 29.9976 29.9975 29.9975 29.9974 29.9973 29.9972 29.9971 29.9970 29.9969 29.9967 29.9965 29.9963 29.9961 29.9958 29.9955 29.9951 29.9947 29.9943 29.9938 29.9933 29.9927 29.9921 29.9915 29.9909 29.9903 29.9897 29.9892 29.9888 29.9885 29.9883 29.9882 29.9883 29.9885 29.9888 29.9892 29.9897 29.9903 29.9909 29.9915 29.9921 29.9927 29.9933 29.9938 29.9943 29.9947 29.9951 29.9955 29.9958 29.9961
-9999.0000 0.0000 0.0000 0.0000 0.0000 0.0000 0.0000 0.0000 0.0000 0.0000 0.0000 0.0000 0.0000 0.0000 0.0000 3.4569 16.0156 27.2853 29.9977 29.9977 29.9976 29.9975 29.9974 29.9973 29.9972 29.9971 29.9970 29.9968 29.9966 29.9964 29.9962 29.9959 29.9956 29.9953 29.9949 29.9945 29.9941 29.9936 29.9931 29.9925 29.9920 29.9914 29.9909 29.9904 29.9900 29.9896 29.9894 29.9892 29.9892 29.9892 29.9894 29.9896 29.9900 29.9904 29.9909 29.9914 29.9920 29.9925 29.9931 29.9936 29.9941 29.9945 29.9949 29.9953 29.9956 29.9959 29.9962
-9999.0000 0.0000 0.0000 0.0000 0.0000 0.0000 0.0000 0.0000 0.0000 0.0000 0.0000 0.0000 0.0000 0.0000 0.0000 0.0000 5.7494 18.9090 27.9493 29.9978 29.9977 29.9976 29.9975 29.9974 29.9973 29.9972 29.9971 29.9969 29.9968 29.9966 29.9963 29.9961 29.9958 29.9955 29.9951 29.9947 29.9943 29.9939 29.9934 29.9929 29.9924 29.9920 29.9915 29.9911 29.9907 29.9904 29.9902 29.9900 29.9900 29.9900 29.9902 29.9904 29.9907 29.9911 29.9915 29.9920 29.9924 29.9929 29.9934 29.9939 29.9943 29.9947 29.9951 29.9955 29.9958 29.9961 29.9963
-9999.0000 0.0000 0.0000 0.0000 0.0000 0.0000 0.0000 0.0000 0.0000 0.0000 0.0000 0.0000 0.0000 0.0000 0.0000 0.0000 1.0255 8.3082 20.8113 28.3924 29.9978 29.9977 29.9976 29.9975 29.9974 29.9973 29.9972 29.9970 29.9969 29.9967 29.9964 29.9962 29.9959 29.9956 29.9953 29.9949 29.9946 29.9941 29.9937 29.9933 29.9929 29.9924 29.9920 29.9917 29.9914 29.9911 29.9909 29.9908 29.9907 29.9908 29.9909 29.9911 29.9914 29.9917 29.9920 29.9924 29.9929 29.9933 29.9937 29.9941 29.9946 29.9949 29.9953 29.9956 29.9959 29.9962 29.9964
-9999.0000 0.0000 0.0000 0.0000 0.0000 0.0000 0.0000 0.0000 0.0000 0.0000 0.0000 0.0000 0.0000 0.0000 0.0000 0.0000 0.0000 1.7604 10.0183 21.9415 28.6140 29.9978 29.9977 29.9976 29.9975 29.9974 29.9973 29.9971 29.9969 29.9968 29.9965 29.9963 29.9961 29.9958 29.9955 29.9951 29.9948 29.9944 29.9940 29.9936 29.9933 29.9929 29.9925 29.9922 29.9919 29.9917 29.9916 29.9914 29.9914 29.9914 29.9916 29.9917 29.9919 29.9922 29.9925 29.9929 29.9933 29.9936 29.9940 29.9944 29.9948 29.9951 29.9955 29.9958 29.9961 29.9963 29.9965
-9999.0000 0.0000 0.0000 0.0000 0.0000 0.0000 0.0000 0.0000 0.0000 0.0000 0.0000 0.0000 0.0000 0.0000 0.0000 0.0000 0.0000 0.0000 2.2022 10.8711 22.3159 28.6140 29.9978 29.9977 29.9976 29.9975 29.9973 29.9972 29.9970 29.9968 29.9966 29.9964 29.9962 29.9959 29.9956 29.9953 29.9950 29.9947 29.9943 29.9940 29.9936 29.9933 29.9930 29.9927 29.9925 29.9923 29.9921 29.9920 29.9920 29.9920 29.9921 29.9923 29.9925 29.9927 29.9930 29.9933 29.9936 29.9940 29.9943 29.9947 29.9950 29.9953 29.9956 29.9959 29.9962 29.9964 29.9966
-9999.0000 0.0000 0.0000 0.0000 0.0000 0.0000 0.0000 0.0000 0.0000 0.0000 0.0000 0.0000 0.0000 0.0000 0.0000 0.0000 0.0000 0.0000 0.0000 2.3496 10.8711 21.9415 28.3924 29.9978 29.9977 29.9975 29.9974 29.9973 29.9971 29.9969 29.9967 29.9965 29.9963 29.9960 29.9958 29.9955 29.9952 29.9949 29.9946 29.9943 29.9940 29.9937 29.9934 29.9932 29.9930 29.9928 29.9927 29.9926 29.9925 29.9926 29.9927 29.9928 29.9930 29.9932 29.9934 29.9937 29.9940 29.9943 29.9946 29.9949 29.9952 29.9955 29.9958 29.9960 29.9963 29.9965 29.9967
-9999.0000 0.0000 0.0000 0.0000 0.0000 0.0000 0.0000 0.0000 0.0000 0.0000 0.0000 0.0000 0.0000 0.0000 0.0000 0.0000 0.0000 0.0000 0.0000 0.0000 2.2022 10.0183 20.8113 27.9493 29.9977 29.9976 29.9975 29.9973 29.9972 29.9970 29.9968 29.9966 29.9964 29.9962 29.9959 29.9957 29.9954 29.9951 29.9948 29.9946 29.9943 29.9940 29.9938 29.9936 29.9934 29.9932 29.9931 29.9931 29.9930 29.9931 29.9931 29.9932 29.9934 29.9936 29.9938 29.9940 29.9943 29.9946 29.9948 29.9951 29.9954 29.9957 29.9959 29.9962 29.9964 29.9966 29.9968
-9999.0000 0.0000 0.0000 0.0000 0.0000 0.0000 0.0000 0.0000 0.0000 0.0000 0.0000 0.0000 0.0000 0.0000 0.0000 0.0000 0.0000 0.0000 0.0000 0.0000 0.0000 1.7604 8.3082 18.9090 27.2853 29.9977 29.9975 29.9974 29.9973 29.9971 29.9969 29.9967 29.9965 29.9963 29.9961 29.9958 29.9956 29.9953 29.9951 29.9948 29.9946 29.9943 29.9941 29.9939 29.9938 29.9936 29.9935 29.9935 29.9935 29.9935 29.9935 29.9936 29.9938 29.9939 29.9941 29.9943 29.9946 29.9948 29.9951 29.9953 29.9956 29.9958 29.9961 29.9963 29.9965 29.9967 29.9969
-9999.0000 0.0000 0.0000 0.0000 0.0000 0.0000 0.0000 0.0000 0.0000 0.0000 0.0000 0.0000 0.0000 0.0000 0.0000 0.0000 0.0000 0.0000 0.0000 0.0000 0.0000 0.0000 1.0255 5.7494 16.0156 25.1741 29.0212 29.9975 29.9973 29.9972 29.9970 29.9968 29.9966 29.9964 29.9962 29.9960 29.9958 29.9955 29.9953 29.9951 29.9949 29.9946 29.9945 29.9943 29.9941 29.9940 29.9939 29.9939 29.9939 29.9939 29.9939 29.9940 29.9941 29.9943 29.9945 29.9946 29.9949 29.9951 29.9953 29.9955 29.9958 29.9960 29.9962 29.9964 29.9966 29.9968 29.9970
-9999.0000 0.0000 0.0000 0.0000 0.0000 0.0000 0.0000 0.0000 0.0000 0.0000 0.0000 0.0000 0.0000 0.0000 0.0000 0.0000 0.0000 0.0000 0.0000 0.0000 0.0000 0.0000 0.0000 0.0000 3.4569 12.1700 21.5431 27.8295 29.9974 29.9972 29.9971 29.9969 29.9967 29.9965 29.9963 29.9961 29.9959 29.9957 29.9955 29.9953 29.9951 29.9949 29.9948 29.9946 29.9945 29.9944 29.9943 29.9942 29.9942 29.9942 29.9943 29.9944 29.9945 29.9946 29.9948 29.9949 29.9951 29.9953 29.9955 29.9957 29.9959 29.9961 29.9963 29.9965 29.9967 29.9969 29.9971
-9999.0000 0.0000 0.0000 0.0000 0.0000 0.0000 0.0000 0.0000 0.0000 0.0000 0.0000 0.0000 0.0000 0.0000 0.0000 0.0000 0.0000 0.0000 0.0000 0.0000 0.0000 0.0000 0.0000 0.0000 0.0000 1.9812 7.5392 16.6418 24.6023 28.6692 29.9972 29.9970 29.9968 29.9967 29.9965 29.9963 29.9961 29.9959 29.9957 29.9955 29.9953 29.9952 29.9950 29.9949 29.9948 29.9947 29.9946 29.9946 29.9946 29.9946 29.9946 29.9947 29.9948 29.9949 29.9950 29.9952 29.9953 29.9955 29.9957 29.9959 29.9961 29.9963 29.9965 29.9967 29.9968 29.9970 29.9972
-9999.0000 0.0000 0.0000 0.0000 0.0000 0.0000 0.0000 0.0000 0.0000 0.0000 0.0000 0.0000 0.0000 0.0000 0.0000 0.0000 0.0000 0.0000 0.0000 0.0000 0.0000 0.0000 0.0000 0.0000 0.0000 0.0000 0.2194 3.4608 10.5708 18.9484 25.4867 28.9561 29.9969 29.9968 29.9966 29.9964 29.9962 29.9961 29.9959 29.9957 29.9956 29.9954 29.9953 29.9952 29.9951 29.9950 29.9949 29.9949 29.9949 29.9949 29.9949 29.9950 29.9951 29.9952 29.9953 29.9954 29.9956 29.9957 29.9959 29.9961 29.9962 29.9964 29.9966 29.9968 29.9969 28.9561 25.4867
-9999.0000 0.0000 0.0000 0.0000 0.0000 0.0000 0.0000 0.0000 0.0000 0.0000 0.0000 0.0000 0.0000 0.0000 0.0000 0.0000 0.0000 0.0000 0.0000 0.0000 0.0000 0.0000 0.0000 0.0000 0.0000 0.0000 0.0000 0.0000 1.0255 4.8806 11.6558 19.1530 25.0723 28.7242 29.9967 29.9966 29.9964 29.9962 29.9961 29.9959 29.9958 29.9956 29.9955 29.9954 29.9953 29.9952 29.9952 29.9951 29.9951 29.9951 29.9952 29.9952 29.9953 29.9954 29.9955 29.9956 29.9958 29.9959 29.9961 29.9962 29.9964 29.9966 29.9967 28.7242 25.0723 19.1530 11.6558
-9999.0000 0.0000 0.0000 0.0000 0.0000 0.0000 0.0000 0.0000 0.0000 0.0000 0.0000 0.0000 0.0000 0.0000 0.0000 0.0000 0.0000 0.0000 0.0000 0.0000 0.0000 0.0000 0.0000 0.0000 0.0000 0.0000 0.0000 0.0000 0.0000 0.0000 1.0989 4.7520 10.5593 17.2643 22.9778 27.0063 29.3611 29.9964 29.9962 29.9961 29.9960 29.9958 29.9957 29.9956 29.9955 29.9955 29.9954 29.9954 29.9954 29.9954 29.9954 29.9955 29.9955 29.9956 29.9957 29.9958 29.9960 29.9961 29.9962 29.9964 29.3611 27.0063 22.9778 17.2643 10.5593 4.7520 1.0989
-9999.0000 0.0000 0.0000 0.0000 0.0000 0.0000 0.0000 0.0000 0.0000 0.0000 0.0000 0.0000 0.0000 0.0000 0.0000 0.0000 0.0000 0.0000 0.0000 0.0000 0.0000 0.0000 0.0000 0.0000 0.0000 0.0000 0.0000 0.0000 0.0000 0.0000 0.0000 0.0000 0.4390 3.0405 7.7108 13.2149 18.4981 22.7914 26.2757 28.8629 29.9043 29.9960 29.9959 29.9958 29.9958 29.9957 29.9957 29.9956 29.9956 29.9956 29.9957 29.9957 29.9958 29.9958 29.9959 29.9960 29.9043 28.8629 26.2757 22.7914 18.4981 13.2149 7.7108 3.0405 0.4390 0.0000 0.0000
-9999.0000 0.0000 0.0000 0.0000 0.0000 0.0000 0.0000 0.0000 0.0000 0.0000 0.0000 0.0000 0.0000 0.0000 0.0000 0.0000 0.0000 0.0000 0.0000 0.0000 0.0000 0.0000 0.0000 0.0000 0.0000 0.0000 0.0000 0.0000 0.0000 0.0000 0.0000 0.0000 0.0000 0.0000 0.0000 0.8787 3.5569 7.4957 11.6106 15.5758 19.0603 21.7278 23.9701 25.8335 27.3298 28.4741 29.2803 29.7593 29.9183 29.7593 29.2803 28.4741 27.3298 25.8335 23.9701 21.7278 19.0603 15.5758 11.6106 7.4957 3.5569 0.8787 0.0000 0.0000 0.0000 0.0000 0.0000
-9999.0000 0.0000 0.0000 0.0000 0.0000 0.0000 0.0000 0.0000 0.0000 0.0000 0.0000 0.0000 0.0000 0.0000 0.0000 0.0000 0.0000 0.0000 0.0000 0.0000 0.0000 0.0000 0.0000 0.0000 0.0000 0.0000 0.0000 0.0000 0.0000 0.0000 0.0000 0.0000 0.0000 0.0000 0.0000 0.0000 0.0000 0.0000 0.0000 1.0989 3.4761 6.2770 8.8658 11.0665 12.8585 14.2422 15.2237 15.8095 16.0042 15.8095 15.2237 14.2422 12.8585 11.0665 8.8658 6.2770 3.4761 1.0989 0.0000 0.0000 0.0000 0.0000 0.0000 0.0000 0.0000 0.0000 0.0000
-9999.0000 0.0000 0.0000 0.0000 0.0000 0.0000 0.0000 0.0000 0.0000 0.0000 0.0000 0.0000 0.0000 0.0000 0.0000 0.0000 0.0000 0.0000 0.0000 0.0000 0.0000 0.0000 0.0000 0.0000 0.0000 0.0000 0.0000 0.0000 0.0000 0.0000 0.0000 0.0000 0.0000 0.0000 0.0000 0.0000 0.0000 0.0000 0.0000 0.0000 0.0000 0.0000 0.0000 0.0000 0.0000 0.0000 0.0000 0.0000 0.0000 0.0000 0.0000 0.0000 0.0000 0.0000 0.0000 0.0000 0.0000 0.0000 0.0000 0.0000 0.0000 0.0000 0.0000 0.0000 0.0000 0.0000 0.0000
