Output/test6_slope_out.asc
ncols           149
nrows           178
xllcorner    0.000000                                       
yllcorner    0.000000                                       
cellsize        20.0000
NODATA_value  -9999.0000
[rows 87 to 115 of 120, columns 0 to 64 of 149]
-9999.0000 56.1692 52.3798 42.9357 42.2938 46.0952 48.4429 46.7978 23.4983 14.4393 26.1786 38.2043 46.7437 55.7386 59.9789 58.9388 56.1217 58.1941 55.0791 47.5741 41.9447 38.7714 41.7298 44.1199 41.5272 35.5250 32.6223 33.1842 31.0379 27.8935 25.0210 22.9163 22.0135 21.6074 21.7093 20.3352 15.6827 11.1337 9.3642 15.5946 28.0863 34.4059 31.8915 28.2808 27.7145 23.0554 19.8477 27.4262 39.6952 48.5152 46.7037 44.3358 42.3466 39.4883 37.2673 37.4151 36.4606 42.0644 47.1363 49.0470 46.6159 37.5570 27.1642 30.5526 41.3500
-9999.0000 54.4601 59.0623 51.9784 37.6546 34.7633 41.6674 41.8425 22.2363 9.9123 23.8182 32.4335 35.8579 43.5415 51.3323 49.0795 43.1139 41.8747 39.2210 38.2974 34.4299 33.4698 36.2694 38.3422 36.9582 33.8745 28.8949 21.1151 13.2255 9.0468 8.7082 10.4324 12.7014 14.6907 16.4872 15.8516 12.5436 10.7486 9.7477 14.4707 26.4606 32.6453 32.4287 31.6536 32.7778 30.4199 28.0804 31.9553 40.3240 48.0153 49.9081 50.0733 49.6398 47.2026 42.7470 35.4630 31.1513 47.4964 54.3429 50.2480 40.8494 22.0302 9.7095 28.8179 41.4572
-9999.0000 48.1680 58.6261 59.3531 43.3746 30.6434 42.1854 43.5949 31.8085 19.9921 26.7163 32.7543 37.0714 43.8511 37.5889 30.8759 27.8368 22.6218 20.3417 29.5714 30.3746 28.5993 30.9390 34.3918 35.1801 32.3211 23.2342 9.8814 3.5771 3.1973 4.3184 7.0641 10.2697 13.1196 15.1004 14.7650 12.1502 9.7325 9.8658 16.0346 24.7927 28.8960 30.8756 34.1957 37.9119 38.1823 35.3718 37.0509 44.3663 48.8927 50.2925 51.5588 51.2401 48.0505 42.9213 37.3042 34.1040 53.2726 60.3650 52.2028 38.4796 19.2584 22.1220 35.8039 44.4885
-9999.0000 -9999.0000 54.3965 58.7155 48.7564 42.0969 47.7867 47.5422 41.2511 31.0322 30.2317 34.0533 37.5838 41.6123 31.1148 10.0664 10.3270 6.8867 7.1994 16.8708 23.7912 23.3010 26.5240 31.5383 33.0026 29.0873 17.4915 4.9649 1.4442 2.5326 4.3466 6.8384 9.8183 12.7729 14.7887 14.7148 12.5193 9.4077 9.6479 15.5666 23.1904 27.1910 28.0241 35.6570 44.0682 44.6914 42.1022 45.7718 51.7152 51.0484 48.9258 50.3942 47.5626 38.9015 29.0738 28.4075 36.5179 55.2346 59.6861 36.9316 15.0694 26.6330 39.3254 43.2650 47.5091
-9999.0000 -9999.0000 50.7478 54.6825 43.5651 30.0435 43.5041 49.7387 44.8638 34.3937 33.1321 36.5120 37.8121 36.8104 28.8595 13.3498 2.0909 0.6814 3.9174 3.4780 8.6917 13.4789 21.3910 26.8605 27.6307 22.4803 10.6154 3.3617 2.2082 2.1429 4.0361 6.6428 9.0872 12.5548 15.3695 15.4785 13.6337 10.5940 9.8808 13.0643 20.9618 26.4883 24.6468 34.8320 47.3689 48.0402 46.0013 49.6444 52.0464 44.5379 39.2607 42.2325 37.9197 28.8669 20.7072 20.0083 32.0627 50.2543 51.5029 24.0366 28.1008 39.8849 45.7762 47.5435 49.6383
-9999.0000 -9999.0000 47.4736 52.3452 48.2006 32.5275 40.3885 54.1157 49.4826 32.6239 29.9801 38.3287 35.9913 32.8808 27.9157 19.3851 8.8991 3.6454 4.4166 5.0821 2.7465 7.5911 15.9348 20.4449 22.3403 21.3502 17.4511 13.0257 8.5855 4.5177 4.7468 8.8604 11.9364 14.8202 17.6955 18.0249 16.8441 14.2630 11.5751 11.5939 19.3057 25.6380 26.3896 35.3984 44.9930 47.9273 48.9927 52.2662 53.4916 37.7441 23.3447 31.1259 31.7196 29.5471 27.9581 30.7828 37.5127 47.2673 42.1547 13.2941 30.9579 41.2161 46.5106 49.5341 51.3935
-9999.0000 -9999.0000 43.2240 50.7560 52.4250 45.2128 48.4265 54.9998 48.4343 26.8425 22.5001 34.4402 32.6386 31.6878 28.9979 23.4823 14.0408 7.2635 5.7705 5.4480 5.4265 8.8834 14.2605 18.5144 21.1925 22.5808 22.0525 19.9383 17.6924 14.0277 14.2804 16.0718 17.3204 18.3609 20.1325 20.8439 20.5246 18.9196 15.6826 13.4081 19.2945 25.5950 29.4372 35.4244 40.8684 45.6538 49.0527 52.5418 55.2514 43.6141 23.5119 25.2771 27.5985 28.4476 30.8965 36.4784 43.2591 49.4743 37.1401 9.8506 32.9695 41.8561 47.4691 50.8853 52.6882
-9999.0000 -9999.0000 38.0295 48.8073 51.7969 54.0777 54.9475 48.7195 39.3707 30.4291 21.1376 26.3601 29.9068 30.5261 28.4526 24.5080 16.8334 9.3151 6.5178 6.2573 6.8260 9.3223 13.4861 17.1392 19.3717 20.8238 21.6649 21.8000 22.7125 23.5413 24.5184 21.4621 19.2408 19.5968 20.6895 21.5829 22.0417 20.7652 17.8847 15.4424 20.3788 27.1654 31.0230 35.0678 38.4569 43.0125 47.6589 52.2801 55.0215 45.9256 32.0702 28.5524 26.6697 28.0936 32.8062 40.9096 48.3602 52.3319 35.5555 15.7951 36.5558 43.6635 49.3449 52.9435 53.6071
-9999.0000 -9999.0000 31.8887 46.4743 49.7540 55.0269 58.7070 50.9698 39.5356 39.2643 33.5317 26.2549 29.8487 32.3600 28.4482 23.5241 17.6028 11.4485 7.4717 6.8137 7.3241 9.5723 13.1987 16.3573 18.5011 20.1978 21.5486 22.2693 23.2117 23.7721 23.2542 22.3732 20.3996 20.3108 21.5132 22.7185 23.5190 22.3345 18.7997 14.0434 18.6775 28.6494 33.3035 35.5666 36.5599 38.9159 45.3390 52.8180 54.4924 43.3731 38.6873 37.2214 28.6865 27.0750 31.2589 42.1341 51.3544 53.8610 37.1106 17.1470 41.0076 46.8324 51.7109 54.1993 52.1021
-9999.0000 -9999.0000 24.7710 43.7846 47.5606 51.2229 57.0537 51.1270 43.6105 44.4770 40.0299 31.1362 29.2074 33.6118 27.8470 20.1130 17.1358 13.0338 9.3806 7.4456 6.7828 7.2905 9.7388 13.3885 16.7577 19.6995 21.9817 22.8910 22.1237 19.1477 16.8030 20.0043 20.5431 20.1912 22.0026 24.3592 24.8979 24.4567 21.0201 13.4225 13.7670 27.4932 36.1261 37.0016 35.6275 34.7700 41.2340 51.2955 53.5407 42.1953 36.4854 38.6120 31.4473 28.8412 33.1180 42.1559 50.2863 52.4301 40.2316 11.3849 42.6732 50.1970 52.6141 52.7878 48.8884
-9999.0000 -9999.0000 17.1271 40.5351 45.9820 47.5118 53.4125 48.9341 45.4384 46.5967 42.0692 41.4252 39.9093 44.1138 39.3234 30.5171 30.0444 24.3216 17.9097 16.9053 16.0746 12.3311 8.5951 10.4922 18.7946 25.4086 28.0086 27.9262 25.4982 19.9839 15.6743 17.4891 19.8891 19.6231 20.8020 24.6355 25.4983 25.3308 22.9552 16.6571 12.2392 24.9245 37.6672 38.0478 35.6675 34.3743 38.5015 45.4982 49.0562 44.2307 36.9990 36.8506 36.6238 36.5073 38.5784 42.2676 46.3815 47.5881 40.6742 9.2415 41.5112 51.1259 51.2518 50.7708 48.6874
-9999.0000 -9999.0000 9.9323 36.6097 44.7205 44.9958 46.8852 42.9187 47.3755 48.9389 43.3097 48.0172 50.5407 53.7143 51.5222 46.9413 45.0906 38.0532 30.4916 29.8793 29.5361 27.8612 24.0346 24.2309 31.0747 33.6655 33.1651 31.4649 28.9095 24.3547 19.2140 17.0040 18.5539 20.0291 21.5832 24.3154 24.8249 24.1464 22.3883 18.7861 13.1992 23.5128 37.9787 38.5584 35.8506 35.5136 37.4420 39.6146 41.9464 43.5041 38.7572 37.3999 42.6283 43.2224 42.2804 42.1896 42.5990 41.5131 38.2223 13.8940 37.9192 49.8619 49.0362 48.4560 47.4889
-9999.0000 -9999.0000 4.0309 31.9628 43.4774 43.7590 41.9372 31.6320 41.7024 48.5086 44.8783 47.3483 48.4074 52.3174 52.9176 50.5996 50.1162 46.7295 41.2154 37.1024 36.7476 38.9604 40.6943 41.6645 40.9844 36.4949 33.6227 31.3405 29.1634 26.7281 23.5176 19.4395 18.4475 21.2913 23.4666 24.2787 23.9918 22.8558 20.8489 18.1546 13.4128 22.8251 37.4479 38.9831 35.9962 35.4509 36.1111 36.5305 37.1931 39.5566 37.1793 38.7459 46.5188 48.0677 45.3855 41.8995 39.6686 36.7347 34.1019 15.8426 32.0303 48.0115 47.4813 46.9828 46.2877
-9999.0000 -9999.0000 2.3540 26.3889 41.9898 43.1131 41.3433 29.1537 28.2994 36.9120 35.2556 40.4209 49.8297 56.1428 56.2245 53.2754 54.2937 52.8346 42.4804 38.8716 42.8243 45.1277 46.6196 46.5060 42.8352 37.6777 34.9647 32.4549 30.1610 27.9864 25.7257 22.7521 20.9534 22.5148 24.4789 24.7421 24.0793 22.9966 21.3644 19.4238 16.8283 24.7497 36.5087 38.2086 35.7371 34.8573 34.6694 34.2901 33.5707 35.0763 35.9204 40.5258 49.0973 52.2608 48.4214 41.7132 37.4392 33.6659 30.3886 17.7826 26.2592 46.7849 46.2871 45.7170 45.1363
-9999.0000 -9999.0000 -9999.0000 19.6716 40.0588 42.6647 40.7862 32.7030 23.0674 23.7115 18.4617 15.8634 28.2893 44.0180 51.5755 49.1721 50.0513 54.3992 46.2417 47.0499 49.6207 50.3131 50.1730 48.5345 44.3193 40.5256 37.0792 33.9200 31.3174 29.1067 27.1719 25.5147 24.3210 24.7719 25.9734 25.8206 24.9339 23.8128 22.4968 21.3903 20.7591 27.8772 35.4407 36.0303 35.0563 34.3315 33.7794 33.0145 31.3838 30.3495 32.1000 39.3582 50.9792 55.4929 50.6836 42.3372 35.9865 31.1145 25.9879 17.6359 21.7336 43.6920 44.8210 44.2622 43.8056
-9999.0000 -9999.0000 -9999.0000 11.9723 37.5452 42.3647 40.3439 34.9416 24.5141 20.5729 16.6849 3.7119 13.0191 3.5712 34.2724 39.4864 48.0572 61.0629 64.2563 60.3375 54.3649 51.1847 49.5053 49.9237 49.1758 46.9149 39.8173 35.6291 32.4423 29.8892 27.9576 26.7310 26.4584 27.8915 28.8856 27.8115 26.4238 25.0745 23.7816 23.2059 24.1020 30.5065 34.1080 33.4517 34.2810 34.2464 33.9942 33.6540 33.0791 29.2137 29.9977 38.7961 52.2468 57.5022 52.0264 43.1969 35.4362 28.0318 14.7887 27.3589 36.1687 33.6398 41.4037 42.0849 41.9834
-9999.0000 -9999.0000 -9999.0000 3.8870 34.3507 41.9880 40.0218 35.9028 26.5705 21.3198 19.4562 9.6798 12.7229 18.4363 10.9386 17.2399 37.3822 53.5930 61.3094 60.2907 53.4648 46.0118 40.3231 37.3908 40.3026 48.5514 42.7278 37.4084 33.4011 30.1235 27.8195 26.5285 27.2201 30.6762 33.2452 31.7563 28.9117 26.8180 24.9445 24.4785 27.2116 34.4259 33.9997 29.9172 33.1194 34.8112 35.5474 37.2210 39.2591 37.0918 40.4550 51.3928 57.2218 57.9199 52.8966 43.0565 34.6707 21.5977 15.0121 62.2338 66.2007 54.0144 34.5380 37.7274 39.1316
-9999.0000 -9999.0000 -9999.0000 4.0573 30.4508 41.3703 39.7979 36.4215 28.4359 23.3610 21.7671 15.4680 8.9726 12.7801 13.6934 11.7840 24.2210 28.6603 25.2324 45.9492 46.3266 37.1618 26.7123 11.1307 19.1774 42.0076 44.7206 39.1986 33.9067 28.9876 25.5402 25.3677 28.0796 32.2656 37.0527 37.8543 34.2247 29.8739 25.5132 23.9351 31.5814 41.6626 39.0536 34.1048 36.1298 38.5039 41.4465 45.2236 47.5436 47.7208 50.9544 59.7144 61.6181 58.0515 51.7942 39.8486 29.4977 12.5733 24.7582 65.9201 5.1439 58.2524 23.6652 31.6178 38.8390
-9999.0000 -9999.0000 -9999.0000 10.7012 25.7656 40.4938 39.7149 36.8088 30.1662 25.6914 23.9732 18.9504 12.3162 10.6411 15.2828 18.3993 26.2039 37.1323 29.4925 20.7340 40.6146 32.3197 27.6577 25.8714 30.2867 27.4520 36.4310 44.6299 38.0579 24.3803 19.3658 21.7762 25.6654 29.4952 35.6052 41.6201 41.9604 36.3086 30.3926 30.9004 40.5962 48.2880 45.8513 46.1089 47.2892 46.3510 49.5813 51.8330 52.1986 52.0422 52.9479 58.4913 58.3234 50.8269 43.0973 32.2603 21.9794 11.1612 24.0892 62.5609 64.5143 54.8289 26.4289 35.2058 44.2129
-9999.0000 -9999.0000 -9999.0000 16.0970 20.1767 39.3694 39.7983 37.1555 31.7688 28.0092 26.0583 21.6456 16.2591 12.2056 14.6110 19.8079 23.9145 36.7284 51.9604 49.8208 44.4946 36.5668 38.8112 41.4917 46.1801 43.6112 32.3291 46.1162 40.3139 19.8524 14.0979 18.9435 25.7252 29.1154 28.6630 42.0498 49.7847 44.2921 39.7603 42.6838 47.7907 49.6921 48.1294 47.3133 43.9742 45.4061 51.7578 52.7858 52.6066 52.5134 53.1073 56.2802 54.9645 42.2713 31.3439 26.0602 20.2631 16.5721 19.5653 33.6085 37.2201 33.2087 33.3909 38.0470 43.3905
-9999.0000 -9999.0000 -9999.0000 20.3957 13.6381 37.9784 40.0346 37.4961 33.1988 30.2136 28.1378 24.1139 19.9665 16.1947 15.3035 20.9625 29.3295 49.3674 58.0830 59.0187 52.4781 44.7439 43.9269 42.9927 39.8000 34.4033 41.8097 45.0784 33.3775 20.9289 22.2210 28.5069 33.9297 37.3450 37.6970 50.0532 55.9347 48.4556 44.5555 45.2715 47.1224 47.9086 47.6388 45.1082 39.6034 45.8789 52.8874 52.8881 52.4397 52.0319 51.9818 52.9917 49.7610 37.3395 27.7986 24.7158 21.7735 19.9962 20.3356 24.9047 30.8463 35.1546 36.9357 37.4869 38.4712
-9999.0000 -9999.0000 -9999.0000 23.7700 6.2196 36.2359 40.3822 37.8484 34.5181 32.2954 30.2082 26.5514 23.6092 21.7434 18.7883 23.0166 37.8390 53.9354 51.8161 53.3309 50.5569 46.6229 43.1611 38.8162 35.0069 26.6195 28.4173 27.9457 23.5024 23.9114 26.0889 29.8946 34.8524 39.3854 44.7090 54.4373 54.9606 47.4375 45.8316 46.1475 47.0471 47.2995 46.9604 45.5670 46.1465 51.4463 54.0005 52.9972 52.0358 51.1410 50.4081 49.7613 44.8638 34.2729 27.6722 25.3139 23.5107 22.4905 22.5827 25.3107 31.1290 36.8380 38.2554 37.0397 35.3271
-9999.0000 -9999.0000 -9999.0000 26.3047 2.2303 33.9989 40.7831 38.2019 35.7840 34.2517 32.1693 28.9816 27.3868 29.2776 30.1882 39.9330 49.8343 49.9920 36.5260 43.2450 42.1897 37.2763 35.5112 33.8810 33.9557 27.0303 19.8230 17.8683 19.6940 23.7979 27.3692 31.3247 36.3536 41.1812 46.2182 51.2036 49.7230 45.8472 46.3464 47.0215 47.7335 47.8293 47.4412 48.3125 51.9497 54.8001 54.5512 53.0209 51.4443 49.8663 48.3507 46.3093 41.7680 34.2994 28.9348 26.4006 25.0118 24.2146 24.3782 27.3294 33.7089 38.0302 38.9177 37.4482 35.5652
-9999.0000 -9999.0000 -9999.0000 28.1140 10.3293 31.1649 41.1441 38.5563 37.0762 36.0689 33.8378 31.2690 31.4203 37.0664 37.9686 41.9128 46.2381 40.3809 26.8059 27.5635 32.7878 30.4281 28.8998 28.0673 26.9802 18.1666 10.5349 11.7836 16.3263 22.9075 28.1872 33.2032 38.3305 42.5332 46.2876 49.8302 49.6118 47.4623 47.5583 48.3800 49.3394 50.5485 50.2600 51.0337 54.7699 56.4146 55.7450 53.9678 50.9800 47.5684 44.9823 42.8259 40.5482 36.2333 32.6691 30.8742 29.3746 29.3048 31.4219 35.4999 39.7226 41.3593 42.4210 42.5062 40.3877
-9999.0000 -9999.0000 -9999.0000 29.3493 18.2412 27.6933 41.3283 38.8876 38.5031 37.6540 34.8296 32.5643 33.2048 39.8505 37.6022 31.2849 30.0010 23.7385 16.1421 16.8788 24.0410 23.8172 22.3832 21.3011 18.3830 11.4993 6.7950 8.0548 12.9365 21.8449 30.3802 36.8357 40.4952 42.1033 46.5665 51.7359 54.5546 51.9937 48.5414 50.1410 52.0834 54.2178 52.6655 50.7924 53.7810 54.7667 53.1424 50.3779 46.2477 43.3573 43.8570 45.4990 47.1359 46.0918 42.9717 40.0192 38.6471 39.6996 42.2395 44.9795 46.8180 47.8927 48.7029 49.5214 47.3584
-9999.0000 -9999.0000 -9999.0000 -9999.0000 25.5757 23.5630 41.2854 39.1690 40.0235 38.8429 34.6308 31.5199 33.7291 41.0938 39.9459 33.7396 32.6630 23.5279 7.7730 3.5259 9.5454 12.3791 12.6489 12.4930 10.5908 7.4844 6.1036 7.8474 12.5831 21.4869 34.2067 42.7784 44.0247 43.5210 49.8881 55.1456 57.3885 52.0853 47.1933 51.2985 52.9290 52.9976 48.6573 46.9759 50.7423 51.3411 48.4560 43.1458 38.2928 40.7550 45.8731 49.4547 52.4031 51.4790 47.4962 44.4187 44.2728 45.6189 46.8524 47.9099 49.0584 50.5478 50.7193 51.6331 49.8893
-9999.0000 -9999.0000 -9999.0000 -9999.0000 32.0646 18.7554 41.0653 39.4765 41.4602 39.7206 32.8334 29.4013 34.7513 40.8289 39.3780 36.5177 34.9691 23.8142 5.4509 1.0144 1.6928 1.4406 3.3011 6.2744 7.1866 6.7492 8.5598 15.4403 24.4263 32.3624 40.8963 48.7988 49.9822 49.3451 52.8131 55.3012 55.9152 50.8932 47.0150 50.5681 51.4117 49.5062 45.2845 45.0741 48.2360 48.0119 45.5881 41.9997 38.9329 42.5422 46.8621 49.4056 51.4854 48.3342 44.0318 44.1183 45.5663 46.5407 46.9246 47.1396 47.4107 48.0135 47.3387 50.0397 50.3908
-9999.0000 -9999.0000 -9999.0000 -9999.0000 37.3692 13.2874 40.7120 40.0186 42.8513 41.0770 33.3587 31.5185 37.3546 40.1441 38.1560 36.9028 35.9693 23.0471 3.3103 2.0965 3.8776 4.2932 5.0105 6.9812 8.5826 9.0025 14.6208 25.4369 34.7851 41.7605 45.8691 52.8265 54.8410 50.6034 50.3642 52.5554 53.9550 52.3103 49.0372 49.0871 50.0928 49.0408 47.0729 46.1668 46.9850 46.1785 43.4220 43.1757 43.0585 44.3700 47.0483 49.1774 50.7454 48.6461 45.3336 47.4888 48.0414 47.3712 46.7031 45.9755 44.9767 43.1543 41.1525 45.6285 50.5402
-9999.0000 -9999.0000 -9999.0000 -9999.0000 41.5119 7.3267 40.2229 41.5624 44.3772 43.8057 39.9687 36.9692 37.3021 37.9203 36.5428 35.9280 35.2867 21.6935 1.6023 5.2978 7.7988 7.8731 8.4833 9.9667 12.1821 13.6950 20.0371 29.7416 37.1549 43.5934 47.3752 53.1889 52.5472 44.3225 45.4387 49.9909 53.3176 53.0351 49.3279 48.4410 50.0127 50.0492 48.3124 45.7290 46.1177 44.9537 40.8611 43.8847 45.7902 44.5970 46.8228 49.4158 50.6079 48.9239 44.0713 48.0537 50.1806 48.3915 46.3717 44.2526 41.0138 35.4726 29.8871 31.6855 45.0127
