Output/test11_slope_out.asc
ncols           149
nrows           178
xllcorner    0.000000                                       
yllcorner    0.000000                                       
cellsize        20.0000
NODATA_value  -9999.0000
[rows 27 to 53 of 68, columns 62 to 123 of 149]
40.4518 37.2025 31.7015 29.5098 43.9446 47.1459 45.9094 46.0735 43.5361 44.4194 40.9525 41.1360 47.5646 46.7500 44.5296 49.4569 47.9151 45.8525 48.2598 52.3827 55.3260 51.4185 45.0458 45.0564 46.0347 49.7629 49.7264 33.3392 37.4517 51.7517 46.6022 34.2905 35.4782 38.8716 35.3972 30.8881 27.7186 24.5560 -9999.0000 -9999.0000 -9999.0000 -9999.0000 -9999.0000 -9999.0000 -9999.0000 -9999.0000 -9999.0000 -9999.0000 -9999.0000 -9999.0000 -9999.0000 -9999.0000 -9999.0000 -9999.0000 -9999.0000 -9999.0000 -9999.0000 -9999.0000 -9999.0000 -9999.0000 -9999.0000 -9999.0000
34.9918 30.2825 27.2895 21.2631 18.4643 31.5691 42.2492 46.5167 42.1855 40.8996 39.3401 39.8989 45.5843 47.1618 50.1310 50.0526 43.8829 40.6256 44.7858 50.0102 52.2127 49.4031 46.6262 47.6614 48.1399 49.5500 47.9821 38.6918 44.8565 49.5551 40.2887 32.4456 32.5085 40.4382 38.0432 33.6637 32.7130 29.9941 27.6310 -9999.0000 -9999.0000 -9999.0000 -9999.0000 -9999.0000 -9999.0000 -9999.0000 -9999.0000 -9999.0000 -9999.0000 -9999.0000 -9999.0000 -9999.0000 -9999.0000 -9999.0000 -9999.0000 -9999.0000 -9999.0000 -9999.0000 -9999.0000 -9999.0000 -9999.0000 -9999.0000
31.3549 27.1148 24.2903 17.8303 7.7731 2.3767 33.9710 43.9552 38.5637 38.0171 38.5561 40.2641 43.9701 46.9750 50.4012 49.3262 46.0410 44.7900 48.1685 51.4114 50.5396 46.2228 44.7570 46.4080 45.3515 43.9460 43.7741 40.6832 40.7484 36.7607 31.4368 29.8391 31.2416 37.9155 40.8320 37.8730 34.6806 30.5689 29.7329 32.3787 -9999.0000 -9999.0000 -9999.0000 -9999.0000 -9999.0000 -9999.0000 -9999.0000 -9999.0000 -9999.0000 -9999.0000 -9999.0000 -9999.0000 -9999.0000 -9999.0000 -9999.0000 -9999.0000 -9999.0000 -9999.0000 -9999.0000 -9999.0000 -9999.0000 -9999.0000
28.6527 25.4594 23.0760 18.8354 17.4451 18.6292 25.1469 34.3509 31.1310 34.2852 38.6053 43.8731 49.2070 52.9674 52.6533 50.1613 48.2573 48.4264 51.4852 53.0924 48.6720 41.2359 43.1002 46.7161 47.4418 48.7864 48.3972 39.2624 25.0605 28.5951 33.8278 35.8152 30.4606 34.7950 43.0061 36.2691 29.3658 27.0347 28.2572 30.1477 27.2889 -9999.0000 -9999.0000 -9999.0000 -9999.0000 -9999.0000 -9999.0000 -9999.0000 -9999.0000 -9999.0000 -9999.0000 -9999.0000 -9999.0000 -9999.0000 -9999.0000 -9999.0000 -9999.0000 -9999.0000 -9999.0000 -9999.0000 -9999.0000 -9999.0000
28.4459 26.0594 22.5346 20.0179 20.9410 24.3867 23.4121 18.1846 18.9264 27.9871 36.4433 44.0640 49.3475 50.4057 48.3299 47.0549 47.2167 49.5381 54.1701 56.2527 50.0310 41.5853 45.3967 48.6708 50.7428 53.0001 50.1532 39.7299 27.4734 28.6690 33.3727 34.3248 32.0792 35.1532 41.8360 30.8570 26.8837 26.6617 26.4164 25.7528 20.2725 12.6636 16.3720 -9999.0000 -9999.0000 -9999.0000 -9999.0000 -9999.0000 -9999.0000 -9999.0000 -9999.0000 -9999.0000 -9999.0000 -9999.0000 -9999.0000 -9999.0000 -9999.0000 -9999.0000 -9999.0000 -9999.0000 -9999.0000 -9999.0000
35.6437 31.0313 24.5123 19.5329 17.2209 15.2050 10.4630 3.8509 5.8222 12.3958 18.7547 24.2597 26.7063 26.8650 30.5469 36.4828 39.8294 45.7928 53.9138 58.4983 55.4893 50.0133 48.9151 48.9403 50.7232 51.5693 46.3471 41.0766 38.3396 36.2493 33.5485 29.4903 28.9465 39.1564 42.2516 31.2524 27.5900 26.2290 24.8447 22.8447 19.8196 13.4684 8.7594 16.5632 -9999.0000 -9999.0000 -9999.0000 -9999.0000 -9999.0000 -9999.0000 -9999.0000 -9999.0000 -9999.0000 -9999.0000 -9999.0000 -9999.0000 -9999.0000 -9999.0000 -9999.0000 -9999.0000 -9999.0000 -9999.0000
40.7624 35.0747 28.0056 20.3418 13.9556 9.4577 6.5173 3.9124 1.9096 2.1773 3.5716 4.8408 5.6600 9.9456 26.1363 35.3400 37.0839 42.8654 51.8067 57.4769 57.1445 52.8846 48.8794 46.5785 46.6847 45.7138 41.9596 40.6498 36.8116 35.0472 36.3111 37.9596 36.9165 39.1188 41.5186 33.7177 28.2726 25.4517 22.9778 20.5127 18.3723 15.4204 15.1239 21.3208 27.2005 -9999.0000 -9999.0000 -9999.0000 -9999.0000 -9999.0000 -9999.0000 -9999.0000 -9999.0000 -9999.0000 -9999.0000 -9999.0000 -9999.0000 -9999.0000 -9999.0000 -9999.0000 -9999.0000 -9999.0000
41.0384 36.4609 30.5623 23.3829 16.8130 11.8325 8.5484 6.3755 3.3337 2.3546 3.7258 5.5551 9.6000 18.0856 38.1429 41.0752 39.8746 43.5981 50.7576 55.3737 55.1195 51.1394 46.6965 42.8794 40.5092 38.4190 35.8193 38.6715 34.0325 31.5223 37.3697 45.1979 46.6454 43.1494 39.8803 35.3159 29.1488 24.0564 19.5023 17.5738 18.5434 18.3452 18.8690 27.1048 36.1719 36.7462 -9999.0000 -9999.0000 -9999.0000 -9999.0000 -9999.0000 -9999.0000 -9999.0000 -9999.0000 -9999.0000 -9999.0000 -9999.0000 -9999.0000 -9999.0000 -9999.0000 -9999.0000 -9999.0000
41.5420 38.3552 33.5179 26.5302 19.7555 14.1404 10.2047 7.7724 4.4027 3.1678 4.0690 6.4791 12.5278 24.5446 43.1999 37.3363 32.7843 42.1596 50.4728 55.3184 54.8789 50.7383 45.0603 37.6459 32.4222 31.4769 27.7931 34.7430 32.2349 25.9278 39.7100 52.3675 50.9563 46.0726 39.7367 36.4061 31.1319 23.1061 14.2784 13.6937 19.4021 21.0042 20.3508 30.3450 38.8917 28.9072 28.8194 34.7651 -9999.0000 -9999.0000 -9999.0000 -9999.0000 -9999.0000 -9999.0000 -9999.0000 -9999.0000 -9999.0000 -9999.0000 -9999.0000 -9999.0000 -9999.0000 -9999.0000
41.1861 40.3602 37.1393 31.6148 22.8342 15.8587 12.2634 7.2469 4.7475 5.1326 5.2701 6.6992 13.3113 30.6894 47.4221 39.1082 27.1303 34.6868 43.0690 50.6094 52.2016 50.4284 46.7096 38.6904 28.3021 27.2734 24.4837 31.4222 30.9002 25.0605 43.7217 52.9767 40.3297 36.6798 34.4497 33.8591 30.8495 23.1359 15.8120 12.3633 17.8109 20.4255 21.6145 30.7509 37.6832 28.4168 9.5858 27.2352 36.3308 -9999.0000 -9999.0000 -9999.0000 -9999.0000 -9999.0000 -9999.0000 -9999.0000 -9999.0000 -9999.0000 -9999.0000 -9999.0000 -9999.0000 -9999.0000
36.2525 39.0476 38.7895 38.7304 31.6254 23.9833 19.9705 12.4685 8.2831 7.8480 8.0385 7.6234 13.1389 35.7367 50.4996 40.8140 24.4213 18.1777 22.5065 38.0415 45.1894 48.6141 49.3253 45.5417 33.7589 5.0563 17.5852 3.3449 22.5496 23.6836 42.7131 48.9935 31.8264 24.9729 30.9906 31.8632 29.4543 23.6701 20.2793 14.3552 13.0347 15.4056 21.6456 30.7803 34.7357 29.0558 25.0362 15.2601 20.6410 27.3858 -9999.0000 -9999.0000 -9999.0000 -9999.0000 -9999.0000 -9999.0000 -9999.0000 -9999.0000 -9999.0000 -9999.0000 -9999.0000 -9999.0000
30.5514 35.1483 37.2984 41.0640 39.8288 35.5410 31.6602 24.4236 14.6839 9.1753 9.0052 11.5253 21.6972 39.9614 49.3335 40.2783 21.5072 10.0124 8.9843 26.0389 39.2590 47.0440 50.3707 49.6368 45.0756 40.3862 16.6549 25.5382 11.5984 18.7649 38.7525 45.9756 37.7444 29.8373 32.8265 31.8293 30.0517 26.4326 23.5304 13.3375 7.1058 7.8948 19.2089 32.8732 35.9159 29.3131 27.8025 20.0834 9.3860 17.2938 15.3742 19.8177 -9999.0000 -9999.0000 -9999.0000 -9999.0000 -9999.0000 -9999.0000 -9999.0000 -9999.0000 -9999.0000 -9999.0000
26.8410 31.4632 34.5532 38.4398 39.6586 38.1841 36.1880 31.9290 21.1463 11.7265 10.4326 15.8448 28.3658 41.9523 48.5105 39.2814 19.0803 10.0272 11.5221 24.1195 38.8019 47.9152 52.0244 51.2648 53.1158 60.2906 49.1283 32.1755 12.2413 19.8370 38.5920 44.8713 39.0983 29.0815 26.7384 30.4804 35.3713 31.6535 31.8674 25.1608 21.4564 17.1857 17.4840 33.9034 38.5561 33.1895 29.1350 22.3850 14.9216 15.3327 13.2599 14.4020 13.8084 -9999.0000 -9999.0000 -9999.0000 -9999.0000 -9999.0000 -9999.0000 -9999.0000 -9999.0000 -9999.0000
19.6464 23.8051 30.9725 36.8184 39.3541 37.0365 38.4427 40.2843 30.4099 17.6270 12.3010 17.3772 32.6081 44.6935 48.3053 34.5576 13.4945 9.3941 14.7758 27.1502 32.2071 35.8202 47.4623 50.8861 52.5423 59.4834 57.0781 35.6577 18.4936 28.7645 40.6149 42.3108 36.1776 26.3091 20.1016 24.1242 30.4718 28.4928 35.3520 35.9793 35.8093 34.7843 34.6197 37.9196 38.4625 34.0851 29.9283 22.1708 17.6443 17.3204 10.0552 9.8499 19.6685 23.3328 -9999.0000 -9999.0000 -9999.0000 -9999.0000 -9999.0000 -9999.0000 -9999.0000 -9999.0000
16.0349 15.7034 24.3470 32.8070 38.8815 34.6462 34.6950 42.7295 38.2503 27.6843 18.8355 19.0584 34.9255 46.9397 46.9499 34.7098 16.8904 9.8698 18.8458 30.6701 29.7436 22.1342 36.9783 47.6270 48.7440 52.0396 55.9500 46.2988 28.5809 36.0820 39.9913 38.2377 31.5207 23.1553 19.3057 23.2689 25.2500 18.0282 31.1187 36.1791 36.9654 35.7971 33.8004 33.9004 34.9628 33.6721 30.5897 24.6556 22.7613 20.8971 17.3452 16.8472 26.8009 32.3391 31.8408 -9999.0000 -9999.0000 -9999.0000 -9999.0000 -9999.0000 -9999.0000 -9999.0000
21.2259 18.4945 19.3035 25.3748 33.4486 32.5041 32.8973 39.1161 39.4081 34.4841 26.9115 23.2427 35.3499 47.2322 46.1370 36.7195 22.4121 11.9481 22.2790 34.4755 35.2247 32.1525 36.8364 44.8843 50.0324 54.0768 58.4237 54.5112 37.3535 37.4107 36.9783 34.7874 27.4022 17.4031 14.4593 22.4032 30.2552 24.6886 28.0753 36.3197 37.8123 35.7343 31.0111 29.5745 32.5572 34.1711 32.9310 30.9543 27.5071 23.2511 25.7848 32.1717 35.5080 35.7526 28.3829 38.7606 -9999.0000 -9999.0000 -9999.0000 -9999.0000 -9999.0000 -9999.0000
27.5586 24.3345 19.4283 22.5775 27.0844 30.2497 34.5851 37.0279 37.7558 35.7662 30.7109 27.5302 34.5247 46.9316 48.7221 39.7760 24.5366 12.0818 23.9059 38.7094 42.2666 41.3295 41.6881 46.0840 51.4690 55.9092 59.9175 57.4857 37.9780 35.2319 35.5769 34.5317 26.8527 13.4531 6.4847 21.5358 32.1332 34.0241 26.1988 26.4457 32.0791 34.1555 29.7286 26.2744 31.2480 35.8677 36.4961 34.1477 28.5601 28.6405 34.4439 38.4654 40.9212 41.6370 35.8308 33.7458 44.3961 55.3746 -9999.0000 -9999.0000 -9999.0000 -9999.0000
29.8644 25.4632 20.6397 21.3579 23.7544 27.4255 33.4842 37.1280 38.3372 36.7322 33.0973 31.1857 35.4766 45.9137 49.4491 41.3669 24.1072 13.9440 25.4645 40.9415 48.3790 47.6987 41.2982 41.4561 47.5196 54.2831 60.9364 60.1396 41.1366 48.4082 50.8862 48.5550 42.6601 38.1952 34.4783 34.7154 35.1249 36.0295 31.4626 20.9008 21.3806 28.1826 30.2722 29.6319 34.5538 40.6883 41.3154 36.1387 31.4073 33.4932 36.4725 36.5978 38.8695 39.3533 34.9532 33.8028 38.7316 49.6492 56.7454 -9999.0000 -9999.0000 -9999.0000
32.7415 31.9187 25.4023 17.8443 19.6170 23.8943 31.2402 38.6213 42.0390 39.6441 36.2200 35.5777 41.5609 45.4941 45.5202 40.2883 28.1520 23.0569 29.0984 40.8445 49.8240 49.1616 33.5705 11.2650 21.6383 40.5777 57.6957 62.8475 63.0421 66.3879 63.2330 57.8642 53.1801 51.9455 51.9555 49.9391 45.3847 40.5479 35.2909 26.8347 21.6575 24.6818 30.0550 33.4002 37.3936 41.6208 39.2114 31.0520 29.4369 33.7446 38.1887 39.5311 38.8053 38.2059 38.2924 41.1456 45.2461 51.1989 57.2348 58.4435 -9999.0000 -9999.0000
38.2496 41.9498 36.5427 21.9793 18.9675 19.7800 23.2702 33.2277 41.3446 41.2945 39.1921 38.6790 42.5708 44.6043 44.3872 40.3677 32.9141 31.3597 33.7282 40.9018 48.1146 48.7228 41.3762 26.3527 7.4561 21.6081 44.9608 58.0732 64.6573 64.9458 60.7347 56.1321 53.0353 51.8725 50.9186 48.4467 44.0534 39.1279 34.7852 29.4003 25.8210 26.6105 29.2515 31.7459 34.5987 36.3881 32.9473 26.3584 28.3840 35.6200 40.7385 40.2777 38.7234 39.6166 40.2042 41.3706 40.1142 38.7900 48.2909 56.3549 58.6145 -9999.0000
38.3257 43.0021 44.2415 35.8513 25.3414 18.3230 17.7253 28.1095 38.1768 40.7674 40.2613 39.1675 39.5171 41.1803 42.6891 40.6319 36.3253 34.9154 35.5688 40.3783 45.4854 45.9431 41.5945 31.0199 13.6656 12.0445 29.8600 41.5969 48.7386 47.0370 49.6194 52.1363 51.5276 51.2938 51.0937 48.5033 42.3897 36.1365 32.4814 29.0855 27.3176 27.6365 28.8049 30.3001 31.2431 31.0211 29.8400 28.0891 30.1430 37.4255 35.5019 22.4174 22.1633 27.8617 19.3141 5.5200 10.3021 27.3261 31.1390 36.4984 44.4447 42.4238
34.5471 34.9181 37.1566 37.4958 30.4243 19.9822 19.0491 27.0005 36.1105 39.6943 39.8966 38.1986 37.1092 38.0807 39.3206 42.3068 43.3428 39.4826 36.3799 38.9770 40.9206 43.5980 44.4750 37.6053 24.7060 17.5774 25.5663 34.7027 39.1285 34.8325 32.7708 38.1207 39.1499 37.8280 37.2324 37.3792 34.2719 26.6535 21.4685 21.3206 23.5845 25.2480 27.1303 28.2210 26.1098 23.5204 25.0402 26.0208 24.4956 27.6442 18.6086 18.4600 27.6686 28.2769 32.2778 39.0215 42.4820 48.7787 53.4448 57.0541 54.7818 43.0985
33.5661 31.8746 32.3279 38.6595 33.7263 19.4192 18.0668 24.8796 34.8468 40.0807 39.5826 35.8977 34.6750 34.1565 34.5273 41.3627 48.4546 45.8660 39.9329 41.2517 39.3659 42.9338 49.1793 46.2272 35.4892 23.9998 17.8152 18.5120 20.1236 14.8468 2.6707 11.0906 12.6290 8.1879 8.4261 15.6023 20.7560 17.7813 11.9637 16.1260 19.3194 19.2317 20.7089 19.3564 14.6676 11.6084 17.5504 22.1020 22.9859 29.8011 35.5729 36.7265 41.4580 48.2252 51.1990 51.8646 53.9169 56.5886 56.2382 53.1056 48.2037 45.1927
32.8911 33.3007 33.5956 39.2681 37.0080 20.6944 14.2537 21.3403 32.9563 42.5584 40.9556 31.8414 31.0505 27.7718 24.1588 32.9116 46.5120 49.2249 46.8394 48.2784 47.5856 48.0374 52.9705 53.1051 47.3863 40.4976 34.7365 32.2390 32.4052 31.3578 27.7797 27.0391 21.0681 11.7908 6.1163 6.4550 12.3497 16.4168 14.6379 18.4262 20.8342 17.9220 15.1531 10.6771 5.7357 1.9145 12.7956 22.4169 27.7789 30.4014 32.4285 35.1586 40.7739 47.1843 50.5076 53.0798 56.2551 57.1942 53.5541 46.1916 37.4145 30.1493
33.0292 34.2584 31.6088 37.3420 42.5435 28.2456 11.3188 18.4359 30.6210 43.5862 42.6470 31.1973 27.9427 23.2384 18.0644 22.0423 35.8893 45.7678 46.7966 46.0802 48.0119 52.6271 55.7928 54.1200 50.2710 45.8451 41.7906 39.6039 38.9544 38.4449 35.2010 29.2003 19.0631 9.9167 2.3865 4.7114 11.0195 16.8603 18.4145 21.5405 24.3722 20.3492 15.4666 11.4125 8.1879 6.3008 10.7121 18.7650 24.5767 28.2308 30.7834 33.5383 36.6797 40.3872 45.3640 50.2082 53.2810 53.0458 47.9159 40.4642 33.9530 29.4749
32.3454 35.7314 30.9338 35.1088 43.5259 31.6414 10.9838 18.6624 31.3124 41.7626 42.1905 34.7010 27.1064 21.3876 17.5839 15.6166 19.6299 33.6661 39.1806 33.4539 28.2185 42.1299 53.6965 51.7912 48.2537 44.4577 40.9147 39.2422 39.1369 39.5200 36.4331 28.7593 22.3157 12.8837 7.9826 10.1557 14.6583 21.3341 27.4603 29.7596 28.6152 23.0349 18.6009 15.7527 14.6794 14.7248 14.9725 19.0825 23.6487 26.6263 29.1598 32.5180 36.3695 41.0594 46.3686 49.7193 50.8152 48.7893 43.7560 38.8193 33.5084 27.6483
30.7032 37.3518 37.1542 39.7621 41.9136 27.3311 9.9965 19.0801 31.7909 40.3195 42.0130 37.6472 27.6326 19.9568 16.1510 13.6138 15.7194 30.7480 37.7401 30.5640 21.6026 29.5601 44.0107 46.6811 44.9580 42.2034 39.2450 38.3263 39.2606 38.9766 34.9103 32.1815 28.6955 17.8734 13.5755 15.0158 22.2000 32.8786 39.9527 39.7497 33.7167 27.3163 24.1240 23.0638 23.1530 23.2984 21.8459 22.8971 25.0439 25.5090 27.4233 33.2054 38.2510 43.2656 47.9816 48.9966 48.6350 46.3064 42.9592 40.8061 36.2857 28.0988
