Output/test7_slope_out.asc
ncols            96
nrows            91
xllcorner     557974.631687                                 
yllcorner     5111446.1291019                               
cellsize       100.0000
NODATA_value  -9999.0000
[rows 30 to 59 of 84, columns 0 to 66 of 96]
-9999.0000 8.1868 13.8862 22.4775 31.1007 24.5651 19.1004 18.1632 16.0054 21.7006 28.5420 24.1591 23.3799 23.1183 27.8141 32.8354 34.8383 36.5844 38.2539 39.6877 39.1947 32.1776 18.2766 21.0970 29.0263 27.7229 29.1454 31.2130 24.6979 22.0067 25.6216 31.8191 37.6344 37.8572 27.9931 21.4818 19.8954 22.6548 31.3357 34.4540 30.7985 34.0739 39.0246 35.4257 27.5657 25.0151 30.4368 33.0309 32.7259 32.0201 31.0631 30.2216 32.4630 33.3256 34.6366 39.4835 36.8574 31.3467 24.5144 25.2147 28.5713 31.3978 32.8662 30.8932 23.4276 21.6937 20.1617
-9999.0000 19.0605 17.4636 23.8538 26.1548 9.3346 15.7766 22.2909 24.6288 21.8554 27.8940 25.6403 25.6590 21.1437 21.3293 24.7133 25.5438 26.5358 25.5341 27.2227 34.1671 39.7382 39.8752 30.7173 26.3156 32.9500 37.7312 36.1150 27.3300 23.9333 25.8305 28.5911 34.6492 38.7298 32.8087 21.4352 18.5741 22.7206 30.3848 35.1481 30.7899 33.7562 38.6023 36.4404 33.5356 32.3414 32.4561 32.4372 32.8471 33.6737 33.3915 32.1235 33.9778 34.5092 32.5663 36.8683 36.6573 30.7295 23.5493 29.7655 31.8402 32.7673 35.6026 33.3494 23.9386 21.5144 23.7747
-9999.0000 26.8662 22.8723 23.8127 22.8285 18.4421 21.4244 27.3871 26.3926 23.5553 22.1307 25.3851 25.8500 24.1445 19.3148 19.6240 20.0197 19.2349 18.4149 18.2577 21.1978 27.3655 35.6037 37.9075 29.7972 35.6315 39.6833 34.6728 28.9148 27.7900 28.8924 29.1781 31.5077 31.2934 29.8043 29.8509 27.8206 25.9906 29.3475 34.1171 27.8014 26.8203 35.7945 34.0034 32.3357 32.6185 33.5663 35.3824 34.9111 32.4813 31.9377 29.6652 32.8112 38.5267 35.1006 33.5182 37.1719 30.9220 33.6366 37.4085 28.6339 31.5691 36.2266 32.6998 23.6553 21.4823 27.3284
-9999.0000 15.6058 24.8009 28.1709 27.6003 26.2053 24.0674 24.6715 25.4296 27.8338 18.2604 22.0750 24.1731 26.0030 20.2944 20.0519 22.6488 21.3628 20.0171 18.7568 18.9104 20.1483 22.5310 31.3576 34.0264 31.7408 36.3804 30.7224 24.2190 26.3408 29.5492 30.5732 31.8141 29.1717 28.4547 33.4270 34.1908 30.1578 30.1127 32.6777 27.6837 26.7726 33.2901 29.5238 27.4267 31.3452 31.7776 31.9054 33.3525 32.7368 32.4465 27.8261 27.4822 39.0924 37.5961 30.9161 35.9978 36.1201 45.8266 39.8338 30.4800 35.7222 35.0411 30.8848 25.5719 26.5396 30.0931
-9999.0000 20.8189 15.5826 16.8353 18.9362 19.5191 19.8342 17.6217 16.7273 21.0689 25.9267 18.4418 20.1056 23.1326 24.4390 23.7012 20.8835 18.0560 17.0188 17.8979 19.0527 20.7910 20.1685 21.8373 29.5561 33.0851 32.7814 29.4788 26.8758 27.0694 30.0413 31.3620 32.0186 30.6090 31.1587 35.5263 35.3309 32.1131 32.0098 32.1116 31.1967 30.2666 29.8983 29.7455 27.9453 28.4175 27.5637 26.1154 29.0389 30.9882 30.7086 28.0574 28.9836 38.6649 37.1785 31.5932 34.3878 41.2426 37.3776 32.2614 35.4428 38.2872 33.2675 28.8129 27.7481 30.8840 30.8399
-9999.0000 27.1666 29.1324 25.3503 20.0656 16.9660 15.5309 15.3002 13.6121 13.8320 22.7948 26.5008 19.8119 17.0221 19.5613 24.2286 26.4496 25.2134 20.3359 15.9725 18.0154 20.9843 20.5809 20.4830 22.9780 26.3055 28.6666 29.7597 28.4371 28.0757 28.9350 30.1090 31.9875 31.9039 31.8924 36.2407 34.9871 30.8342 32.9654 33.1490 33.7494 31.7735 30.4954 31.7376 29.3774 25.0920 24.1863 23.9669 23.6752 27.9632 27.9044 27.2750 31.4641 37.7542 36.2200 34.2933 34.8668 29.9774 16.5914 28.5458 34.3761 34.9600 32.2238 30.1715 30.2016 31.3167 30.2253
-9999.0000 18.4608 18.8360 24.5440 25.8302 19.3332 15.4234 17.1499 16.3844 13.9353 13.0799 18.7392 24.9002 25.3956 23.4905 20.2868 17.8929 18.7277 20.5552 23.6697 23.2484 20.7691 21.1879 21.3678 22.0340 23.7798 27.8108 29.3351 27.2285 27.7420 28.4741 30.6058 31.4539 30.2100 32.8425 36.4581 32.7685 30.6605 36.5854 36.8198 35.2444 32.2711 27.9352 27.3694 27.7632 24.7097 17.5739 13.3642 17.7912 21.1952 22.4484 26.4621 31.5634 32.7034 34.4744 34.0516 28.5689 21.2554 24.2331 28.4184 31.9123 31.0647 30.7414 30.8745 30.3881 31.5057 28.4751
-9999.0000 28.3628 27.3233 19.5837 25.4812 22.6754 17.6239 17.0806 15.6899 13.1756 12.7936 11.4234 12.5962 16.8704 19.6378 21.7498 23.7891 24.9668 23.3768 22.0326 23.1230 24.1565 24.3278 21.8944 21.6623 23.0625 25.9138 26.0657 25.3509 27.6935 28.8402 29.7497 29.8031 30.6050 33.5560 34.2324 32.4628 34.5957 38.1033 34.8847 30.6188 29.6807 26.2798 25.0335 24.9243 17.6088 3.8995 14.8808 14.3697 12.2189 14.7032 24.9148 31.3531 30.6080 33.9279 32.4731 27.8840 30.0328 31.0816 28.8921 30.2811 29.4452 29.0713 28.8785 28.2116 31.2076 29.5685
-9999.0000 28.0959 24.9614 21.0828 20.2505 23.9447 17.6579 14.8453 13.4793 12.8020 12.4123 13.8549 12.6876 10.8088 12.8598 14.1339 14.9982 17.1341 18.2833 20.5718 24.8768 27.0218 27.5374 24.6831 21.6717 22.6634 23.2094 23.5371 24.8914 26.9581 27.2028 27.6993 28.4925 30.5746 34.9369 35.3480 33.2073 33.7055 34.0065 29.9562 25.8884 29.6240 28.4734 24.1717 18.2629 8.7126 10.5386 13.0109 9.0117 16.3096 19.0593 25.1159 32.1728 33.5733 33.5080 30.9618 27.1422 33.8401 36.1784 32.7417 30.6800 28.4628 27.8538 27.2407 26.9758 29.4972 29.8914
-9999.0000 24.1948 13.6697 15.5395 18.4903 19.7646 15.6261 14.1335 13.1535 12.8016 11.4315 13.4727 15.0850 12.5440 12.9500 13.6668 12.9223 16.2654 19.3604 19.9784 25.5987 29.6685 30.4248 27.5282 24.4956 22.9380 22.3953 24.2120 24.6383 25.2178 25.2770 25.9691 27.4916 30.9473 35.0770 34.9953 33.8566 33.1963 33.7095 30.0488 25.3298 29.3903 27.3038 11.2404 1.4346 9.6225 13.6213 2.3446 15.4030 19.7572 23.5739 27.2837 30.9824 32.2387 32.7840 30.7464 27.2069 33.3311 38.4234 38.6583 32.6453 28.5173 27.7947 26.2989 27.6620 29.4487 31.0950
-9999.0000 13.5671 8.4799 8.8759 12.8296 15.6190 15.1486 13.7448 13.0094 12.8337 9.8780 10.3642 17.1582 19.2898 16.7703 14.0789 11.6959 14.6529 20.4831 24.1523 28.3405 29.8189 27.7842 27.7454 27.0047 21.3484 20.1585 23.1212 21.6351 22.4550 24.6997 25.6107 27.2166 31.3401 33.4598 33.2455 33.9401 34.4055 35.7355 31.0826 26.7546 26.1750 22.8591 0.5858 17.9088 18.7649 9.3830 12.2410 17.7053 14.1644 18.4793 21.8875 24.9392 29.5626 29.6407 27.3915 27.1060 29.5673 34.7877 40.1931 33.9689 29.1002 29.7430 27.6718 28.7258 30.0565 32.8492
-9999.0000 10.3436 8.8291 8.7205 10.6079 12.3457 11.0436 9.0081 9.9958 14.2448 15.9766 16.2825 18.0645 20.7393 20.0706 18.0285 15.6399 16.0202 20.8293 25.2405 28.0104 29.9032 30.2665 31.3236 26.2194 20.4923 17.3291 22.0500 21.3650 21.6434 24.1983 25.6032 27.7226 29.7926 30.7558 32.7739 33.2997 33.5626 36.1208 33.4857 28.1843 26.6461 25.7636 18.4409 23.9047 12.2244 24.5371 29.2945 21.0961 14.0720 18.1121 21.3198 22.6416 32.8890 31.7182 29.2566 29.1506 27.9168 30.2331 36.1262 32.6848 27.4926 29.1919 29.4314 28.9036 28.0874 32.8696
-9999.0000 11.5016 10.5595 10.5645 11.5893 12.6913 14.3241 15.3984 14.5402 14.2745 13.1094 12.3226 17.3021 16.7250 17.3283 18.4537 18.6258 18.7222 20.6560 23.1716 26.6577 29.5809 30.7907 33.6805 30.4688 15.5068 16.0830 20.2687 21.4864 21.4664 22.8423 25.9857 28.8031 28.0747 27.7162 32.0364 33.3209 32.7680 35.4564 35.5493 31.9751 29.7476 32.4300 33.0068 39.5672 39.5007 41.8844 38.1260 31.5070 23.5919 15.2534 13.6059 26.8815 36.8610 33.7479 29.0766 29.4047 28.6332 29.0628 32.2733 31.2685 27.1521 28.4114 29.6385 27.2224 24.1875 28.7830
-9999.0000 11.7966 11.6439 12.5918 12.8470 11.1901 8.6444 8.6721 10.2848 11.3344 11.1216 13.5161 17.5865 15.9836 17.8353 19.7870 18.2377 18.2300 20.5303 20.6402 24.5534 28.8296 30.0144 32.8302 33.5584 26.3870 14.5198 14.9216 19.0308 20.7938 21.6211 24.8694 28.5824 27.5833 25.3995 30.8827 33.6770 33.4293 35.2045 34.8304 33.9328 33.1575 29.4899 30.0963 40.8246 43.1971 37.2734 21.8289 14.5176 14.4990 15.7373 23.7130 30.1862 35.1562 34.5468 30.0445 30.6930 30.3800 29.9939 32.4491 32.6626 30.6273 30.1768 30.0571 28.9523 30.4691 32.2040
-9999.0000 10.0707 9.2307 10.0866 11.1598 12.7681 14.5568 16.5609 17.7475 17.7216 18.2561 17.7910 15.9005 17.4266 20.4757 19.7307 16.4385 17.0779 20.6286 19.6505 22.0139 26.0942 27.3848 30.5315 32.1214 32.5473 29.6642 23.1899 20.4726 21.8814 22.0283 22.5394 26.9305 28.6522 26.9478 30.7977 32.5588 33.9867 35.9817 33.6569 33.2864 36.3581 33.0085 17.5879 18.3332 20.0957 10.5846 17.8303 28.3648 34.5033 34.6827 34.1834 33.5577 34.5002 33.0104 29.8053 32.6570 33.3106 30.9193 29.5259 31.1425 30.4028 27.1007 27.2681 29.2808 33.0067 31.2665
-9999.0000 9.9461 10.5186 10.9817 11.5043 11.3658 12.3405 14.0256 13.1049 12.5667 14.1596 16.0520 17.3630 18.9641 19.7835 16.6288 14.5847 16.4696 19.3183 18.3224 19.5214 22.6317 25.2170 28.1773 27.8270 26.7090 28.2973 28.1466 25.2825 25.1229 23.0879 20.9267 25.1406 28.5162 28.3504 30.3325 30.9257 33.3912 36.6684 34.1324 33.3464 35.7770 35.4388 28.5565 20.6510 12.5247 18.0890 24.0921 29.4601 33.4257 33.8074 35.2269 38.8837 42.4502 39.1492 33.4820 35.4772 36.9757 32.4192 28.0166 31.3470 31.8309 27.7138 28.8629 30.7767 33.2741 30.7169
-9999.0000 8.5906 8.1128 10.4983 12.0890 11.3931 12.1857 13.5772 13.5623 12.7336 13.6675 12.9112 11.7839 15.1014 15.9317 14.2467 14.0190 15.7574 18.6723 18.0023 17.4753 19.6500 22.6404 25.7818 24.1927 21.2572 25.8113 28.3965 26.3230 26.6865 23.0415 20.7537 24.7284 27.7279 28.7009 29.5636 30.0187 32.3829 35.5811 34.0592 33.3700 35.5689 34.2388 30.1109 28.1986 23.8393 16.4639 22.0147 31.1966 35.1409 34.0690 35.8566 42.0968 45.6643 44.7567 41.5724 36.7532 36.7717 33.9432 32.0732 33.3527 33.6475 31.9388 31.5325 31.4923 31.1205 30.3447
-9999.0000 9.0845 8.3695 12.9461 11.7565 8.3858 11.2445 11.9284 12.0333 12.2201 12.6779 13.5621 12.4983 12.5318 14.1680 14.4657 14.6629 15.8145 18.8015 18.8974 16.4650 19.1110 23.2712 22.9001 20.9498 21.2187 28.1813 30.8165 26.7293 26.7466 22.9946 21.1556 24.6804 26.9162 28.6310 28.5212 28.3949 31.2259 33.9891 32.4409 31.6502 34.8668 34.7418 31.5709 30.8062 31.1486 27.3980 22.1124 29.7665 36.5864 37.7170 35.7877 36.8389 38.6801 37.2570 37.5613 38.7932 37.0323 34.5645 33.0681 31.9925 33.3506 33.7283 31.6638 31.3182 32.2864 32.6920
-9999.0000 8.1725 8.5092 10.7939 12.3631 13.1331 15.8297 13.2903 11.5591 12.0098 11.2901 12.8501 12.1985 11.5257 14.6696 16.3276 15.7316 15.3417 19.6785 22.3639 20.1381 20.2678 23.7173 23.1039 20.3832 20.2628 26.7083 31.2469 28.2576 28.3622 25.8061 23.2185 25.1695 27.2915 28.9873 28.4566 27.6799 28.9663 31.7079 32.3392 31.8310 33.4802 34.0448 32.6875 32.3785 32.9712 33.5660 30.5031 26.1441 29.5051 37.0602 39.5710 38.8612 35.9187 30.5573 27.3685 33.9032 38.1015 35.5930 28.8119 26.1770 30.2045 32.9761 32.0784 32.2906 35.5168 35.3039
-9999.0000 6.6173 7.5324 8.6214 12.9809 21.3230 22.9601 15.9079 11.7283 10.0152 8.1218 10.8505 12.0286 11.6331 12.4966 14.4904 17.3497 21.1428 24.5813 26.5641 25.8380 23.5036 21.1748 21.4662 21.3264 19.6901 22.6679 26.6112 26.6859 29.1996 29.1868 25.8285 25.1032 27.8664 30.2647 31.2078 29.9785 26.0048 27.0220 30.9913 32.8563 32.9613 31.7315 31.3294 31.9862 32.7656 33.9017 33.8578 30.9352 23.8864 24.6660 34.4142 40.5008 41.4932 39.9784 33.9880 29.6319 30.1127 30.0205 27.3111 24.4750 28.6539 30.9951 28.2001 27.3530 31.4355 32.0240
-9999.0000 6.0855 7.3486 9.4775 18.2191 26.1441 19.0107 7.0596 10.0528 12.6190 13.4631 14.5539 14.4978 15.6482 17.5916 19.1097 17.9606 15.8879 17.9006 21.9971 27.2541 28.1628 23.0379 21.3556 21.6471 18.5859 20.3291 21.4276 24.0917 29.3676 30.5520 26.2099 24.0089 28.7949 32.9700 35.7523 33.2813 24.8799 22.6935 26.2333 30.3385 31.1504 29.8615 29.9578 30.6048 31.2277 32.1631 33.2598 33.9318 33.9070 32.6535 32.1841 33.1387 34.9550 37.5440 37.8317 37.9111 34.2868 25.1896 26.5384 30.2760 28.5246 26.9926 26.4803 26.0961 29.5585 33.9162
-9999.0000 6.5683 5.4919 8.5533 16.8785 25.6765 25.0605 21.1515 18.3947 15.9296 14.5196 16.6414 16.5223 14.6508 14.4346 13.8227 13.3856 16.7778 18.7023 19.7154 24.2294 27.1100 26.6276 25.7481 23.6998 19.9934 21.2993 23.2714 25.6095 30.6205 31.9928 29.9935 30.7292 32.7853 35.3973 38.4173 34.3026 26.7248 25.3862 26.6958 29.5225 30.2913 29.4294 30.2202 31.0948 30.9668 30.8171 31.6593 32.9656 34.4612 36.0302 35.6103 33.9132 34.5807 33.5847 33.0422 37.0199 36.9731 32.8484 27.4277 24.0900 25.6326 26.9358 28.6370 25.9157 27.2166 33.2665
-9999.0000 7.1790 7.2236 7.9622 9.9469 16.9502 19.3665 16.1600 13.4898 13.0430 11.7450 12.1578 13.3967 11.1585 12.1140 12.5703 13.0423 18.6604 20.4842 19.1258 18.8181 20.8999 24.0690 25.9822 23.4788 22.7000 25.5856 26.8230 27.4650 30.3883 32.2976 32.5237 32.5923 33.2443 37.1141 36.9719 29.3088 25.9376 26.1534 27.8729 29.0532 29.2582 28.0022 27.5723 28.6814 29.1270 28.6585 28.2383 28.3425 29.8912 32.2689 32.9173 30.5541 29.0325 29.2645 28.9880 31.3633 32.9559 34.6175 33.8239 27.1099 20.6466 26.8353 30.1789 28.9353 30.6031 30.7586
-9999.0000 8.0247 7.1485 6.7298 6.9686 10.1365 11.0721 10.7174 9.7816 9.5624 10.4162 11.3276 11.5797 10.3758 14.9157 15.7746 13.5598 18.1063 20.6095 18.1548 15.8018 17.3364 21.6791 24.5706 23.9863 25.4373 28.0781 30.5991 30.8003 32.3109 29.9910 27.2378 30.4638 35.5012 39.3931 33.5566 23.9740 23.2525 24.2149 27.1376 27.4141 27.2008 26.7695 24.8171 24.3083 24.9827 24.9637 24.5029 24.7453 26.2168 28.2576 28.7409 27.2106 24.0442 24.3502 26.6693 29.3367 30.2416 29.4476 30.4430 28.1164 28.3308 31.1264 25.7931 24.5509 26.1034 24.2366
-9999.0000 6.8197 7.5680 7.4611 7.9771 10.2946 10.2429 9.8424 9.2577 9.3983 10.8150 12.0730 11.2118 10.1445 16.9346 17.4566 14.0569 16.8556 17.3818 17.6943 18.6747 19.9150 22.4815 23.9108 23.1272 22.5349 25.4501 29.0490 28.8027 29.9922 28.0582 26.9232 33.3565 37.7378 38.8185 34.9585 29.0335 26.0404 25.9592 28.1527 28.3884 28.2200 29.3695 29.8680 27.4523 24.4574 23.3771 24.4861 27.4960 30.3748 31.3174 29.6037 28.5466 28.1006 25.7698 27.2820 31.1057 31.3016 29.8605 29.9795 27.2791 25.7726 28.9185 29.4026 28.3462 25.8257 22.4863
-9999.0000 6.2072 7.1013 7.2947 7.6353 9.7497 10.3995 9.4332 9.7607 11.1901 13.1030 11.2574 10.1726 12.1159 16.9588 15.4597 14.2241 18.2608 18.6038 18.0817 19.4412 22.0660 21.7241 19.8393 20.0182 19.7266 22.2302 24.0934 22.5523 22.1048 24.4564 26.9567 32.3018 36.2209 36.1018 33.3231 29.7016 26.0435 24.6355 26.5875 28.0514 28.5405 28.2124 28.2518 26.9529 23.3979 21.6212 22.8074 26.1676 29.9159 30.6819 29.6988 29.6474 29.8507 28.6862 27.2481 31.2819 32.1603 31.1112 30.1106 27.5260 26.3088 25.2752 25.8818 28.1006 27.5745 24.9047
-9999.0000 6.1115 6.9862 7.1741 7.5829 9.1243 11.7557 11.2448 9.5735 14.1243 15.5166 9.8834 10.4163 14.0364 12.0769 11.8542 16.0725 18.9871 18.5194 16.6885 17.2464 22.6919 21.7492 15.1416 15.9120 17.6656 22.3861 25.0385 18.2092 19.7502 26.7039 26.1498 27.5291 30.3279 30.5695 28.0203 24.7314 21.7239 20.1234 22.6848 25.0044 25.1481 22.3970 20.5696 21.9396 21.0842 19.6339 21.2088 24.6782 27.2671 26.8100 25.7939 25.0613 25.4611 26.1258 25.8735 26.8685 27.6570 29.1890 29.8519 27.0594 26.7493 25.6290 24.7164 25.9009 25.6096 24.6120
-9999.0000 6.3971 7.7687 8.2473 8.3724 9.5001 11.3021 10.7564 12.8060 17.7867 13.8844 8.7059 9.6206 10.4928 12.8374 14.3329 15.0298 17.2717 16.1528 17.1365 16.7507 21.3249 21.6721 15.4295 13.4262 17.4823 24.9000 21.8009 16.2875 24.7598 31.6808 27.5324 27.3281 26.7258 25.2709 25.3218 24.4767 23.2229 22.0557 22.3104 23.3734 23.9648 21.6876 19.8062 21.9197 23.4512 23.0512 24.5897 27.2771 27.6009 25.5807 23.0705 21.4096 22.3847 23.7897 25.9245 24.5816 20.5456 26.8402 31.8867 28.3747 25.9123 24.2814 23.0860 25.4847 23.8349 21.0540
-9999.0000 7.3841 8.4491 9.2176 7.8413 8.2254 12.4007 10.0674 13.7925 18.5882 14.1747 7.7129 9.4161 13.6083 13.3528 12.1993 14.2275 15.5194 12.1654 11.7605 16.3522 19.3072 17.9122 16.1886 15.6540 17.1266 23.4772 18.0372 17.9740 27.8823 32.9810 31.6188 31.3858 28.0375 25.0428 26.4912 27.4744 25.5102 23.4573 23.9313 25.0151 26.0799 22.8597 19.2470 21.9967 24.8450 24.6841 26.8086 29.0696 27.8978 25.8799 24.4244 22.7223 20.6757 20.6086 21.4799 22.7912 23.4012 23.0173 29.3303 30.6687 25.6649 24.0321 23.1434 22.9203 21.2343 19.6089
-9999.0000 7.2127 7.3620 8.5201 9.4225 11.1916 10.1289 7.7477 12.5862 18.6105 18.1105 11.8755 12.2656 12.3569 10.5875 12.1739 13.8660 12.0894 8.2781 8.4519 14.7904 19.0796 18.1455 17.0970 14.9930 15.6590 18.0170 15.2605 15.4854 25.1824 29.7036 30.7171 31.1301 30.2201 29.4620 29.3059 28.4321 24.6481 22.1000 23.4882 25.0160 27.9606 24.6117 20.0263 21.6970 23.0875 22.0703 27.5827 28.9749 26.3909 25.8417 24.8931 21.5956 17.5439 17.8989 17.2752 20.3292 25.1287 25.2392 23.5434 27.9261 26.1272 24.4848 24.2696 22.9776 22.6460 21.4563
