Output/test7_newDEM_out.asc
ncols            96
nrows            91
xllcorner     557974.631687                                 
yllcorner     5111446.1291019                               
cellsize       100.0000
NODATA_value  -9999.0000
[rows 0 to 25 of 84, columns 0 to 59 of 96]
950.2679 954.3484 1008.6300 1005.3640 1009.3420 1010.1040 1015.6830 1015.2250 1010.4980 1018.5490 1017.7620 1021.8120 1027.0090 1022.5670 1034.3520 1064.9170 1100.6960 1166.4960 1235.2030 1262.6610 1231.7580 1213.6840 1182.0150 1108.1770 1108.6520 1126.3990 1158.9190 1175.6100 1167.7870 1181.2770 1147.2670 1150.1720 1114.5520 1157.2510 1135.2510 1148.7150 1159.4850 1159.6540 1163.0210 1168.1330 1174.4970 1177.5090 1185.1790 1187.3430 1185.3530 1191.4720 1188.6550 1194.6290 1193.4650 1183.7570 1193.5930 1191.6580 1191.5330 1190.7520 1176.4610 1186.1880 1189.6120 1186.9910 1192.7230 1200.9340
958.0488 961.4271 1014.8300 1020.7950 1018.9860 1016.8610 1016.0500 1012.5120 1013.7790 1020.1400 1024.2900 1028.0140 1031.1450 1042.2860 1047.4640 1073.5860 1111.1880 1161.8080 1218.4150 1252.8820 1214.6510 1185.9090 1135.2230 1100.6780 1114.3400 1129.0190 1165.9780 1184.4820 1188.5350 1198.2750 1194.0880 1168.3830 1125.4860 1173.6120 1151.8670 1164.8220 1170.3610 1177.4200 1180.3260 1188.7640 1195.3100 1202.2030 1204.8950 1199.4290 1206.7770 1207.0890 1208.6310 1210.6500 1208.9660 1193.5190 1205.6830 1206.5180 1213.4130 1202.2450 1199.1750 1211.8840 1206.9600 1199.9110 1210.6440 1212.4260
972.3270 971.7813 996.9572 1041.4210 1029.8440 1033.3450 1031.9220 1036.3280 1038.5000 1039.4620 1039.5160 1044.0890 1049.7000 1047.3440 1051.8830 1076.1380 1113.6880 1161.4290 1221.1570 1263.2340 1210.6880 1162.0790 1140.4380 1109.4500 1120.7950 1131.7810 1174.4840 1191.5170 1193.5160 1210.3030 1217.1610 1189.3750 1150.4820 1194.9810 1169.5470 1178.4440 1185.4060 1188.9380 1196.8650 1201.9160 1210.0630 1217.1550 1223.8560 1219.8590 1230.6700 1230.2540 1225.3280 1224.8760 1221.6130 1211.9530 1223.7240 1217.2310 1222.5780 1212.2630 1214.4580 1218.7810 1215.7050 1221.1090 1221.4060 1224.9850
977.8392 979.4543 988.1952 1047.2950 1046.0760 1042.6280 1047.6860 1032.7520 1041.9840 1035.4300 1049.9540 1054.4130 1062.3410 1054.4370 1060.8930 1085.4270 1125.4210 1172.2740 1237.7800 1269.7690 1212.0830 1168.8080 1159.0160 1121.4340 1118.4240 1142.6420 1180.6200 1197.4720 1209.1120 1216.3240 1221.8680 1209.4460 1176.4980 1196.2130 1185.6210 1191.9450 1200.0680 1206.1080 1216.0070 1229.4000 1235.5600 1239.0470 1246.3200 1240.3630 1249.9420 1244.9760 1240.8910 1237.0300 1237.4400 1225.4550 1223.4320 1234.0260 1233.3980 1215.7310 1237.3000 1235.5360 1232.0730 1235.8390 1232.1530 1242.0980
986.4683 992.5452 998.5279 1001.3540 1062.2440 1053.5140 1059.5420 1061.2460 1055.3580 1052.0320 1057.6970 1063.8980 1066.8140 1070.2210 1080.5070 1096.1280 1137.1570 1190.4250 1244.8130 1267.1510 1213.7000 1224.0260 1200.0390 1154.9540 1130.5140 1176.5530 1202.2260 1209.2180 1225.5490 1222.1090 1229.5020 1225.6080 1197.6060 1213.9250 1208.5750 1208.6690 1219.0300 1224.1060 1235.3800 1245.5260 1254.4590 1267.0400 1268.8830 1261.4830 1267.7970 1268.0770 1260.2850 1255.4440 1252.3300 1236.7980 1242.9610 1254.2590 1254.5800 1246.2600 1248.7920 1245.3130 1248.7650 1241.9900 1253.6960 1257.8080
1002.8240 1000.0310 1018.6840 1009.7180 1031.0000 1071.9500 1068.3950 1068.0630 1069.9310 1060.7620 1074.8440 1069.0060 1076.2440 1077.8280 1093.5210 1112.4370 1147.6720 1203.3880 1244.4240 1260.4840 1252.8420 1215.7760 1220.4380 1191.5420 1178.2140 1210.7970 1210.8000 1220.4500 1232.9380 1238.4280 1233.3950 1238.5000 1212.2970 1233.5210 1219.6720 1220.2490 1229.5580 1241.4220 1246.2570 1264.8920 1271.7970 1282.2740 1284.4570 1287.9060 1284.6990 1285.1640 1275.5160 1272.3500 1268.7290 1262.6880 1262.9640 1271.4060 1270.9380 1273.9950 1252.8880 1267.0310 1266.7620 1259.5970 1268.3910 1268.8500
1008.7510 1004.9050 1046.7310 1031.5620 1014.7710 1078.4460 1075.2200 1079.1940 1079.3840 1081.2300 1075.1580 1088.1720 1088.7360 1080.2610 1130.1270 1135.9910 1169.7930 1191.6480 1189.4240 1223.3080 1233.1590 1231.1910 1244.4950 1217.1500 1216.3070 1226.3990 1202.4020 1233.4530 1247.5230 1250.6760 1248.0750 1248.8010 1223.5040 1236.9870 1238.0120 1243.2450 1250.2010 1253.5360 1264.6220 1272.1140 1290.0520 1301.6300 1308.7170 1308.3880 1309.8100 1305.7210 1300.5720 1294.7580 1286.6740 1280.6720 1278.0580 1282.9100 1283.7920 1287.3350 1266.4740 1287.9470 1284.1990 1279.9650 1283.0970 1283.2200
1022.9190 1019.3920 1060.0780 1054.8860 1027.6260 1073.5430 1092.1300 1086.9420 1095.8060 1095.9930 1091.6680 1102.3770 1092.1300 1097.6720 1105.0820 1154.4040 1164.5340 1145.5110 1171.5700 1180.8010 1221.6340 1230.3380 1241.3640 1246.0320 1227.0910 1242.5750 1214.8480 1239.9910 1259.0950 1265.5750 1251.2200 1258.2120 1237.6050 1243.8310 1258.8900 1263.7330 1271.9190 1279.9240 1288.9540 1304.8110 1314.9730 1328.7930 1334.2870 1335.2440 1331.0520 1324.7900 1318.2140 1306.4900 1303.3480 1295.2820 1300.7280 1303.4320 1298.5020 1308.2410 1300.4670 1314.6050 1301.5140 1303.9190 1295.7090 1301.0090
1032.6980 1034.9060 1051.0420 1101.2150 1047.4380 1065.4930 1098.5840 1096.6560 1104.6830 1113.0310 1112.1720 1094.1780 1114.6440 1104.5160 1120.3440 1120.6630 1131.4840 1176.7660 1224.1890 1182.8750 1204.3810 1243.3030 1242.5322 1235.2749 1225.8125 1217.8133 1210.7236 1212.7120 1222.3153 1228.7905 1233.9610 1239.9197 1247.7027 1261.6966 1271.2030 1277.9610 1287.1330 1302.8130 1312.3880 1325.3960 1342.8750 1355.1040 1358.9610 1360.5630 1358.6670 1348.8770 1342.2030 1327.3440 1318.5790 1314.6880 1313.4050 1316.6180 1313.3910 1333.2850 1314.7860 1326.8130 1320.4570 1319.9290 1318.6720 1316.2490
1045.9780 1052.8330 1051.3540 1089.0220 1068.9540 1070.6480 1128.8790 1115.0530 1121.6250 1123.5770 1127.3630 1111.6000 1128.9040 1119.0780 1117.3630 1122.9690 1148.2260 1164.0990 1176.2920 1220.2200 1207.9245 1196.2373 1191.5124 1173.8325 1160.1667 1150.4511 1144.6412 1142.7106 1144.6505 1150.4698 1160.1949 1173.8703 1191.5599 1213.3486 1227.3566 1259.9470 1284.4138 1311.7006 1329.0930 1346.0940 1362.2050 1378.5960 1383.7960 1384.0650 1382.6420 1373.0320 1363.5690 1348.4920 1354.3480 1333.8480 1334.4720 1342.9380 1332.5210 1349.9250 1338.5790 1348.7970 1342.3650 1336.7610 1337.3080 1332.2840
1049.1340 1061.7010 1073.2260 1114.9380 1091.6560 1066.1790 1131.0610 1137.0450 1136.5050 1128.2180 1135.8800 1133.8050 1133.5260 1150.0500 1140.7570 1135.9350 1156.7480 1194.5480 1195.2281 1172.8050 1159.4712 1134.2857 1113.1652 1096.0117 1082.7480 1073.3158 1067.6744 1065.7996 1067.6834 1073.3340 1082.7753 1096.0483 1113.2113 1134.3415 1159.5369 1188.9185 1222.6336 1260.8600 1285.3339 1339.1856 1379.5076 1405.4430 1413.5630 1417.0230 1411.3680 1403.8430 1392.2450 1399.1050 1400.7500 1381.5060 1359.8540 1369.2070 1355.9760 1373.0680 1360.7410 1369.2470 1368.0750 1357.6820 1365.4330 1346.5050
1057.3880 1071.4530 1070.9930 1094.0910 1137.5630 1079.0710 1103.2440 1149.3910 1151.7990 1143.3820 1134.8440 1148.4220 1147.1570 1163.7340 1164.8800 1155.0650 1161.4840 1158.4555 1147.1316 1114.3997 1085.8560 1061.3659 1040.8186 1024.1242 1011.2115 1002.0269 996.5327 994.7067 996.5416 1002.0446 1011.2381 1024.1598 1040.8635 1061.4201 1085.9199 1114.4735 1147.2156 1184.3081 1225.9443 1272.3556 1323.8185 1354.2492 1422.1037 1444.5940 1433.5710 1428.4050 1429.0470 1431.2440 1440.7470 1418.1720 1418.2070 1392.2850 1378.0160 1387.3280 1384.0150 1387.7500 1384.9420 1375.7520 1377.2340 1372.4830
1067.6980 1075.7740 1079.5810 1093.1470 1106.0080 1134.9190 1086.6330 1134.8730 1171.2550 1166.9850 1149.2740 1168.7200 1165.1980 1181.9740 1187.0480 1174.2634 1133.4374 1113.7256 1077.6301 1045.7465 1017.9260 994.0445 973.9996 957.7079 945.1034 936.1364 930.7717 928.9886 930.7803 936.1536 945.1294 957.7427 974.0433 994.0974 1017.9882 1045.8184 1077.7120 1113.8178 1154.3131 1199.4089 1249.3563 1304.4554 1365.0667 1399.8169 1461.5010 1457.1580 1455.7740 1458.9560 1476.6520 1464.1610 1443.8350 1415.7840 1399.7760 1417.3270 1391.3330 1413.1560 1410.1810 1395.3800 1388.4790 1393.5140
1078.1720 1073.4270 1083.0680 1101.4220 1109.7000 1126.6630 1098.7500 1129.9950 1175.0760 1180.1040 1174.7930 1176.8510 1198.3400 1184.6080 1156.9331 1132.2484 1088.3092 1048.8206 1013.5883 982.4485 955.2632 931.9170 912.3144 896.3777 884.0451 875.2700 870.0196 868.2744 870.0280 875.2869 884.0706 896.4117 912.3572 931.9687 955.3240 982.5187 1013.6682 1048.9105 1088.4096 1132.3598 1180.9917 1234.5792 1293.4496 1357.9967 1394.0900 1491.8900 1488.1720 1497.2240 1502.8000 1491.7650 1481.4460 1415.9460 1451.3970 1434.1360 1438.0620 1433.4850 1433.3500 1420.3300 1422.3410 1412.6320
1095.2080 1082.8910 1095.2190 1102.2000 1115.4530 1131.1310 1143.0120 1119.2030 1142.0330 1141.6170 1190.4380 1193.7820 1201.7700 1144.9627 1118.1252 1070.6530 1027.7161 989.1012 954.6277 924.1428 897.5176 874.6440 855.4323 839.8095 827.7176 819.1124 813.9632 812.2516 813.9715 819.1290 827.7425 839.8429 855.4743 874.6947 897.5772 924.2116 954.7059 989.1892 1027.8143 1070.7618 1118.2452 1170.5173 1227.8783 1290.6878 1359.3792 1396.3590 1501.1457 1528.3210 1528.1460 1516.5780 1497.4150 1433.7830 1498.0630 1484.8720 1473.0470 1455.8280 1447.3740 1439.0080 1444.4220 1437.1790
1100.3530 1090.4060 1111.4160 1108.7980 1121.4360 1137.1000 1148.2110 1148.9200 1148.1980 1147.4240 1158.1220 1204.9380 1139.6830 1111.7135 1060.6029 1014.1370 972.0807 934.2349 900.4305 870.5239 844.3938 821.9384 803.0730 787.7284 775.8499 767.3955 762.3361 760.6542 762.3442 767.4118 775.8743 787.7612 803.1142 821.9881 844.4523 870.5913 900.5072 934.3212 972.1769 1014.2436 1060.7204 1111.8424 1167.8881 1229.1888 1296.1419 1369.2290 1449.0402 1497.6248 1555.2920 1545.7380 1533.2540 1475.2360 1551.8480 1514.6040 1497.7670 1484.3860 1480.4170 1461.8740 1458.5440 1457.0970
1124.1210 1104.6300 1104.8610 1113.6410 1128.4960 1171.2660 1148.0280 1170.1670 1193.4010 1196.2450 1158.4970 1148.6917 1112.9565 1058.0730 1007.9705 962.3889 921.1081 883.9407 850.7272 821.3321 795.6405 773.5557 754.9973 739.8997 728.2106 719.8902 714.9105 713.2552 714.9185 719.9062 728.2347 739.9320 755.0379 773.6046 795.6980 821.3984 850.8026 884.0255 921.2026 962.4935 1008.0856 1058.1994 1113.0947 1173.0800 1238.5233 1309.8676 1387.6530 1472.5458 1529.9300 1576.7970 1563.0660 1570.1490 1564.4650 1542.3450 1521.3070 1514.1040 1505.6550 1487.9870 1490.3990 1484.4250
1139.6940 1123.5000 1111.7950 1117.9800 1155.6250 1183.5800 1189.0500 1174.0000 1205.2170 1225.9790 1157.4865 1121.8652 1063.0419 1009.1660 959.9488 915.1456 874.5484 837.9798 805.2887 776.3462 751.0428 729.2866 711.0006 696.1221 684.6012 676.3997 671.4909 669.8590 671.4988 676.4155 684.6249 696.1539 711.0405 729.3348 751.0995 776.4115 805.3629 838.0632 874.6413 915.2484 960.0620 1009.2901 1063.1775 1122.0132 1186.1409 1255.9726 1332.0071 1414.8561 1505.2819 1577.6459 1575.6490 1581.0310 1594.1560 1574.7990 1534.7890 1540.1880 1493.8140 1518.9210 1514.9060 1512.9870
1181.1070 1153.5190 1124.4950 1131.0060 1158.6310 1184.2930 1197.1210 1204.0890 1212.6240 1183.7621 1138.5188 1075.5516 1017.7335 964.7412 916.3017 872.1833 832.1885 796.1484 763.9187 735.3763 710.4166 688.9512 670.9066 656.2224 644.8505 636.7545 631.9086 630.2976 631.9164 636.7701 644.8740 656.2537 670.9460 688.9988 710.4725 735.4408 763.9919 796.2306 832.2800 872.2846 916.4131 964.8633 1017.8669 1075.6970 1138.6771 1207.1932 1281.7106 1362.7966 1451.1532 1520.4532 1603.7430 1610.6630 1644.2410 1592.7110 1564.1080 1534.5630 1561.6940 1559.6830 1556.2670 1549.2560
1156.3770 1172.7960 1143.0400 1132.6490 1166.9470 1182.3130 1196.8440 1208.8980 1209.8427 1163.0682 1095.7098 1033.7432 976.8038 924.5853 876.8281 833.3114 793.8465 758.2718 726.4489 698.2596 673.6033 652.3949 634.5635 620.0510 608.8111 600.8084 596.0181 594.4256 596.0258 600.8238 608.8343 620.0820 634.6025 652.4419 673.6585 698.3233 726.5212 758.3530 793.9369 833.4113 876.9380 924.7056 976.9352 1033.8863 1095.8655 1163.2373 1236.4393 1316.0025 1402.5799 1496.9881 1571.2438 1678.7090 1682.2270 1640.9200 1583.6350 1597.4830 1615.0880 1617.7210 1609.1940 1591.0450
1157.6930 1158.4840 1172.9020 1150.5290 1161.1560 1182.7850 1197.2590 1211.5310 1177.6948 1123.6942 1057.3290 996.2331 940.0599 888.5171 841.3568 798.3671 759.3668 724.2005 692.7349 664.8559 640.4664 619.4841 601.8405 587.4793 576.3555 568.4351 563.6938 562.1175 563.7014 568.4503 576.3785 587.5100 601.8791 619.5306 640.5210 664.9189 692.8064 724.2808 759.4561 798.4658 841.4653 888.6360 940.1895 996.3742 1057.4824 1123.8607 1195.9238 1274.1725 1359.2200 1451.8286 1552.9640 1635.4322 1734.9840 1664.1860 1594.2960 1648.2810 1674.8100 1665.0970 1655.2340 1631.2740
1174.8910 1172.8250 1178.4150 1183.0430 1170.0980 1175.9650 1195.9270 1206.3293 1159.7605 1088.6940 1023.1877 962.8462 907.3380 856.3827 809.7418 767.2112 728.6161 693.8063 662.6527 635.0449 610.8887 590.1043 572.6250 558.3961 547.3741 539.5256 534.8273 533.2653 534.8349 539.5408 547.3968 558.4265 572.6631 590.1503 610.9428 635.1073 662.7235 693.8857 728.7045 767.3089 809.8491 856.5002 907.4662 962.9857 1023.3392 1088.8584 1159.9388 1237.0565 1320.7919 1411.8629 1511.1737 1619.8888 1714.0388 1691.0690 1649.5350 1697.0100 1738.8380 1742.9420 1713.6080 1681.0410
1170.5600 1183.8870 1178.7160 1198.2860 1203.2540 1207.6020 1212.8870 1190.2545 1128.1199 1057.8957 993.1272 933.4349 878.4997 828.0512 781.8588 739.7252 701.4807 666.9795 636.0963 608.7236 584.7697 564.1569 546.8202 532.7063 521.7726 513.9867 509.3256 507.7760 509.3331 514.0017 521.7951 532.7364 546.8580 564.2026 584.8234 608.7854 636.1664 667.0582 701.5683 739.8220 781.9652 828.1675 878.6266 933.5729 993.2770 1058.0582 1128.2960 1204.4463 1287.0625 1376.8262 1474.5918 1581.4527 1678.6176 1749.9200 1742.2770 1756.2410 1802.9020 1792.6100 1764.5710 1738.1230
1182.6560 1186.0000 1187.6350 1188.8640 1221.7340 1223.5800 1227.5100 1162.7072 1100.6644 1031.1552 967.0141 907.8746 853.4280 803.4120 757.6029 715.8086 677.8640 643.6271 612.9754 585.8042 562.0237 541.5581 524.3437 510.3284 499.4705 491.7383 487.1093 485.5702 487.1167 491.7532 499.4929 510.3584 524.3813 541.6035 562.0770 585.8656 613.0451 643.7052 677.9509 715.9046 757.7084 803.5274 853.5537 908.0113 967.1624 1031.3161 1100.8387 1176.1692 1257.8392 1346.5008 1442.9681 1548.2776 1663.7826 1766.9488 1794.8450 1796.2970 1841.0500 1820.4350 1780.8130 1740.4040
1209.7730 1200.6640 1203.0820 1210.8560 1212.4510 1216.1810 1208.3674 1151.8953 1077.2638 1008.3528 944.7372 886.0614 832.0250 782.3725 736.8857 695.3769 657.6849 623.6706 593.2141 566.2127 542.5786 522.2371 505.1259 491.1939 480.4000 472.7130 468.1110 466.5809 468.1184 472.7278 480.4222 491.2236 505.1633 522.2822 542.6315 566.2737 593.2833 623.7482 657.7713 695.4723 736.9904 782.4871 832.1498 886.1971 944.8844 1008.5123 1077.4366 1152.0824 1232.9636 1320.7086 1416.0991 1520.1262 1634.0772 1743.9772 1868.4100 1856.6890 1865.2540 1843.8030 1814.7220 1741.2780
1209.6060 1216.9070 1203.5550 1192.8220 1220.5800 1226.9370 1192.9274 1131.8836 1057.8115 989.3901 926.2052 867.9096 814.2099 764.8560 719.6341 678.3602 640.8760 607.0449 576.7491 549.8877 526.3740 506.1349 489.1088 475.2454 464.5042 456.8546 452.2749 450.7522 452.2823 456.8694 464.5264 475.2750 489.1460 506.1797 526.4267 549.9483 576.8180 607.1221 640.9619 678.4550 719.7382 764.9699 814.3339 868.0444 926.3514 989.5485 1057.9830 1132.0693 1212.3068 1299.3051 1393.8205 1496.8083 1609.5042 1733.5538 1848.3557 1898.6560 1879.1840 1829.7980 1815.6670 1756.0790
