Output/test1_newDEM_out.asc
ncols           149
nrows           178
xllcorner    0.000000                                       
yllcorner    0.000000                                       
cellsize        20.0000
NODATA_value  -9999.0000
[rows 108 to 134 of 178, columns 59 to 117 of 149]
1858.2778 1860.0695 1858.3151 1858.7860 1860.0369 1861.8438 1865.1184 1871.0864 1878.4070 1886.9414 1896.9183 1908.2595 1919.9358 1934.8894 1956.7006 1977.4646 1996.7921 2014.0822 2028.8778 2042.6124 2056.7625 2071.8887 2088.2034 2102.4475 2115.6279 2128.6304 2145.0518 2157.2053 2164.5161 2169.1760 2164.5535 2158.3416 2152.8372 2146.7346 2140.0371 2131.7964 2128.8049 2124.4861 2119.5190 2114.1995 2107.5625 2099.4521 2089.6128 2078.1868 2076.2756 2069.8257 2062.5095 2056.4604 2053.7834 2054.2148 2058.4387 2066.8992 2077.1248 2086.6973 2093.4116 2100.8977 2106.5247 2107.2537 2098.5671
1848.9537 1847.9626 1841.6556 1842.5715 1845.1252 1848.0952 1852.1964 1858.1842 1866.0015 1874.9381 1884.2189 1893.3859 1903.8057 1921.4427 1943.3478 1965.0248 1985.2560 2003.1990 2016.2888 2027.4325 2039.4310 2055.0950 2073.6475 2091.0400 2106.9336 2121.8481 2139.7327 2152.3000 2160.4456 2161.8218 2158.7605 2154.6665 2148.7788 2139.9385 2130.7927 2124.4648 2115.0967 2109.2917 2104.1204 2098.8154 2092.4878 2086.9790 2081.8198 2078.4502 2077.8513 2074.6074 2070.2515 2066.1738 2064.5090 2065.4180 2070.2695 2078.4602 2086.5061 2089.2781 2090.5430 2100.1658 2106.2585 2107.0120 2095.2942
1838.6792 1834.3202 1826.1609 1825.4634 1830.2854 1834.2917 1839.0481 1845.0922 1852.8717 1863.4426 1872.3369 1876.7048 1891.9319 1917.1047 1933.7450 1953.3533 1975.1188 1993.1256 2007.1866 2010.5465 2018.8877 2035.4351 2057.6829 2080.9355 2101.6267 2119.2085 2132.0251 2142.5532 2151.7634 2153.5869 2152.7603 2150.9575 2143.5032 2131.9573 2120.1162 2106.4792 2099.3601 2094.9463 2090.0200 2083.9373 2078.6704 2079.2097 2079.3311 2079.5659 2078.9946 2078.4060 2077.9585 2075.8242 2074.5371 2076.0369 2081.9990 2088.9766 2092.9568 2096.0300 2099.3684 2113.4666 2107.3662 2101.0239 2090.9744
1821.1056 1815.5386 1809.0431 1803.7531 1809.6910 1815.3113 1822.2589 1830.5299 1840.0642 1850.4003 1859.2611 1867.4117 1881.9196 1910.9287 1922.0536 1937.9043 1956.0631 1973.7274 1986.7866 1997.1631 2014.0045 2038.6617 2044.1532 2060.3225 2085.6580 2102.6460 2115.5322 2129.7661 2144.0366 2146.2620 2145.7419 2144.6973 2138.3066 2128.7688 2116.6653 2098.4148 2086.6782 2087.9739 2088.6104 2088.1196 2087.8975 2086.6492 2085.0566 2083.9136 2082.1279 2081.3335 2082.4395 2083.4553 2084.3264 2086.0146 2089.1775 2095.0386 2100.0986 2102.7571 2106.4075 2108.7737 2102.2556 2093.8003 2083.9539
1799.5280 1792.9683 1785.2944 1777.9851 1784.0125 1792.7502 1802.8583 1813.9813 1825.2491 1835.2700 1844.9744 1855.3513 1868.1833 1887.2893 1903.5127 1920.1638 1936.5552 1952.4692 1966.5090 1984.4933 2004.4967 2024.1567 2032.4995 2037.3136 2060.0989 2080.6577 2099.5261 2117.4341 2137.7012 2139.6558 2139.9087 2139.1548 2135.2798 2129.0210 2120.7856 2109.1787 2087.5801 2098.3250 2101.9929 2102.5444 2101.4517 2098.8035 2094.7615 2090.8340 2087.6196 2087.0806 2091.2866 2091.8628 2091.8877 2092.5146 2094.1843 2097.5938 2102.1091 2105.0330 2108.6902 2106.4727 2099.0378 2089.8425 2078.9517
1778.3887 1771.7177 1763.4896 1753.6776 1759.8582 1771.8160 1784.5709 1797.6249 1809.6276 1820.2577 1830.2542 1840.7527 1852.9570 1867.1501 1886.1620 1903.3961 1919.7595 1934.8785 1951.3734 1972.1031 1992.8807 2012.3821 2023.2046 2035.4890 2052.6934 2070.5923 2089.1831 2107.2856 2124.8616 2133.1094 2135.8171 2136.5908 2135.5693 2132.9626 2129.0986 2123.5173 2115.3259 2117.2654 2119.5457 2118.5698 2115.8975 2111.5554 2105.6108 2099.5173 2095.6375 2099.4016 2101.3831 2099.8152 2098.1829 2097.1638 2096.9241 2098.0342 2100.1484 2102.0598 2105.6194 2107.7346 2099.2637 2089.9045 2081.2573
1757.9388 1751.9965 1744.5182 1735.9001 1736.1582 1751.6616 1766.7106 1781.6704 1794.3646 1805.2289 1815.0052 1825.1012 1837.2026 1852.6451 1873.0879 1889.7889 1906.7566 1923.3610 1941.6074 1961.5552 1981.5294 2000.7477 2015.1637 2030.5531 2047.4604 2064.6328 2082.0503 2099.3340 2116.0999 2128.4341 2133.7163 2136.4294 2137.8164 2138.2468 2138.2810 2139.0830 2145.2627 2142.8013 2139.6794 2136.3174 2131.2224 2123.9111 2115.8379 2108.3879 2107.4163 2115.7908 2111.8604 2107.1418 2103.4294 2100.5664 2098.5796 2097.8821 2097.9031 2098.0715 2099.0981 2105.0310 2101.6057 2091.3796 2084.4895
1738.3074 1733.5619 1728.5378 1724.1110 1717.6437 1733.1658 1749.0065 1766.2161 1780.1619 1790.7148 1798.9275 1808.0807 1820.7372 1838.5609 1857.6506 1878.8479 1896.3022 1913.3740 1931.9802 1951.9791 1971.6539 1989.1428 2006.4330 2024.6149 2041.8094 2058.8386 2075.8655 2092.6387 2109.0125 2124.5139 2133.3643 2137.7278 2141.0745 2144.0271 2147.4155 2152.8560 2165.7256 2164.3606 2157.5720 2154.2766 2145.1077 2133.3210 2123.1230 2115.7915 2118.7476 2136.6167 2121.6370 2113.6692 2107.6790 2102.8738 2099.2139 2096.8777 2095.2324 2093.6902 2091.2427 2079.6335 2096.1675 2089.6040 2086.4641
1719.5815 1717.7426 1716.8776 1717.1283 1715.1046 1721.4716 1732.4438 1746.8772 1770.5588 1776.7899 1781.4045 1788.4333 1806.3319 1825.8336 1843.8301 1870.2434 1887.0479 1903.1237 1922.1417 1943.4897 1964.0870 1982.7073 2000.7279 2018.6561 2036.1272 2053.2083 2069.9993 2086.5081 2103.5168 2123.4670 2134.3965 2139.5916 2144.6250 2149.6011 2155.3525 2162.2903 2171.5979 2162.8855 2162.1379 2160.6816 2149.6943 2136.7449 2125.6584 2119.8843 2122.4385 2131.7441 2129.2490 2119.1108 2110.9050 2103.8511 2098.4868 2094.6375 2092.5754 2089.5142 2082.0674 2076.1521 2079.6072 2084.4673 2086.3960
1708.4139 1704.5844 1703.1210 1703.2490 1704.6184 1710.8540 1724.8434 1743.9219 1760.4869 1771.3379 1777.8076 1783.0477 1798.6066 1818.1482 1836.5840 1862.2678 1879.5614 1894.3978 1914.5841 1937.6506 1959.6838 1977.6222 1995.6927 2013.9510 2030.9099 2047.9047 2064.2522 2080.3691 2099.8599 2121.8533 2135.4514 2142.0027 2147.9058 2154.3784 2161.9397 2170.2495 2170.3130 2160.2815 2158.5225 2155.3794 2145.5752 2134.0244 2124.9683 2121.4517 2125.0466 2130.9653 2129.1846 2122.8057 2112.9233 2103.3496 2094.5984 2091.8928 2090.4233 2086.2307 2078.0469 2072.3860 2072.0244 2078.3059 2087.0686
1700.2804 1695.1417 1688.5299 1690.3800 1695.0562 1702.1184 1719.3605 1738.3165 1754.3436 1767.6394 1778.1289 1785.9971 1795.8042 1814.2081 1835.1976 1859.1721 1875.7874 1895.2045 1916.0388 1936.3745 1955.6659 1973.6676 1989.9805 2007.3181 2024.6523 2042.0312 2060.3362 2079.0383 2098.9238 2118.5278 2132.5210 2141.1355 2149.2288 2156.6401 2162.4873 2165.7839 2161.1416 2132.7163 2149.0872 2147.7395 2138.0566 2128.9724 2123.9561 2122.1377 2125.1504 2125.0969 2117.7405 2115.5752 2105.8936 2095.4636 2091.8772 2090.0496 2087.9353 2084.4963 2080.1880 2075.5056 2072.2722 2081.0127 2090.7900
1694.2561 1690.0455 1685.3842 1687.4604 1692.3918 1697.1311 1713.3123 1732.8851 1750.1968 1765.1442 1777.8047 1787.4325 1797.5081 1815.3645 1837.8895 1859.2313 1875.2032 1896.0420 1915.9078 1935.0051 1953.3555 1970.7656 1986.6552 2001.3837 2018.2737 2037.6689 2057.7170 2077.8157 2098.0332 2116.2683 2131.6165 2139.4963 2145.6917 2150.2178 2153.3926 2154.4036 2150.1860 2135.9656 2138.5742 2136.4709 2130.0691 2123.2927 2117.6594 2114.4434 2113.0176 2110.9321 2108.3030 2101.0498 2093.6816 2091.5103 2089.8049 2088.1685 2086.0581 2083.4211 2080.4451 2077.3254 2074.6926 2083.5039 2093.2847
1689.2653 1686.5760 1684.7670 1687.0879 1691.4119 1695.4291 1706.6163 1727.9497 1747.1829 1763.8965 1778.0380 1788.3616 1801.5037 1819.0459 1837.7284 1853.0815 1875.0724 1896.3832 1915.8311 1934.3204 1951.9727 1968.7915 1984.3373 1998.2742 2014.2019 2035.0999 2055.5173 2075.5076 2094.9631 2112.9302 2128.0820 2136.4055 2141.0872 2144.2722 2146.3433 2147.0000 2144.9153 2137.3992 2134.4541 2130.2812 2123.8445 2117.3711 2111.4434 2106.8091 2103.6760 2100.2485 2095.9087 2092.5979 2090.2571 2089.0574 2087.8303 2086.4111 2084.5366 2082.4463 2080.3098 2078.4565 2077.8311 2084.7292 2091.6836
1685.1824 1684.4948 1684.6094 1686.8010 1691.2147 1695.4637 1697.0238 1723.3105 1744.6401 1763.8508 1779.3109 1788.9369 1804.9851 1823.0382 1840.2523 1853.1300 1875.7739 1897.4055 1916.4408 1934.2783 1951.3063 1967.5734 1982.7993 1997.3070 2014.4401 2034.1571 2054.0125 2073.4888 2092.3955 2109.8416 2125.0139 2133.2954 2136.8220 2139.1680 2140.5576 2141.1440 2140.4985 2138.2993 2132.2856 2125.2156 2118.1169 2111.3232 2105.0217 2099.4890 2095.4324 2092.1301 2088.9497 2088.9399 2087.8887 2086.9233 2085.8918 2084.7100 2083.0537 2081.3293 2079.8252 2079.0181 2079.8557 2083.3450 2087.9373
1688.7269 1689.2008 1688.7999 1691.6685 1698.3732 1704.1136 1709.1855 1725.5400 1746.0717 1764.7345 1775.7076 1785.0835 1807.6805 1829.4941 1844.7408 1854.9193 1877.6149 1899.9115 1917.9541 1935.1464 1951.4474 1966.9128 1981.8829 1997.2244 2014.9712 2033.8508 2053.0454 2072.0542 2090.3594 2107.1924 2122.0266 2130.5615 2132.9597 2134.6533 2135.6050 2136.0510 2136.2810 2138.4187 2130.2964 2120.4893 2112.5959 2105.3447 2098.5598 2092.2480 2088.3696 2086.5310 2086.0940 2085.7776 2085.0886 2084.5947 2083.9009 2082.9751 2081.5813 2079.9761 2079.1714 2079.5269 2080.4275 2081.9709 2083.8298
1699.2264 1700.5349 1702.6383 1706.4381 1712.1216 1717.5393 1722.2756 1727.3967 1752.0468 1765.7159 1771.9376 1789.8896 1814.2490 1837.2520 1847.3435 1856.3939 1874.3103 1904.2904 1921.4318 1938.0011 1953.4167 1967.7030 1981.3569 1997.7278 2016.5908 2034.9749 2053.1333 2071.0957 2088.9285 2104.3252 2118.9109 2129.0125 2129.4275 2130.5330 2130.9756 2131.0698 2131.0068 2129.7190 2124.2542 2115.1167 2106.9902 2099.5737 2092.3647 2084.9355 2083.8079 2083.5203 2082.9141 2081.7861 2081.6841 2081.9048 2081.9202 2081.3975 2080.0872 2079.0945 2078.8965 2079.5049 2080.3286 2081.9287 2079.6299
1711.0718 1713.4238 1716.7125 1721.2218 1726.9637 1732.8501 1738.2518 1742.1379 1760.4370 1766.3656 1781.4315 1801.4398 1823.0421 1840.5974 1852.8403 1860.7188 1866.6289 1907.9238 1926.0513 1942.2844 1957.2310 1971.1956 1985.1801 2001.8149 2020.5247 2038.5638 2055.8950 2072.6577 2086.5872 2099.7583 2113.9827 2127.0125 2127.1179 2126.8660 2125.7749 2123.9648 2121.9846 2118.8857 2113.1936 2106.7361 2100.2217 2093.4226 2086.8826 2084.2319 2082.5474 2081.5164 2080.5771 2078.8623 2077.7527 2078.3699 2080.6411 2081.6511 2080.9136 2079.8806 2078.5896 2077.5554 2075.4712 2073.2261 2072.7004
1722.6738 1726.0065 1730.3215 1735.7922 1742.2303 1748.9846 1755.8076 1763.1064 1776.4242 1782.3981 1794.3821 1811.7286 1830.9758 1847.0765 1859.7146 1869.8516 1885.0292 1916.4948 1934.6499 1950.2692 1964.7067 1978.5404 1992.6346 2008.8711 2026.4700 2044.1263 2061.2920 2076.6323 2086.5081 2095.1548 2106.6804 2121.4817 2122.1726 2120.3601 2117.5654 2113.8193 2108.1477 2101.5386 2097.9514 2096.5562 2092.4534 2087.5071 2085.6604 2083.7554 2081.5845 2080.0681 2078.9634 2078.0547 2078.6506 2081.4448 2083.6941 2084.0242 2082.8774 2080.9390 2078.1011 2072.7244 2067.0193 2061.8879 2059.6267
1733.8464 1738.1388 1743.5325 1750.2903 1757.7351 1765.4193 1773.8979 1784.2772 1795.1099 1798.4150 1806.5060 1821.1556 1839.6974 1855.1796 1866.5322 1878.9384 1906.2419 1929.3885 1945.5808 1959.8500 1973.0717 1985.9623 1999.7633 2016.0308 2033.6355 2051.0486 2067.6943 2080.2820 2086.0222 2090.3069 2097.9297 2111.0586 2114.8428 2113.0247 2110.5923 2107.6487 2101.7581 2088.4517 2088.0090 2089.2444 2085.6428 2083.6653 2084.8350 2083.4812 2081.2148 2079.2471 2080.6414 2079.3892 2080.8440 2084.6731 2086.8984 2086.9592 2085.0652 2081.8594 2076.9409 2069.0073 2060.1562 2050.8196 2041.1696
1744.2926 1749.7793 1756.9266 1764.7144 1773.0270 1782.4250 1795.4574 1798.7670 1813.8853 1814.6774 1821.3508 1829.5575 1848.2145 1866.8510 1869.0872 1883.5015 1916.5446 1938.6313 1958.8560 1970.4845 1980.8413 1992.5336 2006.1763 2022.8810 2041.0624 2058.2100 2074.1260 2085.5520 2085.0757 2082.7046 2085.9487 2094.2805 2103.5974 2105.6724 2105.4062 2105.3804 2102.9482 2090.9075 2088.0898 2089.1245 2087.6472 2088.1631 2086.2056 2085.2422 2083.7112 2085.0269 2086.9570 2083.5115 2083.4404 2088.8721 2091.0500 2090.4924 2087.4653 2083.1638 2075.9158 2065.2354 2054.3728 2042.6158 2028.4296
1759.8942 1769.8458 1778.9623 1787.6686 1796.1350 1805.9875 1815.0007 1822.9268 1832.0076 1839.5155 1846.0117 1854.2312 1868.5741 1881.1155 1889.8082 1901.5824 1918.8977 1936.5269 1963.5249 1976.5626 1987.5907 1999.8802 2013.4757 2030.3105 2048.1877 2063.4998 2077.9104 2090.5225 2084.2065 2072.7603 2070.4417 2076.8484 2088.4827 2096.1799 2103.3926 2107.9761 2112.2483 2114.6060 2105.5813 2105.8645 2108.4397 2101.5027 2095.0437 2090.4268 2087.6360 2090.5198 2094.0735 2096.3816 2098.2334 2095.9189 2097.1711 2093.8533 2090.3511 2084.1399 2074.6736 2063.1582 2051.4658 2038.6079 2021.4277
1797.3427 1802.3613 1808.1757 1814.5873 1821.0035 1828.9059 1836.7699 1844.5475 1854.5881 1865.6029 1870.4834 1877.5420 1889.2749 1902.3069 1914.3811 1926.8146 1939.4413 1949.1488 1970.1173 1984.1116 1996.0961 2008.1318 2021.8781 2037.3783 2051.5696 2064.6038 2076.9224 2083.8198 2084.0242 2082.4282 2082.6243 2083.9980 2084.6589 2101.5273 2110.3672 2117.0896 2121.7546 2122.4475 2124.0269 2124.5518 2118.8347 2110.5898 2103.6616 2099.5190 2098.1055 2098.3718 2099.6299 2100.7383 2102.0151 2101.5459 2099.2192 2094.9016 2089.5913 2083.2617 2075.6787 2066.7056 2056.3145 2043.8693 2026.6338
1833.4470 1835.0695 1837.9614 1841.6760 1845.2649 1851.8378 1858.6150 1865.2410 1874.9763 1883.9983 1889.3156 1898.4495 1910.8884 1925.0634 1938.6135 1952.3136 1965.3910 1970.2794 1981.1509 1993.5703 2005.1108 2016.6379 2029.6195 2042.7543 2054.4272 2065.6360 2076.0771 2082.5247 2087.8594 2093.0354 2098.1760 2102.2671 2101.3325 2112.0596 2121.2683 2129.3193 2136.0354 2140.9983 2146.2158 2137.9480 2127.9297 2119.5986 2112.9285 2109.1023 2107.8970 2107.6292 2107.2981 2106.9407 2106.5010 2104.3865 2100.8145 2095.3555 2089.9028 2083.9006 2077.2168 2069.5571 2060.9233 2050.6130 2037.9874
1854.7600 1858.1982 1861.3542 1865.2108 1870.0010 1875.4174 1881.3717 1886.6653 1888.1597 1882.2057 1902.1876 1920.4194 1934.2104 1946.4419 1958.2729 1970.6443 1984.1488 1991.1664 1993.9683 2004.3229 2014.9934 2025.5275 2036.6989 2047.3181 2056.8267 2066.4033 2076.0408 2083.4709 2093.5828 2105.6487 2117.3438 2126.0366 2122.2742 2125.0999 2134.2693 2143.2957 2152.6370 2165.8997 2166.3359 2148.9424 2136.1426 2127.7087 2121.5603 2118.2810 2117.2769 2116.6250 2115.2786 2113.5168 2111.3237 2107.5444 2101.8789 2095.9412 2090.5781 2085.1321 2079.3982 2072.9932 2065.9297 2057.8108 2048.0005
1876.7910 1879.8920 1883.9719 1888.4773 1893.3375 1898.5044 1904.1287 1910.1263 1914.7991 1908.9644 1930.9647 1943.9716 1954.6873 1965.2664 1975.4972 1985.3633 1994.5446 2002.4712 2005.5394 2015.8748 2025.9968 2035.8932 2044.7024 2052.4988 2060.6467 2068.5527 2076.2739 2084.3374 2101.2314 2122.6267 2142.8113 2158.4990 2162.0022 2147.1587 2150.1626 2156.9180 2166.7944 2182.0759 2178.1226 2156.2441 2142.0486 2134.0896 2129.2856 2127.2434 2126.6670 2125.3896 2122.6348 2119.2627 2115.9236 2112.0320 2102.8640 2096.1802 2091.1536 2086.5657 2081.9690 2076.9866 2071.5081 2065.1843 2057.3450
1898.1869 1902.0338 1906.4319 1911.0752 1915.9413 1921.0378 1926.5063 1932.5261 1939.7302 1945.3334 1956.5143 1965.0190 1974.5214 1983.8873 1992.8253 2001.1553 2008.7303 2015.0929 2019.6199 2028.0109 2038.1721 2046.9934 2054.1433 2061.0857 2068.3540 2075.6921 2082.8267 2091.8171 2115.3767 2141.2568 2167.1333 2198.2473 2204.0498 2183.6296 2169.3574 2169.1538 2173.1433 2170.8369 2164.6887 2156.6111 2144.0476 2138.5884 2136.4148 2136.4082 2136.4241 2134.0479 2129.0291 2123.3345 2117.6099 2115.8455 2103.1370 2095.1750 2091.0059 2087.8401 2084.8342 2081.5144 2077.7246 2072.4602 2065.6677
1920.3345 1924.3367 1928.7056 1933.3580 1938.2335 1943.3062 1948.7786 1954.8385 1961.8154 1974.0649 1977.8317 1985.7805 1994.2704 2002.7296 2010.8093 2018.2789 2024.9172 2030.3672 2033.9382 2040.5219 2050.1816 2056.7449 2063.5403 2070.6418 2078.0178 2086.0186 2095.5188 2109.1941 2128.2361 2151.2573 2172.6230 2191.8193 2206.7556 2209.1282 2182.4607 2168.3208 2161.2246 2155.3147 2149.3049 2144.3545 2141.6340 2142.2043 2142.7871 2144.3701 2146.5732 2141.8218 2132.4719 2123.4990 2115.4553 2110.3076 2101.1934 2091.5950 2088.7832 2088.4438 2088.3101 2087.5088 2085.3735 2079.9041 2072.6418
