Output/test3_slope_out.asc
ncols            96
nrows            91
xllcorner     557974.631687                                 
yllcorner     5111446.1291019                               
cellsize       100.0000
NODATA_value  -9999.0000
 -9999.0000 -9999.0000 -9999.0000 -9999.0000 -9999.0000 -9999.0000 -9999.0000 -9999.0000 -9999.0000 -9999.0000 -9999.0000 -9999.0000 -9999.0000 -9999.0000 -9999.0000 -9999.0000 -9999.0000 -9999.0000 -9999.0000 -9999.0000 -9999.0000 -9999.0000 -9999.0000 -9999.0000 -9999.0000 -9999.0000 -9999.0000 -9999.0000 -9999.0000 -9999.0000 -9999.0000 -9999.0000 -9999.0000 -9999.0000 -9999.0000 -9999.0000 -9999.0000 -9999.0000 -9999.0000 -9999.0000 -9999.0000 -9999.0000 -9999.0000 -9999.0000 -9999.0000 -9999.0000 -9999.0000 -9999.0000 -9999.0000 -9999.0000 -9999.0000 -9999.0000 -9999.0000 -9999.0000 -9999.0000 -9999.0000 -9999.0000 -9999.0000 -9999.0000 -9999.0000 -9999.0000 -9999.0000 -9999.0000 -9999.0000 -9999.0000 -9999.0000 -9999.0000 -9999.0000 -9999.0000 -9999.0000 -9999.0000 -9999.0000 -9999.0000 -9999.0000 -9999.0000 -9999.0000 -9999.0000 -9999.0000 -9999.0000 -9999.0000 -9999.0000 -9999.0000 -9999.0000 -9999.0000 -9999.0000 -9999.0000 -9999.0000 -9999.0000 -9999.0000 -9999.0000 -9999.0000 -9999.0000 -9999.0000 -9999.0000 -9999.0000 -9999.0000
 -9999.0000    14.1505    16.7834     6.5001     7.1903     5.9418     5.4853     6.1714     7.1530     6.8537     6.4091     6.7700     6.9840     7.0675    10.7199    18.0707    24.5090    29.7138    25.4960     2.8746    20.4912    22.0754    23.9099     9.7474     7.2688    14.7601    15.7773     7.3593     7.7968    10.9191    16.4470    20.5476    10.6599    12.1739    10.1055    10.0895     8.5492     8.7673     9.7876    10.4447    10.8587    11.2836    10.5975    10.5791    11.6304    11.2798    10.0971     8.9035     9.1315     8.1629     8.5709     8.0390     7.8377     8.7689     9.3568     9.4185     8.5802     8.8157     8.7565     7.6443     7.9862     8.5442     7.9316     7.7771     6.7002     6.0718     5.9931     6.1014     8.3904    11.0029    12.0870     7.4305     4.3806    14.9087    27.6803    18.4576    21.2304    25.4048    24.2605    25.5904    31.8245    31.6705    32.4868    35.5855    34.9816    33.5802    31.2175    27.6442    28.1238    30.9075    33.9322    33.0456    29.3667    26.6900 -9999.0000 -9999.0000
 -9999.0000     8.5312    18.4327     9.8247     7.7790     7.8499     7.8003     7.1571     6.6607     6.1998     7.1095     8.2919     7.3410     5.1116     9.2450    17.8124    23.5909    28.6970    26.4336     5.0999    24.8372    18.8617    16.9171     8.6948     7.3627    15.7709    16.4668     7.6958     7.1750     7.6138     9.8594    20.2459    11.7032    10.5766     8.9493     9.5295     8.8616     9.3775    10.8395    11.9009    11.7784    11.4881    11.3565    11.8292    11.8891    10.7754     9.2071     8.1088     9.0569     7.8901     7.1412     6.7030     6.2239     6.3577     8.6067     7.8753     7.8312     8.4919     7.9563     7.5193     7.4074     7.5473     6.9537     6.7720     5.8600     4.6134     3.8056     4.2936     5.0205     5.9996    10.8808     9.8112     5.2640     5.5578    20.0317    17.1861    19.3299    27.4873    22.4366    27.4374    31.7329    30.7968    28.3880    34.0010    34.9891    32.7582    28.2198    27.3078    30.9746    33.3173    31.7557    24.7487    19.5591    19.0450 -9999.0000 -9999.0000
 -9999.0000     5.7860    15.0254    15.1979     4.0596     7.1526     7.1767     6.7540     5.0865     4.5167     6.2560     6.2006     5.5343     6.5890    10.8785    18.2682    24.5884    29.4789    25.5268     7.0666    23.8446    18.4096    21.3930    16.2998     9.8996    19.3045    16.3023     9.7576     8.2847     6.1550     5.6486    16.0896    10.8221     9.4464     9.2850    10.2107    10.1560    10.9288    12.3799    12.9867    13.4083    13.7407    12.7869    11.7163    11.0287    10.6846    10.0929     9.1016     9.1618     7.5268     7.6871     9.1553    10.1926     9.5414     9.7085     8.5876     8.0773     7.6641     8.7122     8.9782     8.4830     8.7503     7.4829     6.5598     6.3948     6.5012     5.6404     5.6800     6.0230     6.9435    11.7131     9.5634     4.7801     2.6444    12.1018    17.0637    13.7138    30.5254    20.7930    23.6095    28.7122    30.0109    26.7357    28.1377    33.2242    35.8845    35.6971    33.3780    31.9622    31.8703    27.9042    19.2246    14.1822    10.1100 -9999.0000 -9999.0000
 -9999.0000     7.7554     7.4645    14.4709    11.7485     5.1804     7.5523     8.5262     8.4463     7.4759     7.3484     5.3660     4.9446     7.3248    11.6408    17.7621    25.4365    28.4851    21.1837     6.0346    18.0533    15.7908    21.7199    23.2002    18.7187    22.3273    14.0028     9.8902     7.9620     5.8748     5.2999    11.8312    10.2102    10.5845     9.6915     9.1172     9.8800    10.3305    11.2386    11.3591    11.7661    11.9358    11.7978    11.8590    11.1697    10.8552    10.7510     9.8592    10.4301    10.6407    11.4685    11.1250    12.2463    12.1062     8.6309     8.0814     8.9079     8.4612     9.3494     8.7226     8.5263     8.9296     7.8058     6.3483     6.2400     7.2609     6.0369     5.7516     5.8394     5.8433    11.5070     9.4566     5.5817     4.6075     6.0969    15.3602     3.0519    29.2707    30.7365    25.1794    21.4261    17.1922    13.4294    10.4226    12.0758    17.8461    26.4192    31.2119    28.6252    26.5288    21.9614    14.7245     9.1379     4.0622 -9999.0000 -9999.0000
 -9999.0000     8.9152    10.5783     5.9358    15.8429     9.4923     5.3018     5.4028     6.9598     7.1390     6.7849     6.5286     5.6957     9.1027    14.8512    18.0671    23.5381    21.8898    18.6700     9.0258     8.8582     7.3433    14.4282    21.3734    20.0511    15.5557     6.7719     9.4401     8.3315     6.9720     6.3426     9.5174     7.3788     7.7688     8.4802     9.6840    10.1706     9.6090    10.1878    10.7488    11.1540    11.0313    11.4231    12.3840    11.8997    11.4100    11.6568    11.1239    11.3478    11.3055    10.4446     8.9567     9.1015    10.0636     8.5255    10.3188    10.8769     9.9932     9.0789     7.8232     7.3309     7.1897     6.8421     6.0326     5.5635     6.6417     5.9337     5.0788     5.1434     5.4659    10.0934    11.1720    13.8466    12.7734     4.9933     8.2789     8.9746    16.5934    32.3987    29.7765    27.9548    25.1892    21.3943    21.7120    24.3859    24.7742    22.6114    19.7127    21.2225    21.7059    15.5583     7.9597     4.8399    12.6109 -9999.0000 -9999.0000
 -9999.0000    11.5393    12.4901    10.8568    12.6246    15.6448     4.9173     6.3064     7.5491     8.0694     7.5583     7.3787     6.1208     9.3309    15.3675    15.5935    13.6440    15.6102    22.0013    20.6287     9.1733     1.5273     8.3061    14.8042    13.1696     8.3009     4.5082    12.0838     8.9535     7.0177     5.9406     8.3678     6.5164     7.3253     9.4815    12.3429    12.4410    12.2518    13.0066    13.6857    14.0254    13.9373    13.7124    13.4186    12.7228    12.2096    11.8438    10.8799    10.2418     9.9218    10.0488     9.2662     8.7046    10.7806    12.4743    12.9860    11.6511    10.6784     9.3516     8.1058     5.9780     6.8544     7.4705     7.0194     6.2696     6.4098     6.4680     5.9439     6.1243     7.7711     8.9373    13.0353    14.2719    14.3428     8.9836     2.4876    11.0272     6.6629    27.3626    26.4562    27.0134    25.1907    20.9401    18.9990    23.9498    28.6769    28.8132    21.1827    13.3501    10.7333     3.8811     7.0534    12.4883    16.9884 -9999.0000 -9999.0000
