Output/test0_newDEM_out.asc
ncols           149
nrows           178
xllcorner    0.000000                                       
yllcorner    0.000000                                       
cellsize        20.0000
NODATA_value  -9999.0000
[rows 52 to 77 of 96, columns 59 to 117 of 149]
2168.2935 2144.5390 2109.1131 2067.8615 2034.6657 2006.6950 1982.5272 1961.3263 1942.5512 1925.8280 1910.8862 1897.5230 1885.5826 1874.9426 1865.5055 1857.1930 1849.9414 1843.6994 1838.4251 1834.0851 1830.6529 1828.1085 1826.4372 1825.6296 1825.6813 1826.5926 1828.3684 1829.0451 1823.4454 1812.3671 1805.1550 1799.5087 1794.2645 1789.1619 1788.6123 1780.2567 1774.1821 1771.0981 1768.5140 1766.5017 1765.8802 1766.6743 1766.3474 1758.6892 1753.7672 1753.1985 1755.2531 1759.2058 1764.5352 1769.2723 1771.2660 1771.6616 1771.7102 1772.3864 1774.8956 1779.1016 1784.8438 1793.0675 1803.7788
2158.7751 2135.9890 2094.4515 2055.7513 2024.0542 1997.0898 1973.6515 1953.0060 1934.6683 1918.2982 1903.6463 1890.5243 1878.7863 1868.3171 1859.0246 1850.8343 1843.6857 1837.5297 1832.3262 1828.0433 1824.6556 1822.1436 1820.4935 1819.6961 1819.7472 1820.6469 1822.4003 1825.0168 1826.4902 1826.6832 1820.1504 1814.9102 1809.8761 1803.8845 1795.7424 1782.4944 1774.2201 1769.5048 1765.3051 1761.0784 1757.3215 1752.8236 1750.4858 1748.3146 1744.6893 1745.5173 1749.9352 1756.7042 1765.7004 1773.8179 1778.4772 1780.7812 1781.3909 1782.8787 1786.6482 1792.8461 1800.4452 1812.4224 1825.7898
2169.9185 2122.8352 2082.7144 2045.8561 2015.2922 1989.1080 1966.2443 1946.0412 1928.0547 1911.9697 1897.5531 1884.6276 1873.0549 1862.7257 1853.5517 1845.4619 1838.3981 1832.3129 1827.1679 1822.9321 1819.5811 1817.0960 1815.4634 1814.6744 1814.7249 1815.6152 1817.3499 1819.9384 1823.3949 1825.5273 1834.1926 1831.7417 1825.0940 1815.0647 1801.9626 1781.9771 1773.3167 1765.7930 1762.4103 1755.3228 1741.9897 1730.6768 1730.4971 1734.0212 1734.1666 1735.0427 1742.4325 1754.3778 1767.0703 1778.3521 1787.3435 1791.3263 1790.4689 1791.3885 1798.3083 1808.4417 1816.1030 1831.2578 1844.3306
2161.8720 2118.2777 2073.4291 2037.9167 2008.2079 1982.6237 1960.2071 1940.3511 1922.6420 1906.7832 1892.5540 1879.7853 1868.3451 1858.1281 1849.0495 1841.0405 1834.0449 1828.0169 1822.9190 1818.7213 1815.3999 1812.9366 1811.3181 1810.5359 1810.5860 1811.4686 1813.1883 1815.7541 1819.1800 1823.4847 1827.0263 1823.4006 1815.5035 1804.4653 1792.8584 1777.4733 1768.1184 1760.6813 1758.3433 1749.1205 1734.0668 1724.5668 1719.6096 1722.4261 1731.2222 1734.8318 1745.7738 1760.6710 1775.6521 1789.3060 1802.5269 1808.4154 1809.2507 1811.4055 1821.3540 1830.9753 1838.3065 1850.3604 1863.9943
2159.2689 2109.3751 2066.2922 2031.7537 2002.6781 1977.5441 1955.4662 1935.8748 1918.3780 1902.6931 1888.6082 1875.9609 1864.6231 1854.4931 1845.4884 1837.5423 1830.5998 1824.6162 1819.5551 1815.3871 1812.0887 1809.6423 1808.0348 1807.2580 1807.3077 1808.1843 1809.8923 1812.4405 1815.8425 1820.0534 1811.8954 1803.8571 1795.3138 1784.5322 1772.3491 1761.4137 1757.4038 1755.2054 1754.5863 1752.2864 1747.5470 1744.0486 1744.9156 1750.6912 1756.7811 1761.7141 1771.1029 1785.1218 1800.2322 1814.9050 1828.1101 1835.9777 1838.6952 1842.8914 1849.9298 1857.2668 1864.3859 1873.4105 1885.9049
2155.6256 2102.9976 2061.1041 2027.2427 1998.6145 1973.8018 1951.9671 1932.5666 1915.2237 1899.6649 1885.6852 1873.1262 1861.8632 1851.7967 1842.8462 1834.9460 1828.0424 1822.0915 1817.0573 1812.9110 1809.6296 1807.1956 1805.5962 1804.8233 1804.8727 1805.7449 1807.4443 1809.9796 1813.5350 1804.1718 1793.1527 1784.8903 1776.1160 1764.9771 1751.6147 1744.8304 1747.3906 1748.7587 1752.9747 1757.6451 1760.0038 1763.1355 1771.6078 1783.3988 1784.5083 1787.6265 1796.0156 1809.5325 1825.0533 1840.5067 1854.1841 1863.8445 1868.1407 1872.7196 1878.8547 1884.3350 1888.8462 1895.7189 1907.0588
2152.5143 2098.8943 2057.7349 2024.3000 1995.9567 1971.3499 1949.6718 1930.3946 1913.1512 1897.6743 1883.7628 1871.2612 1860.0469 1850.0219 1841.1066 1833.2364 1826.3582 1820.4285 1815.4119 1811.2798 1808.0095 1805.5836 1803.9895 1803.2191 1803.2684 1804.1378 1805.8315 1808.7844 1801.7042 1786.2875 1773.3414 1766.0396 1757.8812 1746.6641 1738.3375 1737.8727 1738.1140 1742.5033 1751.1996 1764.1458 1774.1013 1779.3689 1794.6840 1816.7113 1810.5797 1811.9983 1819.9492 1833.3097 1850.0784 1866.4045 1881.0121 1891.6250 1898.9619 1900.9225 1909.4084 1911.8380 1911.7428 1914.9075 1917.7915
2150.4778 2096.9212 2056.1065 2022.8742 1994.6670 1970.1589 1948.5561 1929.3383 1912.1429 1896.7055 1882.8270 1870.3532 1859.1624 1849.1574 1840.2593 1832.4036 1825.5376 1819.6183 1814.6102 1810.4850 1807.2201 1804.7981 1803.2066 1802.4374 1802.4866 1803.3546 1805.0456 1805.4667 1782.1165 1775.5431 1772.7740 1769.9312 1766.1830 1760.2075 1753.9097 1745.1361 1735.6918 1754.9888 1773.2214 1785.1938 1793.8302 1801.9030 1813.0621 1830.6124 1837.2900 1838.8105 1848.0399 1862.0692 1874.9600 1887.1591 1897.7155 1906.6759 1913.6108 1920.0900 1924.6041 1927.0326 1925.9753 1923.4211 1920.3077
2148.0793 2097.0135 2056.1828 2022.9411 1994.7275 1970.2148 1948.6085 1929.3879 1912.1902 1896.7510 1882.8709 1870.3958 1859.2040 1849.1980 1840.2991 1832.4427 1825.5762 1819.6563 1814.6479 1810.5223 1807.2571 1804.8350 1803.2434 1802.4741 1802.3938 1803.3362 1804.9768 1777.1228 1774.3123 1776.4153 1779.1713 1780.5345 1780.9449 1779.4841 1777.1746 1774.9813 1767.7972 1787.6798 1800.4075 1809.1993 1818.0729 1827.5677 1837.5277 1850.1021 1862.9434 1867.6897 1879.1248 1888.0483 1897.3558 1905.7996 1913.0106 1919.7896 1926.5590 1931.2324 1934.2916 1936.0503 1936.7198 1935.3971 1931.9269
2143.7617 2099.1742 2057.9655 2024.5018 1996.1391 1971.5183 1949.8295 1930.5438 1913.2936 1897.8112 1883.8950 1871.3895 1860.1718 1850.1439 1841.2263 1833.3540 1826.4740 1820.5429 1815.5251 1811.3920 1808.1210 1805.6945 1804.3310 1799.7869 1789.8628 1779.1233 1767.6719 1762.1024 1772.3123 1780.9233 1787.4851 1792.1514 1795.5139 1797.4659 1798.4664 1801.1465 1808.1508 1820.4781 1825.6117 1834.1348 1844.2037 1854.6697 1865.0627 1874.4254 1878.7949 1898.7167 1905.7854 1912.0906 1918.3137 1923.9955 1929.0704 1934.2245 1939.1000 1942.8278 1945.0322 1946.6063 1947.5822 1947.8167 1947.3970
2139.0688 2103.4746 2061.4942 2027.5827 1998.9212 1974.0846 1952.2317 1932.8169 1915.4624 1899.8942 1885.9065 1873.3409 1862.0723 1852.0010 1843.0464 1835.1428 1828.2362 1822.2828 1817.2466 1813.0987 1810.6978 1791.7935 1789.0090 1781.4497 1773.6508 1763.5979 1749.1642 1759.0189 1775.3041 1787.9517 1797.3793 1804.6622 1810.4312 1814.7079 1818.2401 1823.5557 1833.3524 1844.6749 1848.9825 1859.2135 1870.7659 1882.6813 1894.3737 1905.1357 1916.5134 1929.3162 1931.8339 1935.1111 1938.6166 1941.9854 1945.2135 1948.7485 1952.0404 1954.7676 1956.3549 1957.6173 1958.7422 1959.8802 1961.6316
2124.7646 2104.9017 2066.8512 2032.2381 2003.1137 1977.9448 1955.8405 1936.2285 1918.7151 1903.0165 1888.9204 1876.2635 1864.9177 1854.7809 1845.7704 1837.8193 1830.8726 1824.8856 1819.8216 1814.8388 1804.5928 1782.0863 1776.2631 1771.1161 1766.5332 1761.3330 1757.7538 1764.6460 1781.9956 1796.8654 1808.7855 1818.2239 1825.7180 1831.4720 1836.5046 1842.7212 1851.2260 1859.4222 1869.4092 1883.6365 1897.7095 1911.4719 1924.9454 1937.9320 1954.4796 1959.9188 1957.3201 1957.2821 1958.3195 1959.6539 1961.1624 1963.2407 1965.2836 1966.9376 1967.8052 1968.6628 1969.7306 1971.2429 1974.1161
2104.1658 2108.0329 2074.1716 2038.5550 2008.7791 1983.1475 1960.6954 1940.8118 1923.0805 1907.2036 1892.9593 1880.1782 1868.7273 1858.5012 1849.4150 1841.3995 1834.3984 1828.3658 1824.9895 1813.2637 1792.0916 1775.4667 1771.6156 1767.7532 1767.0897 1767.0410 1767.2394 1770.8374 1791.2809 1807.5714 1821.7914 1832.8701 1841.3646 1847.6814 1853.2565 1858.9783 1865.0007 1868.8251 1890.7159 1909.9506 1926.5421 1942.1135 1956.4482 1969.9818 1983.8629 1986.0784 1981.0061 1978.2108 1977.1487 1976.8013 1976.8599 1977.6981 1978.6633 1979.0735 1979.0739 1979.3301 1979.9583 1981.1718 1983.9708
2083.7153 2088.3767 2074.9798 2046.6617 2016.0083 1989.7620 1966.8523 1946.6135 1928.5987 1912.4906 1898.0549 1885.1134 1873.5273 1863.1867 1854.0031 1845.9051 1838.8343 1834.6255 1821.5349 1799.4664 1780.0947 1769.9113 1763.3693 1765.1774 1771.5468 1775.2917 1779.5422 1791.2957 1804.3243 1818.9658 1834.3016 1849.2043 1857.8923 1863.3733 1868.0854 1874.1150 1881.7019 1888.0900 1918.2686 1940.7163 1958.2185 1974.6473 1988.8179 1999.0978 2004.2915 2009.2058 2001.1326 1997.0066 1994.8531 1993.5415 1992.5488 1992.1462 1992.0099 1991.0337 1989.9618 1989.1541 1988.7277 1989.0627 1991.1733
2064.1982 2070.4419 2067.2241 2042.5329 2024.9286 1997.8839 1974.3869 1953.6965 1935.3233 1918.9243 1904.2488 1891.1070 1879.3525 1870.0858 1858.4087 1850.2287 1842.7555 1830.1743 1806.2759 1784.8066 1769.8607 1767.8899 1761.6251 1771.1365 1782.9987 1791.0525 1804.7964 1822.7880 1835.5245 1842.4952 1854.7010 1871.7059 1881.7676 1886.4270 1892.3411 1902.4977 1911.7969 1919.6797 1949.5348 1970.3149 1989.6111 2008.7936 2017.0194 2016.5420 2016.8644 2016.8966 2016.3394 2013.0006 2010.8993 2010.1504 2008.2086 2006.0934 2004.5710 2002.9905 1999.8982 1997.1450 1995.1672 1994.2756 1994.3861
2057.7327 2059.0576 2058.7454 2058.1885 2023.2519 2007.6425 1983.4004 1962.1433 1951.9255 1925.7294 1909.7166 1890.0242 1879.6312 1853.3311 1832.7776 1826.4071 1817.2373 1800.5604 1781.1927 1768.8025 1767.2421 1772.5736 1778.9535 1796.3552 1806.2671 1827.9844 1835.9067 1847.2156 1852.0573 1867.1138 1884.2031 1898.5027 1910.5359 1918.8789 1928.9115 1940.6661 1949.0343 1956.8632 1973.2168 1994.1251 2011.2880 2025.1221 2026.2750 2024.8840 2023.7957 2022.6077 2020.0953 2018.8699 2017.6730 2016.3912 2014.4795 2012.1066 2009.3909 2006.5150 2003.8661 2001.1360 1998.3429 1996.1895 1995.4611
2050.8403 2047.4246 2043.4156 2044.1681 2034.4312 2016.6437 1992.9190 1970.1265 1941.8920 1910.4067 1887.3267 1869.2307 1848.9280 1817.2191 1814.0603 1807.5496 1795.7775 1786.4662 1780.0940 1778.3243 1781.5259 1790.2665 1803.8359 1819.3826 1831.9149 1853.0320 1857.2451 1861.3113 1874.1486 1896.5011 1913.7532 1927.1295 1939.5468 1951.1489 1965.7527 1980.0399 1987.4061 1993.8335 2005.9907 2016.5519 2025.4923 2031.9534 2032.3680 2030.7175 2029.4862 2027.1417 2022.8197 2020.6467 2019.3103 2017.8593 2016.0836 2013.4025 2009.9165 2006.6962 2004.5372 2002.4066 2000.1177 1997.9768 1996.4944
2041.2936 2031.3394 2027.2590 2021.5479 2011.9700 2001.3375 1982.0726 1956.3240 1927.0911 1899.7152 1876.6187 1856.4531 1837.9608 1819.0764 1804.7834 1796.8629 1792.7794 1790.9951 1790.8865 1793.6183 1801.1194 1811.3616 1824.6803 1840.5939 1859.9189 1876.6410 1880.9622 1892.4261 1910.6573 1930.0647 1944.9336 1956.2566 1967.0032 1979.2255 1992.8190 2006.4995 2016.9825 2024.0898 2033.2441 2037.7831 2037.8689 2039.8511 2039.1044 2035.8746 2035.4166 2030.5920 2023.8389 2021.0449 2020.7064 2019.3813 2017.6932 2014.6545 2010.1750 2006.2427 2005.0857 2003.7742 2001.8995 1999.8860 1997.4742
2039.8840 2024.1017 2005.7990 1990.5518 1991.2670 1979.0109 1960.2076 1936.8052 1909.6892 1886.6377 1864.0188 1844.3779 1826.7443 1810.7666 1796.0099 1791.3722 1793.5940 1796.9946 1801.6896 1808.3353 1818.2726 1830.2075 1843.6588 1859.5488 1877.1243 1894.1614 1907.6388 1925.8634 1946.7440 1963.5016 1973.5468 1982.5330 1992.6957 2003.7810 2014.8010 2026.0121 2036.8370 2045.9473 2054.2759 2060.0806 2062.4805 2059.9739 2055.6045 2051.1838 2046.4319 2040.9111 2034.2776 2027.4514 2021.7058 2021.5159 2018.6842 2014.1394 2009.9561 2006.8856 2005.4796 2004.5044 2003.2091 2001.3820 1999.0865
2042.1698 2022.9739 2000.8049 1970.4813 1973.6888 1960.6899 1941.8605 1919.2341 1895.4412 1872.1118 1850.3903 1831.4335 1814.8903 1800.3408 1786.9800 1787.2185 1795.2727 1803.5323 1812.4768 1822.4711 1834.4697 1847.5941 1861.5543 1877.3555 1894.2184 1911.6296 1934.1067 1957.7743 1982.3612 1992.5126 1998.8778 2007.0885 2016.8252 2026.8463 2036.7866 2046.7852 2057.0127 2066.4849 2075.4587 2086.3765 2083.2771 2077.2842 2071.5483 2065.5691 2059.3672 2052.7285 2045.3143 2037.1289 2029.2932 2024.0723 2017.9785 2014.1960 2010.8408 2008.1527 2006.2854 2005.0990 2003.9492 2002.4170 2001.3483
2046.7971 2025.5538 2001.8153 1974.2050 1963.3032 1947.2032 1926.4076 1903.1056 1879.4005 1856.7007 1835.8898 1817.9957 1803.0015 1790.4751 1780.5891 1782.8766 1797.4882 1810.4701 1823.3925 1836.6982 1850.4972 1864.4247 1878.7203 1894.2469 1911.1575 1930.0328 1954.6537 1980.5498 2000.9658 2013.4808 2021.2941 2030.0496 2039.6864 2049.2026 2058.5796 2067.8840 2077.3745 2086.3582 2094.8855 2105.4268 2100.4788 2093.0293 2086.4209 2079.6558 2072.5520 2064.7927 2056.0649 2046.4097 2036.0763 2023.5161 2017.4449 2014.9965 2012.0684 2009.3601 2007.2075 2005.8160 2004.7838 2003.5748 2004.6183
2052.3462 2029.5155 2005.8458 1983.3488 1963.1875 1937.6783 1912.6028 1887.4893 1863.0625 1840.5319 1820.6718 1803.9469 1791.1838 1781.5593 1776.8024 1781.5763 1799.7358 1817.5408 1834.4419 1851.3875 1867.3472 1881.3899 1895.3978 1910.2494 1927.3710 1949.2069 1976.3390 1998.5010 2011.9496 2030.1166 2042.1057 2051.9880 2061.8416 2071.2886 2080.2156 2088.9202 2097.7080 2105.6116 2112.8347 2120.0256 2114.3518 2107.4634 2100.8652 2093.6624 2085.8452 2077.0029 2066.9329 2055.6162 2042.7148 2025.7180 2018.1870 2016.6550 2013.7433 2010.7186 2008.0802 2006.5256 2005.6577 2004.7607 2007.1383
2057.8223 2033.6774 2014.5577 1993.6663 1980.8889 1931.6089 1897.0912 1870.8879 1846.8705 1823.4501 1804.1169 1789.2853 1780.1809 1776.8547 1779.2222 1789.9304 1803.1871 1824.0024 1844.7032 1866.6250 1885.1591 1899.5337 1910.2581 1924.7349 1941.8479 1969.8804 2002.4534 2018.5172 2025.5359 2045.0765 2063.0923 2074.0334 2084.0723 2093.4634 2101.7312 2109.9563 2117.7109 2123.9155 2128.9001 2129.1199 2126.2029 2121.6365 2115.4365 2107.9561 2099.3237 2089.4014 2077.9646 2064.6206 2048.7261 2030.7479 2022.9204 2020.2961 2016.5991 2012.3237 2008.6035 2007.1089 2006.4688 2005.9901 2005.8700
2059.3376 2031.1781 2010.3512 1984.7407 1950.7505 1907.9270 1878.7950 1852.6737 1828.8110 1800.3898 1789.6527 1785.9590 1782.3217 1783.8113 1792.0017 1805.3408 1824.6571 1840.2280 1859.6576 1879.6041 1900.8925 1919.8286 1934.4308 1945.5638 1960.1666 1991.8390 2018.6854 2036.4885 2059.5442 2076.9636 2084.5820 2098.4539 2107.2910 2114.8672 2124.1116 2130.9441 2136.6785 2141.2554 2142.4226 2138.3264 2136.0393 2135.4619 2131.0063 2123.1860 2112.7673 2102.0623 2089.4421 2072.6191 2052.0576 2035.5592 2027.2211 2027.0319 2020.8942 2014.6354 2009.4188 2007.2610 2006.8904 2006.6302 2006.1129
2044.0116 2017.6458 1991.7756 1963.3861 1929.2931 1889.3256 1865.9406 1835.6727 1809.8237 1803.8053 1794.3419 1788.8939 1787.6261 1792.8800 1804.3668 1818.3466 1833.5978 1855.8457 1875.2147 1894.9899 1918.2733 1941.2257 1958.2716 1968.9432 1981.0142 2004.4076 2029.2631 2047.7633 2066.7415 2094.2251 2109.1409 2119.0957 2126.5134 2133.1189 2141.9697 2147.6189 2151.2485 2154.4893 2153.3794 2151.4565 2146.4033 2149.0989 2144.1316 2132.3352 2120.8030 2110.1489 2096.5881 2077.3799 2057.9949 2042.0752 2031.3835 2025.9023 2021.3367 2016.6799 2011.3386 2007.8428 2006.6212 2006.3942 2007.4745
2027.6309 2002.4558 1975.1235 1945.8215 1914.0659 1884.0157 1860.0056 1820.8240 1790.5155 1796.6903 1796.4874 1791.2504 1790.3413 1800.6273 1816.4471 1830.7495 1847.1439 1874.2593 1892.3976 1909.0803 1936.5743 1965.2102 1984.1226 1993.2482 1999.1448 2020.6429 2044.6292 2064.3293 2085.1572 2111.0212 2132.2217 2138.1033 2143.6646 2149.1912 2155.5166 2160.2139 2163.4072 2164.7764 2164.5312 2163.1589 2162.5056 2164.2002 2150.1714 2136.3091 2124.7749 2114.3088 2100.9590 2083.3088 2065.3860 2049.8506 2038.2262 2030.2898 2025.4320 2019.8102 2012.4713 2007.7997 2006.3430 2006.2208 2006.5033
