Output/test_slope_out.asc
ncols            97
nrows            97
xllcorner           0.0000                                  
yllcorner           0.0000                                  
cellsize        43.3014
NODATA_value  -9999.0000
[rows 30 to 59 of 97, columns 0 to 66 of 97]
-9999.0000 0.0000 0.0000 0.0000 0.0000 0.0000 0.0000 0.0000 0.0000 0.0000 0.0000 1.0989 11.6558 25.4867 29.9972 29.9971 29.9970 29.9969 29.9968 29.9967 29.9966 29.9965 29.9964 29.9963 29.9962 29.9961 29.9959 29.9958 29.9956 29.9954 29.9951 29.9948 29.9945 29.9941 29.9936 29.9930 29.9923 29.9915 29.9906 29.9895 29.9883 29.9871 29.9858 29.9845 29.9833 29.9823 29.9815 29.9809 29.9808 29.9809 29.9815 29.9823 29.9833 29.9845 29.9858 29.9871 29.9883 29.9895 29.9906 29.9915 29.9923 29.9930 29.9936 29.9941 29.9945 29.9948 29.9951
-9999.0000 0.0000 0.0000 0.0000 0.0000 0.0000 0.0000 0.0000 0.0000 0.0000 0.0000 4.7520 19.1530 28.9561 29.9970 29.9969 29.9968 29.9967 29.9966 29.9965 29.9964 29.9963 29.9962 29.9961 29.9959 29.9958 29.9957 29.9955 29.9953 29.9951 29.9948 29.9946 29.9942 29.9938 29.9933 29.9927 29.9920 29.9911 29.9901 29.9889 29.9876 29.9861 29.9846 29.9831 29.9816 29.9803 29.9793 29.9787 29.9784 29.9787 29.9793 29.9803 29.9816 29.9831 29.9846 29.9861 29.9876 29.9889 29.9901 29.9911 29.9920 29.9927 29.9933 29.9938 29.9942 29.9946 29.9948
-9999.0000 0.0000 0.0000 0.0000 0.0000 0.0000 0.0000 0.0000 0.0000 0.0000 0.4390 10.5593 25.0723 29.9969 29.9968 29.9967 29.9966 29.9965 29.9964 29.9963 29.9962 29.9961 29.9959 29.9958 29.9956 29.9955 29.9953 29.9952 29.9950 29.9948 29.9945 29.9942 29.9939 29.9934 29.9929 29.9923 29.9916 29.9906 29.9895 29.9882 29.9867 29.9851 29.9833 29.9814 29.9796 29.9780 29.9768 29.9760 29.9757 29.9760 29.9768 29.9780 29.9796 29.9814 29.9833 29.9851 29.9867 29.9882 29.9895 29.9906 29.9916 29.9923 29.9929 29.9934 29.9939 29.9942 29.9945
-9999.0000 0.0000 0.0000 0.0000 0.0000 0.0000 0.0000 0.0000 0.0000 0.0000 3.0405 17.2643 28.7242 29.9968 29.9967 29.9965 29.9964 29.9963 29.9962 29.9960 29.9959 29.9958 29.9956 29.9955 29.9953 29.9951 29.9950 29.9948 29.9946 29.9943 29.9941 29.9938 29.9934 29.9930 29.9925 29.9919 29.9911 29.9901 29.9890 29.9875 29.9859 29.9839 29.9818 29.9796 29.9774 29.9753 29.9737 29.9727 29.9723 29.9727 29.9737 29.9753 29.9774 29.9796 29.9818 29.9839 29.9859 29.9875 29.9890 29.9901 29.9911 29.9919 29.9925 29.9930 29.9934 29.9938 29.9941
-9999.0000 0.0000 0.0000 0.0000 0.0000 0.0000 0.0000 0.0000 0.0000 0.0000 7.7108 22.9778 29.9967 29.9966 29.9965 29.9963 29.9962 29.9961 29.9959 29.9958 29.9956 29.9955 29.9953 29.9951 29.9949 29.9947 29.9945 29.9943 29.9941 29.9939 29.9936 29.9933 29.9929 29.9925 29.9920 29.9914 29.9906 29.9896 29.9883 29.9868 29.9849 29.9827 29.9802 29.9775 29.9747 29.9722 29.9701 29.9687 29.9682 29.9687 29.9701 29.9722 29.9747 29.9775 29.9802 29.9827 29.9849 29.9868 29.9883 29.9896 29.9906 29.9914 29.9920 29.9925 29.9929 29.9933 29.9936
-9999.0000 0.0000 0.0000 0.0000 0.0000 0.0000 0.0000 0.0000 0.0000 0.8787 13.2149 27.0063 29.9966 29.9964 29.9963 29.9961 29.9960 29.9958 29.9957 29.9955 29.9953 29.9951 29.9949 29.9947 29.9945 29.9943 29.9941 29.9938 29.9936 29.9933 29.9930 29.9927 29.9923 29.9919 29.9914 29.9907 29.9899 29.9889 29.9876 29.9860 29.9839 29.9814 29.9784 29.9751 29.9717 29.9684 29.9656 29.9638 29.9632 29.9638 29.9656 29.9684 29.9717 29.9751 29.9784 29.9814 29.9839 29.9860 29.9876 29.9889 29.9899 29.9907 29.9914 29.9919 29.9923 29.9927 29.9930
-9999.0000 0.0000 0.0000 0.0000 0.0000 0.0000 0.0000 0.0000 0.0000 3.5569 18.4981 29.3611 29.9964 29.9962 29.9961 29.9959 29.9958 29.9956 29.9954 29.9952 29.9950 29.9948 29.9946 29.9943 29.9941 29.9938 29.9935 29.9933 29.9930 29.9926 29.9923 29.9920 29.9916 29.9911 29.9906 29.9899 29.9892 29.9881 29.9868 29.9851 29.9828 29.9799 29.9765 29.9724 29.9681 29.9638 29.9601 29.9576 29.9568 29.9576 29.9601 29.9638 29.9681 29.9724 29.9765 29.9799 29.9828 29.9851 29.9868 29.9881 29.9892 29.9899 29.9906 29.9911 29.9916 29.9920 29.9923
-9999.0000 0.0000 0.0000 0.0000 0.0000 0.0000 0.0000 0.0000 0.0000 7.4957 22.7914 29.9964 29.9962 29.9961 29.9959 29.9957 29.9955 29.9953 29.9951 29.9949 29.9947 29.9944 29.9941 29.9939 29.9936 29.9933 29.9930 29.9926 29.9923 29.9919 29.9915 29.9911 29.9906 29.9901 29.9896 29.9889 29.9881 29.9871 29.9858 29.9840 29.9816 29.9784 29.9743 29.9695 29.9639 29.9583 29.9533 29.9498 29.9485 29.9498 29.9533 29.9583 29.9639 29.9695 29.9743 29.9784 29.9816 29.9840 29.9858 29.9871 29.9881 29.9889 29.9896 29.9901 29.9906 29.9911 29.9915
-9999.0000 0.0000 0.0000 0.0000 0.0000 0.0000 0.0000 0.0000 0.0000 11.6106 26.2757 29.9962 29.9961 29.9959 29.9957 29.9955 29.9953 29.9951 29.9948 29.9946 29.9943 29.9940 29.9937 29.9934 29.9931 29.9927 29.9923 29.9919 29.9915 29.9910 29.9906 29.9901 29.9895 29.9890 29.9883 29.9876 29.9868 29.9858 29.9844 29.9826 29.9801 29.9766 29.9720 29.9661 29.9591 29.9515 29.9445 29.9395 29.9377 29.9395 29.9445 29.9515 29.9591 29.9661 29.9720 29.9766 29.9801 29.9826 29.9844 29.9858 29.9868 29.9876 29.9883 29.9890 29.9895 29.9901 29.9906
-9999.0000 0.0000 0.0000 0.0000 0.0000 0.0000 0.0000 0.0000 1.0989 15.5758 28.8629 29.9961 29.9959 29.9957 29.9955 29.9953 29.9951 29.9948 29.9946 29.9943 29.9940 29.9936 29.9933 29.9929 29.9925 29.9921 29.9916 29.9912 29.9906 29.9901 29.9895 29.9889 29.9882 29.9875 29.9868 29.9860 29.9851 29.9840 29.9826 29.9808 29.9782 29.9746 29.9694 29.9624 29.9535 29.9432 29.9333 29.9258 29.9231 29.9258 29.9333 29.9432 29.9535 29.9624 29.9694 29.9746 29.9782 29.9808 29.9826 29.9840 29.9851 29.9860 29.9868 29.9875 29.9882 29.9889 29.9895
-9999.0000 0.0000 0.0000 0.0000 0.0000 0.0000 0.0000 0.0000 3.4761 19.0603 29.9043 29.9960 29.9958 29.9956 29.9953 29.9951 29.9949 29.9946 29.9943 29.9940 29.9936 29.9933 29.9929 29.9924 29.9920 29.9915 29.9909 29.9904 29.9897 29.9891 29.9883 29.9876 29.9867 29.9859 29.9849 29.9839 29.9828 29.9816 29.9801 29.9782 29.9757 29.9720 29.9664 29.9583 29.9470 29.9331 29.9185 29.9070 29.9026 29.9070 29.9185 29.9331 29.9470 29.9583 29.9664 29.9720 29.9757 29.9782 29.9801 29.9816 29.9828 29.9839 29.9849 29.9859 29.9867 29.9876 29.9883
-9999.0000 0.0000 0.0000 0.0000 0.0000 0.0000 0.0000 0.0000 6.2770 21.7278 29.9960 29.9958 29.9956 29.9954 29.9952 29.9949 29.9946 29.9943 29.9940 29.9937 29.9933 29.9929 29.9924 29.9920 29.9914 29.9909 29.9902 29.9895 29.9888 29.9880 29.9871 29.9861 29.9851 29.9839 29.9827 29.9814 29.9799 29.9784 29.9766 29.9746 29.9720 29.9682 29.9625 29.9535 29.9397 29.9207 29.8987 29.8800 29.8726 29.8800 29.8987 29.9207 29.9397 29.9535 29.9625 29.9682 29.9720 29.9746 29.9766 29.9784 29.9799 29.9814 29.9827 29.9839 29.9851 29.9861 29.9871
-9999.0000 0.0000 0.0000 0.0000 0.0000 0.0000 0.0000 0.0000 8.8658 23.9701 29.9959 29.9957 29.9955 29.9953 29.9950 29.9948 29.9945 29.9941 29.9938 29.9934 29.9930 29.9925 29.9920 29.9915 29.9909 29.9903 29.9895 29.9887 29.9878 29.9869 29.9858 29.9846 29.9833 29.9818 29.9802 29.9784 29.9765 29.9743 29.9720 29.9694 29.9664 29.9625 29.9568 29.9473 29.9312 29.9057 29.8719 29.8399 29.8263 29.8399 29.8719 29.9057 29.9312 29.9473 29.9568 29.9625 29.9664 29.9694 29.9720 29.9743 29.9765 29.9784 29.9802 29.9818 29.9833 29.9846 29.9858
-9999.0000 0.0000 0.0000 0.0000 0.0000 0.0000 0.0000 0.0000 11.0665 25.8335 29.9958 29.9956 29.9954 29.9952 29.9949 29.9946 29.9943 29.9939 29.9936 29.9932 29.9927 29.9922 29.9917 29.9911 29.9904 29.9897 29.9889 29.9880 29.9869 29.9858 29.9845 29.9831 29.9814 29.9796 29.9775 29.9751 29.9724 29.9695 29.9661 29.9624 29.9583 29.9535 29.9473 29.9377 29.9203 29.8878 29.8353 29.7766 29.7491 29.7766 29.8353 29.8878 29.9203 29.9377 29.9473 29.9535 29.9583 29.9624 29.9661 29.9695 29.9724 29.9751 29.9775 29.9796 29.9814 29.9831 29.9845
-9999.0000 0.0000 0.0000 0.0000 0.0000 0.0000 0.0000 0.0000 12.8585 27.3298 29.9958 29.9955 29.9953 29.9951 29.9948 29.9945 29.9941 29.9938 29.9934 29.9930 29.9925 29.9919 29.9914 29.9907 29.9900 29.9892 29.9883 29.9873 29.9861 29.9848 29.9833 29.9816 29.9796 29.9774 29.9747 29.9717 29.9681 29.9639 29.9591 29.9535 29.9470 29.9397 29.9312 29.9203 29.9026 29.8652 29.7861 29.6699 29.6060 29.6699 29.7861 29.8652 29.9026 29.9203 29.9312 29.9397 29.9470 29.9535 29.9591 29.9639 29.9681 29.9717 29.9747 29.9774 29.9796 29.9816 29.9833
-9999.0000 0.0000 0.0000 0.0000 0.0000 0.0000 0.0000 0.0000 14.2422 28.4741 29.9957 29.9955 29.9952 29.9950 29.9947 29.9944 29.9940 29.9936 29.9932 29.9928 29.9923 29.9917 29.9911 29.9904 29.9896 29.9888 29.9878 29.9867 29.9854 29.9839 29.9823 29.9803 29.9780 29.9753 29.9722 29.9684 29.9638 29.9583 29.9515 29.9432 29.9331 29.9207 29.9057 29.8878 29.8652 29.8263 29.7210 29.4745 29.2943 29.4745 29.7210 29.8263 29.8652 29.8878 29.9057 29.9207 29.9331 29.9432 29.9515 29.9583 29.9638 29.9684 29.9722 29.9753 29.9780 29.9803 29.9823
-9999.0000 0.0000 0.0000 0.0000 0.0000 0.0000 0.0000 0.0000 15.2237 29.2803 29.9957 29.9954 29.9952 29.9949 29.9946 29.9943 29.9939 29.9935 29.9931 29.9927 29.9921 29.9916 29.9909 29.9902 29.9894 29.9885 29.9874 29.9862 29.9849 29.9833 29.9815 29.9793 29.9768 29.9737 29.9701 29.9656 29.9601 29.9533 29.9445 29.9333 29.9185 29.8987 29.8719 29.8353 29.7861 29.7210 29.6060 29.0785 28.4127 29.0785 29.6060 29.7210 29.7861 29.8353 29.8719 29.8987 29.9185 29.9333 29.9445 29.9533 29.9601 29.9656 29.9701 29.9737 29.9768 29.9793 29.9815
-9999.0000 0.0000 0.0000 0.0000 0.0000 0.0000 0.0000 0.0000 15.8095 29.7593 29.9956 29.9954 29.9951 29.9949 29.9946 29.9942 29.9939 29.9935 29.9931 29.9926 29.9920 29.9914 29.9908 29.9900 29.9892 29.9883 29.9872 29.9859 29.9845 29.9829 29.9809 29.9787 29.9760 29.9727 29.9687 29.9638 29.9576 29.9498 29.9395 29.9258 29.9070 29.8800 29.8399 29.7766 29.6699 29.4745 29.0785 28.4127 25.0366 28.4127 29.0785 29.4745 29.6699 29.7766 29.8399 29.8800 29.9070 29.9258 29.9395 29.9498 29.9576 29.9638 29.9687 29.9727 29.9760 29.9787 29.9809
-9999.0000 0.0000 0.0000 0.0000 0.0000 0.0000 0.0000 0.0000 16.0042 29.9183 29.9956 29.9954 29.9951 29.9949 29.9946 29.9942 29.9939 29.9935 29.9930 29.9925 29.9920 29.9914 29.9907 29.9900 29.9892 29.9882 29.9871 29.9859 29.9844 29.9827 29.9808 29.9784 29.9757 29.9723 29.9682 29.9632 29.9568 29.9485 29.9377 29.9231 29.9026 29.8726 29.8263 29.7491 29.6060 29.2943 28.4127 25.0366 0.0000 25.0366 28.4127 29.2943 29.6060 29.7491 29.8263 29.8726 29.9026 29.9231 29.9377 29.9485 29.9568 29.9632 29.9682 29.9723 29.9757 29.9784 29.9808
-9999.0000 0.0000 0.0000 0.0000 0.0000 0.0000 0.0000 0.0000 15.8095 29.7593 29.9956 29.9954 29.9951 29.9949 29.9946 29.9942 29.9939 29.9935 29.9931 29.9926 29.9920 29.9914 29.9908 29.9900 29.9892 29.9883 29.9872 29.9859 29.9845 29.9829 29.9809 29.9787 29.9760 29.9727 29.9687 29.9638 29.9576 29.9498 29.9395 29.9258 29.9070 29.8800 29.8399 29.7766 29.6699 29.4745 29.0785 28.4127 25.0366 28.4127 29.0785 29.4745 29.6699 29.7766 29.8399 29.8800 29.9070 29.9258 29.9395 29.9498 29.9576 29.9638 29.9687 29.9727 29.9760 29.9787 29.9809
-9999.0000 0.0000 0.0000 0.0000 0.0000 0.0000 0.0000 0.0000 15.2237 29.2803 29.9957 29.9954 29.9952 29.9949 29.9946 29.9943 29.9939 29.9935 29.9931 29.9927 29.9921 29.9916 29.9909 29.9902 29.9894 29.9885 29.9874 29.9862 29.9849 29.9833 29.9815 29.9793 29.9768 29.9737 29.9701 29.9656 29.9601 29.9533 29.9445 29.9333 29.9185 29.8987 29.8719 29.8353 29.7861 29.7210 29.6060 29.0785 28.4127 29.0785 29.6060 29.7210 29.7861 29.8353 29.8719 29.8987 29.9185 29.9333 29.9445 29.9533 29.9601 29.9656 29.9701 29.9737 29.9768 29.9793 29.9815
-9999.0000 0.0000 0.0000 0.0000 0.0000 0.0000 0.0000 0.0000 14.2422 28.4741 29.9957 29.9955 29.9952 29.9950 29.9947 29.9944 29.9940 29.9936 29.9932 29.9928 29.9923 29.9917 29.9911 29.9904 29.9896 29.9888 29.9878 29.9867 29.9854 29.9839 29.9823 29.9803 29.9780 29.9753 29.9722 29.9684 29.9638 29.9583 29.9515 29.9432 29.9331 29.9207 29.9057 29.8878 29.8652 29.8263 29.7210 29.4745 29.2943 29.4745 29.7210 29.8263 29.8652 29.8878 29.9057 29.9207 29.9331 29.9432 29.9515 29.9583 29.9638 29.9684 29.9722 29.9753 29.9780 29.9803 29.9823
-9999.0000 0.0000 0.0000 0.0000 0.0000 0.0000 0.0000 0.0000 12.8585 27.3298 29.9958 29.9955 29.9953 29.9951 29.9948 29.9945 29.9941 29.9938 29.9934 29.9930 29.9925 29.9919 29.9914 29.9907 29.9900 29.9892 29.9883 29.9873 29.9861 29.9848 29.9833 29.9816 29.9796 29.9774 29.9747 29.9717 29.9681 29.9639 29.9591 29.9535 29.9470 29.9397 29.9312 29.9203 29.9026 29.8652 29.7861 29.6699 29.6060 29.6699 29.7861 29.8652 29.9026 29.9203 29.9312 29.9397 29.9470 29.9535 29.9591 29.9639 29.9681 29.9717 29.9747 29.9774 29.9796 29.9816 29.9833
-9999.0000 0.0000 0.0000 0.0000 0.0000 0.0000 0.0000 0.0000 11.0665 25.8335 29.9958 29.9956 29.9954 29.9952 29.9949 29.9946 29.9943 29.9939 29.9936 29.9932 29.9927 29.9922 29.9917 29.9911 29.9904 29.9897 29.9889 29.9880 29.9869 29.9858 29.9845 29.9831 29.9814 29.9796 29.9775 29.9751 29.9724 29.9695 29.9661 29.9624 29.9583 29.9535 29.9473 29.9377 29.9203 29.8878 29.8353 29.7766 29.7491 29.7766 29.8353 29.8878 29.9203 29.9377 29.9473 29.9535 29.9583 29.9624 29.9661 29.9695 29.9724 29.9751 29.9775 29.9796 29.9814 29.9831 29.9845
-9999.0000 0.0000 0.0000 0.0000 0.0000 0.0000 0.0000 0.0000 8.8658 23.9701 29.9959 29.9957 29.9955 29.9953 29.9950 29.9948 29.9945 29.9941 29.9938 29.9934 29.9930 29.9925 29.9920 29.9915 29.9909 29.9903 29.9895 29.9887 29.9878 29.9869 29.9858 29.9846 29.9833 29.9818 29.9802 29.9784 29.9765 29.9743 29.9720 29.9694 29.9664 29.9625 29.9568 29.9473 29.9312 29.9057 29.8719 29.8399 29.8263 29.8399 29.8719 29.9057 29.9312 29.9473 29.9568 29.9625 29.9664 29.9694 29.9720 29.9743 29.9765 29.9784 29.9802 29.9818 29.9833 29.9846 29.9858
-9999.0000 0.0000 0.0000 0.0000 0.0000 0.0000 0.0000 0.0000 6.2770 21.7278 29.9960 29.9958 29.9956 29.9954 29.9952 29.9949 29.9946 29.9943 29.9940 29.9937 29.9933 29.9929 29.9924 29.9920 29.9914 29.9909 29.9902 29.9895 29.9888 29.9880 29.9871 29.9861 29.9851 29.9839 29.9827 29.9814 29.9799 29.9784 29.9766 29.9746 29.9720 29.9682 29.9625 29.9535 29.9397 29.9207 29.8987 29.8800 29.8726 29.8800 29.8987 29.9207 29.9397 29.9535 29.9625 29.9682 29.9720 29.9746 29.9766 29.9784 29.9799 29.9814 29.9827 29.9839 29.9851 29.9861 29.9871
-9999.0000 0.0000 0.0000 0.0000 0.0000 0.0000 0.0000 0.0000 3.4761 19.0603 29.9043 29.9960 29.9958 29.9956 29.9953 29.9951 29.9949 29.9946 29.9943 29.9940 29.9936 29.9933 29.9929 29.9924 29.9920 29.9915 29.9909 29.9904 29.9897 29.9891 29.9883 29.9876 29.9867 29.9859 29.9849 29.9839 29.9828 29.9816 29.9801 29.9782 29.9757 29.9720 29.9664 29.9583 29.9470 29.9331 29.9185 29.9070 29.9026 29.9070 29.9185 29.9331 29.9470 29.9583 29.9664 29.9720 29.9757 29.9782 29.9801 29.9816 29.9828 29.9839 29.9849 29.9859 29.9867 29.9876 29.9883
-9999.0000 0.0000 0.0000 0.0000 0.0000 0.0000 0.0000 0.0000 1.0989 15.5758 28.8629 29.9961 29.9959 29.9957 29.9955 29.9953 29.9951 29.9948 29.9946 29.9943 29.9940 29.9936 29.9933 29.9929 29.9925 29.9921 29.9916 29.9912 29.9906 29.9901 29.9895 29.9889 29.9882 29.9875 29.9868 29.9860 29.9851 29.9840 29.9826 29.9808 29.9782 29.9746 29.9694 29.9624 29.9535 29.9432 29.9333 29.9258 29.9231 29.9258 29.9333 29.9432 29.9535 29.9624 29.9694 29.9746 29.9782 29.9808 29.9826 29.9840 29.9851 29.9860 29.9868 29.9875 29.9882 29.9889 29.9895
-9999.0000 0.0000 0.0000 0.0000 0.0000 0.0000 0.0000 0.0000 0.0000 11.6106 26.2757 29.9962 29.9961 29.9959 29.9957 29.9955 29.9953 29.9951 29.9948 29.9946 29.9943 29.9940 29.9937 29.9934 29.9931 29.9927 29.9923 29.9919 29.9915 29.9910 29.9906 29.9901 29.9895 29.9890 29.9883 29.9876 29.9868 29.9858 29.9844 29.9826 29.9801 29.9766 29.9720 29.9661 29.9591 29.9515 29.9445 29.9395 29.9377 29.9395 29.9445 29.9515 29.9591 29.9661 29.9720 29.9766 29.9801 29.9826 29.9844 29.9858 29.9868 29.9876 29.9883 29.9890 29.9895 29.9901 29.9906
-9999.0000 0.0000 0.0000 0.0000 0.0000 0.0000 0.0000 0.0000 0.0000 7.4957 22.7914 29.9964 29.9962 29.9961 29.9959 29.9957 29.9955 29.9953 29.9951 29.9949 29.9947 29.9944 29.9941 29.9939 29.9936 29.9933 29.9930 29.9926 29.9923 29.9919 29.9915 29.9911 29.9906 29.9901 29.9896 29.9889 29.9881 29.9871 29.9858 29.9840 29.9816 29.9784 29.9743 29.9695 29.9639 29.9583 29.9533 29.9498 29.9485 29.9498 29.9533 29.9583 29.9639 29.9695 29.9743 29.9784 29.9816 29.9840 29.9858 29.9871 29.9881 29.9889 29.9896 29.9901 29.9906 29.9911 29.9915
