Output/test5_newDEM_out.asc
ncols           133
nrows           133
xllcorner            0.000000                               
yllcorner            0.000000                               
cellsize         0.5000
NODATA_value  -9999.0000
[rows 30 to 59 of 64, columns 0 to 67 of 133]
15.0000 15.0000 15.0000 15.0000 15.0000 15.0000 15.0000 15.0000 15.0000 15.0000 15.0000 15.0000 15.0000 15.0000 15.0000 15.0000 15.0000 15.0000 15.0000 15.0000 15.0000 15.0000 15.0000 15.0000 15.0000 15.0000 15.0000 15.0000 15.0000 11.9467 11.7860 11.6356 11.4955 11.3654 11.2452 11.1348 11.0340 10.9428 10.8611 10.7887 10.7256 10.6718 10.6271 10.5916 10.5651 10.5477 10.5394 10.5402 10.5500 10.5688 10.5967 10.6337 10.6799 10.7352 10.7998 10.8737 10.9570 11.0498 11.1521 11.2641 11.3859 11.5176 11.6594 11.8115 11.9739 12.1470 12.3309 12.5259
15.0000 15.0000 15.0000 15.0000 15.0000 15.0000 15.0000 15.0000 15.0000 15.0000 15.0000 15.0000 15.0000 15.0000 15.0000 15.0000 15.0000 15.0000 15.0000 15.0000 15.0000 15.0000 15.0000 15.0000 15.0000 15.0000 15.0000 11.9587 11.7789 11.6098 11.4510 11.3025 11.1641 11.0356 10.9169 10.8078 10.7082 10.6181 10.5373 10.4658 10.4034 10.3502 10.3061 10.2709 10.2448 10.2276 10.2194 10.2202 10.2298 10.2485 10.2760 10.3126 10.3583 10.4130 10.4768 10.5499 10.6322 10.7238 10.8249 10.9356 11.0559 11.1860 11.3260 11.4762 11.6366 11.8075 11.9890 12.1814
15.0000 15.0000 15.0000 15.0000 15.0000 15.0000 15.0000 15.0000 15.0000 15.0000 15.0000 15.0000 15.0000 15.0000 15.0000 15.0000 15.0000 15.0000 15.0000 15.0000 15.0000 15.0000 15.0000 15.0000 15.0000 12.0184 11.8193 11.6310 11.4534 11.2863 11.1295 10.9827 10.8459 10.7189 10.6015 10.4937 10.3953 10.3062 10.2263 10.1555 10.0939 10.0412 9.9976 9.9628 9.9370 9.9200 9.9119 9.9126 9.9222 9.9406 9.9679 10.0041 10.0492 10.1033 10.1664 10.2387 10.3201 10.4107 10.5106 10.6200 10.7390 10.8676 11.0060 11.1543 11.3128 11.4816 11.6609 11.8510
15.0000 15.0000 15.0000 15.0000 15.0000 15.0000 15.0000 15.0000 15.0000 15.0000 15.0000 15.0000 15.0000 15.0000 15.0000 15.0000 15.0000 15.0000 15.0000 15.0000 15.0000 15.0000 15.0000 15.0000 11.9072 11.6994 11.5026 11.3166 11.1411 10.9759 10.8208 10.6758 10.5405 10.4148 10.2988 10.1921 10.0947 10.0065 9.9275 9.8575 9.7965 9.7444 9.7012 9.6668 9.6412 9.6244 9.6164 9.6171 9.6266 9.6448 9.6718 9.7076 9.7523 9.8058 9.8683 9.9398 10.0203 10.1099 10.2088 10.3170 10.4347 10.5618 10.6987 10.8454 11.0021 11.1690 11.3462 11.5340
15.0000 15.0000 15.0000 15.0000 15.0000 15.0000 15.0000 15.0000 15.0000 15.0000 15.0000 15.0000 15.0000 15.0000 15.0000 15.0000 15.0000 15.0000 15.0000 15.0000 15.0000 15.0000 12.0432 11.8154 11.5989 11.3935 11.1990 11.0150 10.8415 10.6781 10.5247 10.3811 10.2473 10.1230 10.0081 9.9025 9.8061 9.7189 9.6406 9.5713 9.5109 9.4594 9.4166 9.3825 9.3572 9.3406 9.3326 9.3333 9.3427 9.3607 9.3875 9.4229 9.4672 9.5202 9.5820 9.6528 9.7325 9.8212 9.9191 10.0262 10.1426 10.2684 10.4039 10.5490 10.7040 10.8690 11.0443 11.2300
15.0000 15.0000 15.0000 15.0000 15.0000 15.0000 15.0000 15.0000 15.0000 15.0000 15.0000 15.0000 15.0000 15.0000 15.0000 15.0000 15.0000 15.0000 15.0000 15.0000 15.0000 11.9795 11.7428 11.5176 11.3035 11.1004 10.9079 10.7259 10.5541 10.3924 10.2406 10.0985 9.9660 9.8429 9.7292 9.6246 9.5292 9.4428 9.3653 9.2966 9.2368 9.1857 9.1433 9.1096 9.0845 9.0680 9.0602 9.0609 9.0701 9.0880 9.1145 9.1497 9.1935 9.2460 9.3072 9.3773 9.4562 9.5441 9.6410 9.7471 9.8623 9.9869 10.1210 10.2647 10.4181 10.5814 10.7548 10.9385
15.0000 15.0000 15.0000 15.0000 15.0000 15.0000 15.0000 15.0000 15.0000 15.0000 15.0000 15.0000 15.0000 15.0000 15.0000 15.0000 15.0000 15.0000 15.0000 15.0000 11.9351 11.6893 11.4551 11.2323 11.0205 10.8194 10.6289 10.4488 10.2787 10.1186 9.9683 9.8275 9.6963 9.5744 9.4617 9.3581 9.2635 9.1779 9.1011 9.0331 8.9738 8.9232 8.8812 8.8478 8.8229 8.8066 8.7987 8.7994 8.8086 8.8264 8.8526 8.8874 8.9309 8.9829 9.0436 9.1130 9.1912 9.2783 9.3744 9.4794 9.5936 9.7170 9.8498 9.9921 10.1440 10.3057 10.4774 10.6593
15.0000 15.0000 15.0000 15.0000 15.0000 15.0000 15.0000 15.0000 15.0000 15.0000 15.0000 15.0000 15.0000 15.0000 15.0000 15.0000 15.0000 15.0000 15.0000 11.9097 11.6547 11.4116 11.1798 10.9592 10.7495 10.5504 10.3618 10.1833 10.0149 9.8563 9.7073 9.5679 9.4378 9.3170 9.2053 9.1026 9.0089 8.9240 8.8479 8.7804 8.7217 8.6715 8.6298 8.5967 8.5720 8.5558 8.5481 8.5488 8.5579 8.5755 8.6015 8.6360 8.6791 8.7306 8.7908 8.8597 8.9372 9.0235 9.1187 9.2228 9.3360 9.4583 9.5899 9.7309 9.8814 10.0416 10.2117 10.3918
15.0000 15.0000 15.0000 15.0000 15.0000 15.0000 15.0000 15.0000 15.0000 15.0000 15.0000 15.0000 15.0000 15.0000 15.0000 15.0000 15.0000 15.0000 11.9034 11.6391 11.3867 11.1459 10.9164 10.6979 10.4902 10.2930 10.1061 9.9292 9.7623 9.6051 9.4574 9.3192 9.1902 9.0704 8.9597 8.8579 8.7649 8.6807 8.6052 8.5384 8.4801 8.4303 8.3890 8.3561 8.3316 8.3156 8.3079 8.3086 8.3176 8.3351 8.3609 8.3951 8.4378 8.4890 8.5487 8.6169 8.6938 8.7795 8.8738 8.9771 9.0893 9.2106 9.3411 9.4808 9.6300 9.7888 9.9574 10.1358
15.0000 15.0000 15.0000 15.0000 15.0000 15.0000 15.0000 15.0000 15.0000 15.0000 15.0000 15.0000 15.0000 15.0000 15.0000 15.0000 15.0000 11.9161 11.6422 11.3805 11.1305 10.8920 10.6646 10.4481 10.2423 10.0468 9.8615 9.6862 9.5206 9.3647 9.2183 9.0812 8.9533 8.8345 8.7246 8.6236 8.5314 8.4479 8.3730 8.3066 8.2488 8.1994 8.1584 8.1258 8.1015 8.0855 8.0779 8.0786 8.0876 8.1049 8.1305 8.1645 8.2068 8.2576 8.3168 8.3846 8.4609 8.5458 8.6395 8.7419 8.8532 8.9735 9.1029 9.2415 9.3895 9.5469 9.7141 9.8910
15.0000 15.0000 15.0000 15.0000 15.0000 15.0000 15.0000 15.0000 15.0000 15.0000 15.0000 15.0000 15.0000 15.0000 15.0000 15.0000 11.9479 11.6643 11.3930 11.1336 10.8859 10.6495 10.4241 10.2095 10.0054 9.8115 9.6278 9.4539 9.2897 9.1350 8.9897 8.8537 8.7268 8.6089 8.4998 8.3996 8.3081 8.2252 8.1508 8.0850 8.0275 7.9785 7.9378 7.9054 7.8813 7.8655 7.8579 7.8586 7.8675 7.8847 7.9101 7.9439 7.9859 8.0363 8.0951 8.1623 8.2381 8.3224 8.4153 8.5170 8.6275 8.7468 8.8752 9.0128 9.1596 9.3158 9.4815 9.6570
15.0000 15.0000 15.0000 15.0000 15.0000 15.0000 15.0000 15.0000 15.0000 15.0000 15.0000 15.0000 15.0000 15.0000 15.0000 11.9988 11.7052 11.4241 11.1552 10.8982 10.6526 10.4181 10.1946 9.9817 9.7793 9.5869 9.4046 9.2321 9.0691 8.9156 8.7714 8.6364 8.5104 8.3933 8.2851 8.1856 8.0947 8.0124 7.9386 7.8732 7.8161 7.7674 7.7270 7.6949 7.6710 7.6552 7.6477 7.6484 7.6572 7.6743 7.6996 7.7331 7.7748 7.8249 7.8833 7.9500 8.0252 8.1089 8.2012 8.3021 8.4118 8.5303 8.6578 8.7943 8.9400 9.0950 9.2595 9.4336
15.0000 15.0000 15.0000 15.0000 15.0000 15.0000 15.0000 15.0000 15.0000 15.0000 15.0000 15.0000 15.0000 15.0000 12.0690 11.7651 11.4740 11.1954 10.9288 10.6738 10.4302 10.1976 9.9759 9.7646 9.5637 9.3728 9.1918 9.0205 8.8587 8.7063 8.5632 8.4291 8.3040 8.1877 8.0802 7.9814 7.8911 7.8093 7.7360 7.6710 7.6144 7.5660 7.5259 7.4939 7.4702 7.4545 7.4471 7.4477 7.4565 7.4735 7.4986 7.5319 7.5733 7.6231 7.6811 7.7474 7.8221 7.9052 7.9969 8.0971 8.2061 8.3237 8.4503 8.5859 8.7305 8.8844 9.0478 9.2206
15.0000 15.0000 15.0000 15.0000 15.0000 15.0000 15.0000 15.0000 15.0000 15.0000 15.0000 15.0000 15.0000 15.0000 11.8441 11.5428 11.2542 10.9778 10.7132 10.4603 10.2185 9.9877 9.7676 9.5579 9.3584 9.1688 8.9891 8.8190 8.6583 8.5070 8.3647 8.2316 8.1073 7.9918 7.8850 7.7868 7.6971 7.6158 7.5429 7.4784 7.4221 7.3740 7.3341 7.3024 7.2788 7.2632 7.2558 7.2565 7.2652 7.2821 7.3070 7.3401 7.3813 7.4307 7.4883 7.5543 7.6285 7.7111 7.8022 7.9018 8.0100 8.1269 8.2526 8.3873 8.5310 8.6839 8.8461 9.0177
15.0000 15.0000 15.0000 15.0000 15.0000 15.0000 15.0000 15.0000 15.0000 15.0000 15.0000 15.0000 15.0000 11.9425 11.6306 11.3317 11.0453 10.7710 10.5084 10.2573 10.0173 9.7881 9.5695 9.3613 9.1631 8.9749 8.7963 8.6273 8.4677 8.3173 8.1760 8.0436 7.9201 7.8053 7.6992 7.6015 7.5124 7.4316 7.3592 7.2950 7.2391 7.1913 7.1516 7.1201 7.0966 7.0812 7.0738 7.0744 7.0831 7.0999 7.1247 7.1575 7.1985 7.2476 7.3049 7.3704 7.4442 7.5264 7.6169 7.7159 7.8234 7.9396 8.0646 8.1984 8.3412 8.4931 8.6542 8.8248
15.0000 15.0000 15.0000 15.0000 15.0000 15.0000 15.0000 15.0000 15.0000 15.0000 15.0000 15.0000 12.0603 11.7376 11.4281 11.1315 10.8471 10.5748 10.3141 10.0647 9.8264 9.5987 9.3816 9.1746 8.9777 8.7907 8.6133 8.4453 8.2866 8.1371 7.9967 7.8651 7.7423 7.6282 7.5226 7.4256 7.3370 7.2567 7.1846 7.1208 7.0652 7.0176 6.9782 6.9468 6.9235 6.9081 6.9008 6.9014 6.9101 6.9267 6.9514 6.9841 7.0248 7.0737 7.1307 7.1958 7.2692 7.3508 7.4408 7.5393 7.6462 7.7617 7.8859 8.0189 8.1609 8.3119 8.4720 8.6415
15.0000 15.0000 15.0000 15.0000 15.0000 15.0000 15.0000 15.0000 15.0000 15.0000 15.0000 15.0000 11.8640 11.5437 11.2365 10.9419 10.6595 10.3890 10.1301 9.8823 9.6454 9.4192 9.2034 8.9978 8.8021 8.6161 8.4397 8.2727 8.1150 7.9663 7.8267 7.6958 7.5737 7.4602 7.3552 7.2587 7.1706 7.0907 7.0190 6.9556 6.9002 6.8529 6.8137 6.7825 6.7593 6.7440 6.7367 6.7373 6.7459 6.7625 6.7870 6.8196 6.8601 6.9087 6.9654 7.0302 7.1031 7.1844 7.2739 7.3718 7.4781 7.5930 7.7165 7.8488 7.9899 8.1401 8.2993 8.4678
15.0000 15.0000 15.0000 15.0000 15.0000 15.0000 15.0000 15.0000 15.0000 15.0000 15.0000 12.0101 11.6786 11.3605 11.0553 10.7627 10.4822 10.2134 9.9560 9.7098 9.4744 9.2495 9.0349 8.8305 8.6359 8.4510 8.2755 8.1095 7.9526 7.8047 7.6658 7.5356 7.4141 7.3012 7.1968 7.1008 7.0131 6.9336 6.8623 6.7992 6.7441 6.6971 6.6580 6.6269 6.6038 6.5886 6.5814 6.5820 6.5906 6.6071 6.6315 6.6638 6.7042 6.7525 6.8089 6.8734 6.9460 7.0268 7.1159 7.2132 7.3191 7.4333 7.5562 7.6878 7.8282 7.9775 8.1359 8.3035
15.0000 15.0000 15.0000 15.0000 15.0000 15.0000 15.0000 15.0000 15.0000 15.0000 15.0000 11.8332 11.5039 11.1878 10.8846 10.5938 10.3149 10.0478 9.7919 9.5471 9.3130 9.0894 8.8760 8.6726 8.4790 8.2951 8.1206 7.9554 7.7993 7.6522 7.5139 7.3844 7.2635 7.1511 7.0472 6.9517 6.8644 6.7853 6.7143 6.6515 6.5966 6.5498 6.5110 6.4800 6.4570 6.4419 6.4347 6.4353 6.4438 6.4602 6.4845 6.5168 6.5569 6.6050 6.6612 6.7253 6.7976 6.8780 6.9667 7.0636 7.1689 7.2826 7.4049 7.5358 7.6755 7.8241 7.9816 8.1484
15.0000 15.0000 15.0000 15.0000 15.0000 15.0000 15.0000 15.0000 15.0000 15.0000 12.0078 11.6669 11.3396 11.0254 10.7240 10.4349 10.1576 9.8919 9.6375 9.3940 9.1611 8.9386 8.7263 8.5240 8.3314 8.1483 7.9747 7.8103 7.6549 7.5085 7.3709 7.2420 7.1216 7.0098 6.9063 6.8112 6.7243 6.6456 6.5749 6.5123 6.4578 6.4111 6.3725 6.3417 6.3188 6.3037 6.2965 6.2971 6.3056 6.3220 6.3462 6.3782 6.4182 6.4661 6.5220 6.5859 6.6578 6.7379 6.8261 6.9226 7.0274 7.1407 7.2624 7.3927 7.5317 7.6796 7.8364 8.0024
15.0000 15.0000 15.0000 15.0000 15.0000 15.0000 15.0000 15.0000 15.0000 15.0000 11.8498 11.5109 11.1855 10.8732 10.5734 10.2858 10.0101 9.7458 9.4926 9.2503 9.0186 8.7972 8.5859 8.3845 8.1928 8.0106 7.8377 7.6741 7.5194 7.3736 7.2366 7.1083 6.9884 6.8771 6.7741 6.6793 6.5928 6.5144 6.4440 6.3817 6.3273 6.2809 6.2424 6.2117 6.1889 6.1739 6.1667 6.1674 6.1758 6.1921 6.2162 6.2481 6.2879 6.3356 6.3913 6.4549 6.5266 6.6063 6.6942 6.7903 6.8946 7.0074 7.1286 7.2583 7.3968 7.5440 7.7001 7.8653
15.0000 15.0000 15.0000 15.0000 15.0000 15.0000 15.0000 15.0000 15.0000 12.0532 11.7023 11.3652 11.0416 10.7309 10.4327 10.1465 9.8721 9.6091 9.3571 9.1159 8.8853 8.6649 8.4546 8.2540 8.0632 7.8818 7.7096 7.5466 7.3926 7.2474 7.1110 6.9831 6.8638 6.7529 6.6502 6.5559 6.4697 6.3916 6.3215 6.2594 6.2053 6.1590 6.1206 6.0901 6.0674 6.0524 6.0453 6.0459 6.0543 6.0705 6.0945 6.1263 6.1660 6.2135 6.2690 6.3324 6.4037 6.4832 6.5707 6.6664 6.7704 6.8826 7.0034 7.1326 7.2705 7.4171 7.5725 7.7370
15.0000 15.0000 15.0000 15.0000 15.0000 15.0000 15.0000 15.0000 15.0000 11.9141 11.5649 11.2296 10.9076 10.5984 10.3016 10.0168 9.7436 9.4817 9.2309 8.9908 8.7611 8.5416 8.3322 8.1325 7.9424 7.7617 7.5902 7.4278 7.2744 7.1298 6.9938 6.8665 6.7476 6.6371 6.5348 6.4408 6.3549 6.2771 6.2073 6.1454 6.0914 6.0454 6.0071 5.9767 5.9540 5.9391 5.9320 5.9326 5.9410 5.9572 5.9811 6.0128 6.0523 6.0997 6.1549 6.2181 6.2892 6.3683 6.4556 6.5509 6.6545 6.7664 6.8866 7.0154 7.1527 7.2988 7.4537 7.6175
15.0000 15.0000 15.0000 15.0000 15.0000 15.0000 15.0000 15.0000 15.0000 11.7851 11.4377 11.1039 10.7834 10.4755 10.1800 9.8964 9.6244 9.3637 9.1138 8.8746 8.6459 8.4273 8.2186 8.0197 7.8303 7.6502 7.4794 7.3176 7.1647 7.0206 6.8851 6.7582 6.6397 6.5296 6.4277 6.3340 6.2484 6.1708 6.1012 6.0396 5.9858 5.9399 5.9017 5.8714 5.8488 5.8340 5.8269 5.8275 5.8359 5.8520 5.8758 5.9074 5.9468 5.9940 6.0491 6.1120 6.1829 6.2618 6.3487 6.4437 6.5470 6.6585 6.7783 6.9066 7.0435 7.1890 7.3433 7.5066
15.0000 15.0000 15.0000 15.0000 15.0000 15.0000 15.0000 15.0000 12.0262 11.6662 11.3203 10.9880 10.6688 10.3622 10.0679 9.7854 9.5145 9.2547 9.0058 8.7675 8.5396 8.3217 8.1138 7.9155 7.7268 7.5474 7.3771 7.2158 7.0634 6.9198 6.7848 6.6583 6.5401 6.4303 6.3288 6.2354 6.1500 6.0727 6.0033 5.9418 5.8882 5.8424 5.8044 5.7742 5.7517 5.7369 5.7298 5.7304 5.7388 5.7548 5.7786 5.8101 5.8494 5.8964 5.9513 6.0141 6.0847 6.1634 6.2500 6.3448 6.4477 6.5588 6.6783 6.8062 6.9426 7.0877 7.2415 7.4042
15.0000 15.0000 15.0000 15.0000 15.0000 15.0000 15.0000 15.0000 11.9157 11.5572 11.2127 10.8817 10.5637 10.2583 9.9651 9.6836 9.4136 9.1548 8.9067 8.6692 8.4420 8.2249 8.0176 7.8200 7.6318 7.4530 7.2832 7.1225 6.9705 6.8273 6.6927 6.5665 6.4488 6.3393 6.2380 6.1448 6.0597 5.9826 5.9134 5.8521 5.7987 5.7530 5.7151 5.6849 5.6625 5.6477 5.6407 5.6413 5.6496 5.6656 5.6893 5.7207 5.7599 5.8068 5.8616 5.9242 5.9946 6.0730 6.1595 6.2539 6.3565 6.4674 6.5865 6.7140 6.8500 6.9947 7.1480 7.3103
15.0000 15.0000 15.0000 15.0000 15.0000 15.0000 15.0000 15.0000 11.8152 11.4580 11.1147 10.7849 10.4681 10.1637 9.8715 9.5909 9.3218 9.0637 8.8165 8.5797 8.3532 8.1367 7.9300 7.7330 7.5454 7.3670 7.1977 7.0374 6.8859 6.7430 6.6088 6.4829 6.3655 6.2563 6.1553 6.0624 5.9775 5.9005 5.8315 5.7704 5.7171 5.6715 5.6337 5.6036 5.5812 5.5665 5.5595 5.5601 5.5684 5.5844 5.6080 5.6393 5.6784 5.7252 5.7798 5.8422 5.9125 5.9907 6.0769 6.1712 6.2735 6.3841 6.5029 6.6301 6.7657 6.9100 7.0629 7.2247
15.0000 15.0000 15.0000 15.0000 15.0000 15.0000 15.0000 12.0949 11.7244 11.3685 11.0264 10.6976 10.3818 10.0783 9.7870 9.5073 9.2389 8.9816 8.7350 8.4989 8.2730 8.0571 7.8509 7.6544 7.4672 7.2893 7.1205 6.9605 6.8094 6.6669 6.5330 6.4074 6.2903 6.1813 6.0805 5.9878 5.9032 5.8264 5.7576 5.6966 5.6434 5.5979 5.5602 5.5302 5.5078 5.4931 5.4861 5.4867 5.4950 5.5109 5.5345 5.5658 5.6048 5.6515 5.7060 5.7682 5.8384 5.9164 6.0024 6.0964 6.1985 6.3088 6.4273 6.5542 6.6895 6.8334 6.9860 7.1474
15.0000 15.0000 15.0000 15.0000 15.0000 15.0000 15.0000 12.0127 11.6435 11.2886 10.9475 10.6197 10.3047 10.0021 9.7115 9.4325 9.1649 8.9082 8.6622 8.4267 8.2013 7.9859 7.7803 7.5842 7.3975 7.2199 7.0515 6.8919 6.7411 6.5989 6.4652 6.3400 6.2231 6.1143 6.0138 5.9213 5.8367 5.7602 5.6915 5.6306 5.5775 5.5321 5.4945 5.4645 5.4422 5.4276 5.4206 5.4212 5.4294 5.4453 5.4689 5.5001 5.5390 5.5856 5.6400 5.7021 5.7721 5.8500 5.9358 6.0296 6.1315 6.2415 6.3598 6.4864 6.6215 6.7651 6.9173 7.0783
15.0000 15.0000 15.0000 15.0000 15.0000 15.0000 15.0000 11.9404 11.5721 11.2182 10.8779 10.5510 10.2367 9.9349 9.6450 9.3667 9.0996 8.8435 8.5980 8.3630 8.1381 7.9232 7.7180 7.5223 7.3359 7.1588 6.9906 6.8314 6.6808 6.5389 6.4055 6.2805 6.1638 6.0553 5.9549 5.8625 5.7782 5.7017 5.6332 5.5724 5.5194 5.4741 5.4365 5.4066 5.3844 5.3697 5.3627 5.3634 5.3716 5.3875 5.4110 5.4421 5.4810 5.5275 5.5818 5.6438 5.7137 5.7914 5.8770 5.9707 6.0724 6.1822 6.3003 6.4267 6.5615 6.7048 6.8567 7.0174
