Output/test2_slope_out.asc
ncols            96
nrows            91
xllcorner     557974.631687                                 
yllcorner     5111446.1291019                               
cellsize       100.0000
NODATA_value  -9999.0000
[rows 0 to 28 of 63, columns 0 to 66 of 96]
-9999.0000 -9999.0000 -9999.0000 -9999.0000 -9999.0000 -9999.0000 -9999.0000 -9999.0000 -9999.0000 -9999.0000 -9999.0000 -9999.0000 -9999.0000 -9999.0000 -9999.0000 -9999.0000 -9999.0000 -9999.0000 -9999.0000 -9999.0000 -9999.0000 -9999.0000 -9999.0000 -9999.0000 -9999.0000 -9999.0000 -9999.0000 -9999.0000 -9999.0000 -9999.0000 -9999.0000 -9999.0000 -9999.0000 -9999.0000 -9999.0000 -9999.0000 -9999.0000 -9999.0000 -9999.0000 -9999.0000 -9999.0000 -9999.0000 -9999.0000 -9999.0000 -9999.0000 -9999.0000 -9999.0000 -9999.0000 -9999.0000 -9999.0000 -9999.0000 -9999.0000 -9999.0000 -9999.0000 -9999.0000 -9999.0000 -9999.0000 -9999.0000 -9999.0000 -9999.0000 -9999.0000 -9999.0000 -9999.0000 -9999.0000 -9999.0000 -9999.0000 -9999.0000
-9999.0000 14.1505 16.7834 6.5001 7.1903 5.9418 5.4853 6.1714 7.1530 6.8537 6.4091 6.7700 6.9840 7.0675 10.7199 18.0707 24.5090 29.7138 25.4960 2.8746 20.4912 22.0754 23.9099 9.7474 7.2688 14.7601 15.7773 7.3593 7.7968 10.9191 16.4470 20.5476 10.6599 12.1739 10.1055 10.0895 8.5492 8.7673 9.7876 10.4447 10.8587 11.2836 10.5975 10.5791 11.6304 11.2798 10.0971 8.9035 9.1315 8.1629 8.5709 8.0390 7.8377 8.7689 9.3568 9.4185 8.5802 8.8157 8.7565 7.6443 7.9862 8.5442 7.9316 7.7771 6.7002 6.0718 5.9931
-9999.0000 8.5312 18.4327 9.8247 7.7790 7.8499 7.8003 7.1571 6.6607 6.1998 7.1095 8.2919 7.3410 5.1116 9.2450 17.8124 23.5909 28.6970 26.4336 5.0999 24.8372 18.8617 16.9171 8.6948 7.3627 15.7709 16.4668 7.6958 7.1750 7.6138 9.8594 20.2459 11.7032 10.5766 8.9493 9.5295 8.8616 9.3775 10.8395 11.9009 11.7784 11.4881 11.3565 11.8292 11.8891 10.7754 9.2071 8.1088 9.0569 7.8901 7.1412 6.7030 6.2239 6.3577 8.6067 7.8753 7.8312 8.4919 7.9563 7.5193 7.4074 7.5473 6.9537 6.7720 5.8600 4.6134 3.8056
-9999.0000 5.7860 15.0254 15.1979 4.0596 7.1526 7.1767 6.7540 5.0865 4.5167 6.2560 6.2006 5.5343 6.5890 10.8785 18.2682 24.5884 29.4789 25.5268 7.0666 23.8446 18.4096 21.3930 16.2998 9.8996 19.3045 16.3023 9.7576 8.2847 6.1550 5.6486 16.0896 10.8221 9.4464 9.2850 10.2107 10.1560 10.9288 12.3799 12.9867 13.4083 13.7407 12.7869 11.7163 11.0287 10.6846 10.0929 9.1016 9.1618 7.5268 7.6871 9.1553 10.1926 9.5414 9.7085 8.5876 8.0773 7.6641 8.7122 8.9782 8.4830 8.7503 7.4829 6.5598 6.3948 6.5012 5.6404
-9999.0000 7.7554 7.4645 14.4709 11.7485 5.1804 7.5523 8.5262 8.4463 7.4759 7.3484 5.3660 4.9446 7.3248 11.6408 17.7621 25.4365 28.4851 21.1837 6.0346 18.0533 15.7908 21.7199 23.2002 18.7187 22.3273 14.0028 9.8902 7.9620 5.8748 5.2999 11.8312 10.2102 10.5845 9.6915 9.1172 9.8800 10.3305 11.2386 11.3591 11.7661 11.9358 11.7978 11.8590 11.1697 10.8552 10.7510 9.8592 10.4301 10.6407 11.4685 11.1250 12.2463 12.1062 8.6309 8.0814 8.9079 8.4612 9.3494 8.7226 8.5263 8.9296 7.8058 6.3483 6.2400 7.2609 6.0369
-9999.0000 8.9152 10.5783 5.9358 15.8429 9.4923 5.3018 5.4028 6.9598 7.1390 6.7849 6.5286 5.6957 9.1027 14.8512 18.0671 23.5381 21.8898 18.6700 9.0258 8.8582 7.3433 14.4282 21.3734 20.0511 15.5557 6.7719 9.4401 8.3315 6.9720 6.3426 9.5174 7.3788 7.7688 8.4802 9.6840 10.1706 9.6090 10.1878 10.7488 11.1540 11.0313 11.4231 12.3840 11.8997 11.4100 11.6568 11.1239 11.3478 11.3055 10.4446 8.9567 9.1015 10.0636 8.5255 10.3188 10.8769 9.9932 9.0789 7.8232 7.3309 7.1897 6.8421 6.0326 5.5635 6.6417 5.9337
-9999.0000 11.5393 12.4901 10.8568 12.6246 15.6448 4.9173 6.3064 7.5491 8.0694 7.5583 7.3787 6.1208 9.3309 15.3675 15.5935 13.6440 15.6102 22.0013 20.6287 9.1733 1.5273 8.3061 14.8042 13.1696 8.3009 4.5082 12.0838 8.9535 7.0177 5.9406 8.3678 6.5164 7.3253 9.4815 12.3429 12.4410 12.2518 13.0066 13.6857 14.0254 13.9373 13.7124 13.4186 12.7228 12.2096 11.8438 10.8799 10.2418 9.9218 10.0488 9.2662 8.7046 10.7806 12.4743 12.9860 11.6511 10.6784 9.3516 8.1058 5.9780 6.8544 7.4705 7.0194 6.2696 6.4098 6.4680
-9999.0000 11.1488 13.7988 14.2318 9.3212 16.8622 5.5633 6.0949 7.5707 8.9516 7.9583 5.4859 5.8789 6.9485 13.0647 13.1628 10.0845 9.2803 7.7783 10.2665 13.2333 7.3224 6.7166 10.8537 9.4381 9.0519 6.2836 13.4556 9.0595 6.5764 6.3681 8.3093 8.4642 10.0923 10.0908 10.5990 12.1129 13.8699 15.2407 16.2775 16.5622 15.5403 14.5515 14.2739 13.7824 12.9605 12.2275 10.9067 9.8824 9.6909 9.9209 9.3950 10.0798 12.0129 12.7874 11.6052 11.0083 10.7892 10.2233 10.4044 8.5459 10.1049 10.0516 9.0429 7.6171 7.5569 7.8128
-9999.0000 8.0719 14.7325 7.3548 9.5297 16.5655 10.9987 8.4679 8.4288 8.3804 8.2882 6.5022 7.6029 6.6136 6.7048 9.2975 10.7185 15.5088 8.7861 6.0629 12.9930 11.6524 8.8155 8.5387 10.1830 10.4668 8.3993 12.7620 10.7580 8.3171 11.0057 11.5526 9.2133 10.4331 9.9724 10.3358 11.2349 11.9142 13.1012 14.5806 15.2945 14.6751 13.9659 13.9555 14.3866 14.3060 14.0572 13.6280 13.3332 11.6658 10.4176 10.4005 11.0275 11.0255 10.7784 10.4973 10.8372 10.5391 10.4848 12.4312 13.2632 12.6444 10.7940 10.4091 8.8325 7.5028 8.6247
-9999.0000 7.5794 14.6988 7.5723 11.2394 15.6699 15.2640 10.2808 8.6520 6.2660 7.7443 8.6628 9.2127 9.2827 7.2734 8.3254 14.9743 14.5628 9.3394 4.9371 8.4138 11.8607 10.9315 3.9498 8.0884 11.1634 11.2641 12.5904 14.3101 12.5307 13.3888 14.0030 8.9737 13.2016 14.0563 13.2244 12.8514 12.1694 13.6528 17.0198 17.3072 15.6944 15.2301 15.3946 15.4993 15.7149 16.6335 19.1476 21.1014 19.0307 14.8722 13.6560 12.7392 11.9350 12.3103 12.6547 12.7147 12.0316 11.5354 11.4618 12.1439 11.6737 10.2152 8.4049 8.1088 7.4949 6.6446
-9999.0000 6.8275 12.4680 11.0325 14.0112 8.5544 17.7835 6.4125 8.2144 5.5875 5.1225 7.1108 9.2503 11.0653 12.3342 9.8141 14.6191 15.6878 13.4371 9.4426 7.6676 8.9783 9.8334 8.6674 8.0571 11.5800 13.4138 13.4042 14.7048 13.2058 10.2592 15.5565 11.1595 19.4144 19.5104 18.0322 15.8246 14.3197 16.8807 20.1602 17.9544 17.0558 17.1423 16.4356 15.6592 16.3979 18.7062 21.6765 23.3672 24.2774 20.8051 16.2595 12.5445 11.8006 11.8211 11.7944 11.9819 11.4130 11.4383 11.5991 10.7044 9.0588 10.5709 10.8101 10.4819 9.0622 7.2871
-9999.0000 5.8887 8.2499 12.6436 6.0103 8.3830 14.8845 13.2042 7.5964 9.7733 7.2636 8.6063 10.1621 11.0205 12.2794 11.0043 10.5364 15.6493 12.8378 12.1707 13.8208 11.5271 9.1569 10.4652 9.9539 7.0814 13.8254 13.2080 11.9000 14.4545 9.6533 16.5290 13.6224 20.4413 17.3723 18.0782 18.4986 18.3693 20.7534 20.5280 16.1640 16.1665 15.4190 14.6024 14.6709 15.5682 16.7150 18.2922 20.3563 23.4012 21.6628 17.7119 12.5776 11.5248 10.5866 11.5127 12.2834 10.3471 9.3873 10.7444 8.6283 8.2387 14.3345 19.0023 17.9591 12.4078 9.4203
-9999.0000 4.0075 6.5390 10.3468 6.6852 7.4711 5.4287 20.2291 8.9336 10.6021 10.2833 11.4987 11.2801 10.3474 9.7547 11.1826 7.7868 11.7577 15.2806 13.2486 10.3530 11.1722 10.1471 10.0505 7.3529 5.2470 6.5385 9.7308 11.7454 15.9746 10.2626 14.7060 13.1357 20.3786 16.2518 15.1751 18.0322 21.4566 23.2319 20.4619 17.2992 16.5370 14.6828 15.2172 16.4582 17.1086 17.2231 18.1423 18.2502 20.1574 20.4976 16.8777 15.2325 15.5337 14.0915 13.8249 13.8156 13.5597 12.3772 11.4440 10.8867 14.3503 17.6661 17.5843 18.8967 17.0949 10.8605
-9999.0000 4.3848 7.4148 7.7489 8.7806 4.2778 6.6627 16.4579 12.9502 3.3353 6.7531 10.4747 10.2256 8.7697 7.6653 11.1626 12.5168 6.3582 12.8169 16.5596 15.0607 7.9579 10.0849 11.1661 8.8545 7.5258 7.7813 9.1465 10.6545 14.9900 10.9370 13.9803 13.1187 21.5701 16.5841 14.9455 15.9153 19.8359 20.7514 19.0080 18.1781 17.6640 16.7752 17.3995 17.6418 17.7339 18.4777 18.2274 15.7383 16.3879 22.6568 15.0089 20.2936 21.8494 19.0225 14.3658 12.1230 13.1113 14.0424 14.0859 14.3991 17.4777 15.2942 13.5577 15.0904 18.8311 13.3635
-9999.0000 6.1347 8.3523 6.7459 8.4473 7.7224 9.1307 6.8298 8.1997 10.7782 11.5208 8.8529 10.5142 10.2822 10.1972 12.7519 14.5928 12.2105 10.2879 12.8849 18.1937 12.1777 10.8373 13.3104 11.7882 11.4785 12.3532 9.8199 8.7400 15.0960 13.0965 14.6970 13.5020 21.4318 13.6725 14.1099 16.2208 18.3584 16.9283 16.5167 17.2981 17.4793 16.9287 17.1885 17.3360 16.8630 17.5977 17.3198 15.9873 16.4844 25.4019 18.7157 25.1882 23.1405 18.3977 15.4505 13.9712 12.0531 11.2572 12.8847 12.7033 14.7660 13.5051 14.8343 16.6155 16.7492 14.5022
-9999.0000 5.8583 5.9666 5.6035 11.5073 9.9751 7.2439 11.6134 14.9251 9.4345 12.6155 14.9161 11.4430 11.8767 15.1576 13.8878 13.9573 18.9016 13.5568 3.6838 16.6430 20.9641 14.8284 11.0532 12.3359 12.8893 12.3736 11.8773 13.1261 17.7563 15.5717 14.8146 12.6630 20.4373 14.6015 16.5040 18.4983 18.6688 18.2610 18.3714 18.7439 19.1005 18.5080 18.3157 19.1711 20.0628 20.0404 18.7742 18.1841 18.6324 26.6091 26.9466 23.1591 19.8944 16.8783 16.4157 16.7309 14.8083 13.2769 14.0954 13.4040 14.0135 12.2143 14.8111 23.5789 16.6159 15.8014
-9999.0000 8.4959 3.7885 8.1196 16.9071 13.7071 10.8435 12.8564 16.7425 18.3832 12.6768 17.5380 11.9063 11.2394 11.7276 11.6154 12.4464 15.7638 20.1706 14.6709 9.7496 21.1072 22.1037 14.4652 11.2800 10.7225 13.8256 14.3556 13.9206 17.9074 15.5831 13.5338 13.0182 20.9678 17.7293 17.3737 18.2309 18.8120 20.2151 20.5627 20.6843 20.4392 19.8628 21.2491 24.0867 25.8620 25.3735 22.3021 19.0279 16.9081 18.7236 20.4912 17.4591 19.4480 15.7391 13.0318 11.9603 13.1225 15.7992 17.2131 17.7302 14.5560 10.7157 11.0154 25.7250 18.3612 16.4746
-9999.0000 15.2778 7.7122 11.8733 17.9089 11.5392 10.2827 11.6544 12.6963 10.7468 14.4047 13.5597 13.3634 11.8444 8.5186 9.3145 10.6364 11.7113 17.2216 24.0951 15.9360 19.3379 20.8635 19.5922 7.7448 10.6976 12.4513 10.9496 12.4333 13.8405 13.4298 12.9303 14.8131 19.8615 19.0195 18.8988 19.5792 19.7983 21.1135 20.3274 19.9628 21.1008 22.2407 24.0697 25.0166 25.0208 25.0449 24.8328 23.6692 21.1070 15.1799 15.1351 17.8168 22.3737 15.4192 12.1242 14.6293 18.4029 18.6178 18.6609 17.4530 13.7694 9.7679 6.8565 20.6314 20.4561 18.9295
-9999.0000 14.9024 11.0077 10.8856 15.6919 10.0151 5.3562 8.2133 9.5775 7.0933 11.0780 13.0899 11.0562 11.9647 10.2532 11.1746 12.2792 13.9189 14.0723 22.0218 14.4358 20.8496 19.4488 16.6220 13.1550 12.5807 12.3363 10.6400 12.0247 12.2691 15.1800 14.0422 19.4924 24.3899 23.4110 23.6297 23.8008 23.9811 23.9250 20.9967 20.7363 23.4253 25.0288 25.8249 24.8483 23.9443 23.3066 24.6351 26.4688 26.2802 24.7932 26.2204 23.5819 27.5189 20.2022 19.6130 26.6606 27.3155 24.7807 21.6844 16.9740 14.5275 12.8413 11.8250 16.6510 21.0616 20.8202
-9999.0000 5.4632 11.6032 8.1189 13.1094 9.5358 7.2591 6.4907 7.3304 8.4234 9.6431 9.6180 9.1656 10.5377 11.8412 11.5510 10.9348 11.2795 11.8079 18.7613 15.0323 18.5412 18.9316 15.8507 15.6218 14.0660 12.6202 12.0744 10.3084 12.3103 19.3039 19.5719 25.3165 31.6171 29.3635 25.9839 23.5409 23.3038 22.8057 21.6016 22.9482 24.8429 25.1746 25.3912 25.6830 26.3498 24.4867 22.2078 23.7415 26.6299 28.2238 29.4705 26.9104 31.7124 20.1532 26.3728 29.5166 27.9520 26.4236 23.8242 20.6180 17.7285 17.0564 17.3739 16.4207 15.6366 16.4305
-9999.0000 4.1287 9.1987 9.8941 8.4146 9.1153 8.5259 7.6020 7.9486 8.7156 9.8227 7.7772 9.3800 10.8254 11.6818 13.1549 10.4813 9.8783 10.5603 15.4514 21.6516 11.4466 19.6217 14.8148 12.6255 14.2210 12.6833 12.9253 14.9069 15.3265 22.2551 23.4517 26.0820 27.6328 25.8599 25.4004 23.2984 22.9894 23.8400 24.8758 26.4165 27.6262 27.2539 25.8897 25.0455 25.2999 26.0282 25.8110 25.6877 27.5584 27.7803 26.2988 27.4972 35.4495 19.9182 30.9689 31.1046 31.1602 29.4614 26.4655 23.0083 18.5924 17.8106 18.0302 15.2965 12.0477 13.4357
-9999.0000 5.4162 6.3443 10.1677 11.2513 10.2702 8.2620 7.1148 8.8701 9.6588 9.9139 9.8076 10.6366 11.2514 11.7724 12.9086 11.4726 11.2401 10.4679 11.8680 21.5359 21.7852 11.4454 22.4049 15.3046 15.0184 15.4104 13.7740 17.0509 19.3342 21.6980 21.5609 20.4618 22.5126 20.7032 21.0191 20.8836 23.4108 27.0490 28.1942 29.0482 30.2091 29.8006 29.7454 30.2121 28.4261 28.5639 31.8820 32.8245 31.6053 31.0675 27.1331 29.6125 37.0041 31.4698 36.2584 32.6501 32.2231 32.0174 30.6486 25.1474 19.1696 20.5364 20.5813 16.3798 14.0603 13.0489
-9999.0000 3.5718 4.0165 7.4217 11.5436 13.0587 9.2889 5.1067 8.3606 10.9327 11.1839 11.4735 11.3947 10.3911 11.1743 12.3662 12.5029 11.8351 10.3581 10.1916 14.8189 23.1540 20.6176 23.6978 26.4617 21.6663 19.4879 16.2330 16.4053 18.6665 20.3704 19.5417 20.4368 22.5141 22.1644 20.2483 22.3967 24.6047 25.5623 25.5888 28.0380 30.4047 30.8634 31.4302 32.5510 32.8663 31.9477 32.6172 35.0272 35.2723 34.9083 32.2074 33.0662 33.6279 31.5524 32.7567 26.9690 24.3860 24.7917 28.8812 23.5918 15.6237 18.6236 20.1029 16.6195 17.0974 15.2333
-9999.0000 6.9700 5.9770 8.3750 6.6244 3.4522 3.7932 4.6034 6.1905 12.2535 15.7254 14.5188 11.7518 9.3660 8.8462 10.5361 11.2688 11.5228 10.8512 11.1933 12.7810 14.9008 20.9132 15.9971 30.6776 19.2754 18.2380 15.7652 14.9109 17.9185 20.4075 21.4876 22.0270 23.8685 24.3879 25.9591 29.0438 28.8344 28.0826 28.1815 28.0910 30.4811 31.5008 31.3501 32.6040 34.7794 34.3983 33.1464 34.7317 34.6736 34.0677 34.8241 35.5620 31.2254 30.0436 27.5438 19.6408 20.5560 23.7962 26.6703 21.5522 17.0423 14.7416 18.1388 16.2559 19.1778 20.0140
-9999.0000 7.5250 4.7667 5.2459 5.6850 2.7958 2.9222 0.9897 2.8327 13.0685 19.6177 17.1686 11.6022 8.2000 10.0438 11.4262 11.9681 12.3597 12.0078 12.9416 13.8909 13.6681 21.2029 10.4965 28.7361 22.6811 14.0371 15.6199 17.5829 19.8893 21.8844 22.4750 24.6072 27.5316 27.7709 30.0402 30.2199 31.6902 33.7500 32.1060 29.8530 32.2109 33.7725 34.7644 35.0795 34.4129 35.2852 34.1524 34.4096 34.4843 33.0737 36.2083 37.9837 33.9893 31.7216 24.8441 14.0883 16.8834 24.8853 23.6519 19.0821 22.2103 19.9102 19.3230 19.3184 22.4246 23.1125
-9999.0000 10.4824 16.5043 18.7947 16.2594 9.0097 12.6383 18.1238 21.9961 26.0119 31.8996 34.8211 32.8985 25.8783 20.8615 17.0909 12.2944 11.4983 11.8434 12.6996 13.4083 14.0258 20.1958 21.4314 25.6841 27.9402 21.3464 18.7093 21.2312 23.4010 24.6396 25.4880 29.2651 32.0459 31.2504 32.8939 31.1320 30.0289 31.2814 30.3935 29.3978 32.8378 36.4023 36.4544 32.8339 29.1935 30.4226 30.6210 28.9918 30.3077 32.7455 38.0545 40.1819 35.5861 30.5108 23.8136 18.2836 17.5502 23.3466 24.2700 20.1028 21.3181 25.8457 22.1191 21.3964 21.9775 23.5608
-9999.0000 27.9474 29.3978 25.7889 24.8614 24.9417 30.7676 30.9626 26.9569 23.2222 24.2063 28.4913 34.0563 35.2135 34.2669 32.1526 27.5170 23.5389 19.9983 17.6860 16.0907 15.1418 13.4084 21.6895 25.2694 29.8791 23.9218 18.9860 19.7960 23.6261 27.4839 30.7786 32.8052 33.0074 34.7440 36.6804 34.3137 30.9391 31.6536 29.4330 25.2471 30.9818 37.5334 34.7712 30.7417 26.6083 24.7291 26.2898 26.8742 27.1726 29.1339 35.5034 40.1313 37.6199 32.9099 30.1996 25.4601 23.8886 26.3989 27.8477 22.2007 19.1690 25.4911 22.1094 19.9634 19.8809 19.9015
-9999.0000 31.4001 24.6997 22.7301 22.8517 28.6699 25.7418 18.8718 11.9251 10.4427 13.3823 14.8227 10.5369 16.1658 28.4508 34.3262 36.7857 37.1070 36.6677 35.9279 33.5379 29.7642 18.2446 10.2046 17.9478 24.2067 21.7571 19.7737 19.2294 21.9428 29.2297 35.0761 37.2148 37.4827 37.8855 37.3878 34.9594 31.8171 31.7650 28.0469 26.2033 29.7705 34.9859 31.5374 29.6445 33.0270 32.2703 32.0127 31.7171 30.6838 29.1850 31.0916 35.3125 36.5257 35.4276 35.0632 31.7953 26.6070 23.5503 24.1240 22.2717 22.1505 26.5650 25.3272 21.7753 18.0232 15.3231
-9999.0000 22.2481 17.1857 21.7393 20.1703 13.7675 4.9221 6.8893 13.2423 22.0074 24.2905 25.8104 26.0349 22.6360 15.5846 12.7807 14.0598 14.5869 16.6207 24.0909 32.3928 37.1511 36.7928 25.6112 14.0808 20.9606 24.3592 21.5670 19.0430 22.6279 31.1613 35.1674 36.9451 37.2133 37.1552 36.9850 32.5932 27.2584 29.1368 29.9620 33.7080 33.9347 34.9390 36.0788 30.4285 36.4806 36.0380 34.8198 34.7423 34.2523 33.5854 33.2854 33.7001 35.1942 36.9901 36.5881 33.0390 28.7535 23.1890 24.8292 27.4819 27.3029 28.1635 25.4526 21.2158 18.9835 15.7967
