Output/test9_newDEM_out.asc
ncols           133
nrows           133
xllcorner            0.000000                               
yllcorner            0.000000                               
cellsize         0.5000
NODATA_value  -9999.0000
[rows 30 to 59 of 133, columns 0 to 66 of 133]
15.0000 15.0000 15.0000 15.0000 15.0000 15.0000 15.0000 15.0000 15.0000 15.0000 15.0000 15.0000 15.0000 15.0000 15.0000 15.0000 15.0000 15.0000 15.0000 15.0000 11.1369 11.0411 10.9533 10.8735 10.8015 10.7374 10.6811 10.6325 10.5917 10.5585 10.5331 10.5152 10.5050 10.5025 10.5076 10.5203 10.5406 10.5686 10.6043 10.6477 10.6988 10.7577 10.8244 10.8989 10.9814 11.0718 11.1703 11.2769 11.3917 11.5148 11.6463 11.7862 11.9348 12.0921 12.2582 12.4333 12.6176 12.8112 13.0144 13.2272 13.4499 13.6827 13.9259 14.1797 14.4444 14.7204 15.0078
15.0000 15.0000 15.0000 15.0000 15.0000 15.0000 15.0000 15.0000 15.0000 15.0000 15.0000 15.0000 15.0000 15.0000 15.0000 15.0000 15.0000 15.0000 11.1529 11.0415 10.9383 10.8430 10.7558 10.6764 10.6049 10.5411 10.4852 10.4369 10.3963 10.3633 10.3380 10.3203 10.3102 10.3076 10.3127 10.3253 10.3455 10.3734 10.4088 10.4520 10.5028 10.5613 10.6276 10.7017 10.7837 10.8736 10.9714 11.0774 11.1915 11.3138 11.4444 11.5835 11.7311 11.8873 12.0524 12.2263 12.4094 12.6017 12.8034 13.0147 13.2359 13.4670 13.7085 13.9604 14.2231 14.4969 14.7822
15.0000 15.0000 15.0000 15.0000 15.0000 15.0000 15.0000 15.0000 15.0000 15.0000 15.0000 15.0000 15.0000 15.0000 15.0000 15.0000 15.0000 11.0807 10.9619 10.8511 10.7485 10.6538 10.5670 10.4881 10.4170 10.3536 10.2980 10.2500 10.2096 10.1769 10.1517 10.1340 10.1240 10.1215 10.1265 10.1390 10.1591 10.1868 10.2221 10.2650 10.3155 10.3737 10.4396 10.5133 10.5948 10.6841 10.7815 10.8868 11.0002 11.1218 11.2516 11.3898 11.5365 11.6918 11.8559 12.0287 12.2106 12.4017 12.6021 12.8120 13.0317 13.2613 13.5010 13.7512 14.0120 14.2838 14.5669
15.0000 15.0000 15.0000 15.0000 15.0000 15.0000 15.0000 15.0000 15.0000 15.0000 15.0000 15.0000 15.0000 15.0000 15.0000 11.1589 11.0242 10.8978 10.7796 10.6695 10.5674 10.4733 10.3870 10.3085 10.2378 10.1748 10.1194 10.0717 10.0315 9.9989 9.9739 9.9563 9.9463 9.9438 9.9488 9.9613 9.9813 10.0088 10.0439 10.0866 10.1368 10.1947 10.2603 10.3335 10.4146 10.5035 10.6002 10.7050 10.8177 10.9386 11.0677 11.2052 11.3510 11.5054 11.6685 11.8403 12.0211 12.2110 12.4102 12.6188 12.8370 13.0652 13.3033 13.5518 13.8109 14.0809 14.3620
15.0000 15.0000 15.0000 15.0000 15.0000 15.0000 15.0000 15.0000 15.0000 15.0000 15.0000 15.0000 15.0000 15.0000 11.1256 10.9833 10.8494 10.7237 10.6061 10.4965 10.3950 10.3013 10.2155 10.1374 10.0671 10.0044 9.9493 9.9018 9.8618 9.8294 9.8045 9.7871 9.7771 9.7746 9.7795 9.7920 9.8119 9.8393 9.8742 9.9166 9.9666 10.0242 10.0894 10.1623 10.2429 10.3314 10.4276 10.5318 10.6440 10.7642 10.8926 11.0293 11.1744 11.3279 11.4901 11.6609 11.8407 12.0295 12.2275 12.4349 12.6518 12.8785 13.1152 13.3622 13.6196 13.8878 14.1670
15.0000 15.0000 15.0000 15.0000 15.0000 15.0000 15.0000 15.0000 15.0000 15.0000 15.0000 15.0000 15.0000 11.1078 10.9579 10.8164 10.6831 10.5580 10.4410 10.3321 10.2310 10.1378 10.0524 9.9747 9.9047 9.8423 9.7875 9.7402 9.7005 9.6682 9.6434 9.6260 9.6161 9.6136 9.6186 9.6309 9.6508 9.6780 9.7128 9.7550 9.8047 9.8620 9.9269 9.9995 10.0797 10.1677 10.2635 10.3671 10.4787 10.5984 10.7262 10.8621 11.0064 11.1592 11.3205 11.4904 11.6692 11.8570 12.0539 12.2601 12.4758 12.7012 12.9366 13.1820 13.4379 13.7044 13.9819
15.0000 15.0000 15.0000 15.0000 15.0000 15.0000 15.0000 15.0000 15.0000 15.0000 15.0000 15.0000 11.1056 10.9480 10.7988 10.6579 10.5253 10.4008 10.2844 10.1760 10.0754 9.9826 9.8976 9.8203 9.7506 9.6885 9.6339 9.5869 9.5473 9.5152 9.4905 9.4732 9.4633 9.4608 9.4658 9.4781 9.4978 9.5249 9.5595 9.6015 9.6511 9.7081 9.7727 9.8449 9.9248 10.0124 10.1077 10.2109 10.3219 10.4410 10.5682 10.7035 10.8471 10.9991 11.1595 11.3287 11.5065 11.6933 11.8892 12.0943 12.3089 12.5331 12.7671 13.0112 13.2656 13.5306 13.8065
15.0000 15.0000 15.0000 15.0000 15.0000 15.0000 15.0000 15.0000 15.0000 15.0000 15.0000 11.1190 10.9535 10.7966 10.6481 10.5079 10.3759 10.2520 10.1361 10.0281 9.9280 9.8356 9.7510 9.6740 9.6046 9.5427 9.4884 9.4416 9.4022 9.3702 9.3456 9.3284 9.3186 9.3161 9.3210 9.3333 9.3529 9.3799 9.4143 9.4562 9.5055 9.5623 9.6266 9.6985 9.7780 9.8652 9.9601 10.0628 10.1734 10.2920 10.4185 10.5532 10.6962 10.8474 11.0072 11.1755 11.3525 11.5384 11.7333 11.9374 12.1509 12.3739 12.6068 12.8496 13.1026 13.3662 13.6405
15.0000 15.0000 15.0000 15.0000 15.0000 15.0000 15.0000 15.0000 15.0000 15.0000 11.1479 10.9746 10.8098 10.6536 10.5057 10.3661 10.2347 10.1113 9.9959 9.8884 9.7887 9.6967 9.6124 9.5357 9.4666 9.4050 9.3509 9.3043 9.2650 9.2332 9.2087 9.1915 9.1818 9.1793 9.1842 9.1964 9.2159 9.2429 9.2771 9.3188 9.3679 9.4245 9.4886 9.5602 9.6394 9.7262 9.8207 9.9230 10.0331 10.1511 10.2772 10.4113 10.5536 10.7042 10.8632 11.0308 11.2070 11.3921 11.5861 11.7892 12.0017 12.2237 12.4554 12.6970 12.9487 13.2109 13.4838
15.0000 15.0000 15.0000 15.0000 15.0000 15.0000 15.0000 15.0000 15.0000 11.1924 11.0111 10.8385 10.6744 10.5189 10.3716 10.2326 10.1017 9.9788 9.8638 9.7567 9.6574 9.5658 9.4818 9.4054 9.3366 9.2752 9.2213 9.1748 9.1357 9.1040 9.0796 9.0626 9.0528 9.0503 9.0552 9.0674 9.0869 9.1137 9.1478 9.1894 9.2383 9.2946 9.3585 9.4298 9.5087 9.5951 9.6893 9.7912 9.9009 10.0184 10.1439 10.2775 10.4193 10.5693 10.7276 10.8945 11.0700 11.2542 11.4474 11.6496 11.8612 12.0821 12.3128 12.5532 12.8038 13.0648 13.3363
15.0000 15.0000 15.0000 15.0000 15.0000 15.0000 15.0000 15.0000 15.0000 11.0632 10.8826 10.7106 10.5472 10.3923 10.2456 10.1071 9.9766 9.8542 9.7397 9.6330 9.5340 9.4427 9.3591 9.2830 9.2144 9.1532 9.0995 9.0532 9.0143 8.9826 8.9583 8.9413 8.9316 8.9292 8.9340 8.9461 8.9655 8.9923 9.0263 9.0677 9.1164 9.1726 9.2362 9.3072 9.3858 9.4720 9.5658 9.6673 9.7766 9.8937 10.0188 10.1519 10.2930 10.4425 10.6002 10.7664 10.9412 11.1247 11.3171 11.5185 11.7292 11.9492 12.1789 12.4183 12.6678 12.9276 13.1979
15.0000 15.0000 15.0000 15.0000 15.0000 15.0000 15.0000 15.0000 11.1309 10.9422 10.7623 10.5910 10.4281 10.2737 10.1276 9.9895 9.8596 9.7376 9.6234 9.5171 9.4185 9.3275 9.2441 9.1683 9.0999 9.0390 8.9855 8.9393 8.9005 8.8690 8.8447 8.8278 8.8181 8.8157 8.8205 8.8326 8.8519 8.8786 8.9125 8.9537 9.0023 9.0583 9.1216 9.1925 9.2708 9.3567 9.4502 9.5513 9.6602 9.7770 9.9016 10.0342 10.1749 10.3237 10.4809 10.6465 10.8207 11.0035 11.1952 11.3958 11.6056 11.8248 12.0535 12.2920 12.5405 12.7992 13.0683
15.0000 15.0000 15.0000 15.0000 15.0000 15.0000 15.0000 15.0000 11.0174 10.8294 10.6500 10.4793 10.3171 10.1632 10.0175 9.8799 9.7504 9.6288 9.5150 9.4090 9.3107 9.2200 9.1369 9.0613 8.9931 8.9324 8.8790 8.8330 8.7943 8.7629 8.7387 8.7218 8.7122 8.7098 8.7146 8.7266 8.7459 8.7725 8.8063 8.8474 8.8958 8.9516 9.0148 9.0854 9.1635 9.2491 9.3423 9.4431 9.5517 9.6680 9.7922 9.9244 10.0646 10.2130 10.3697 10.5347 10.7082 10.8904 11.0814 11.2814 11.4904 11.7088 11.9367 12.1743 12.4218 12.6795 12.9476
15.0000 15.0000 15.0000 15.0000 15.0000 15.0000 15.0000 11.1084 10.9121 10.7246 10.5458 10.3757 10.2139 10.0605 9.9153 9.7781 9.6490 9.5277 9.4143 9.3086 9.2106 9.1202 9.0373 8.9619 8.8940 8.8334 8.7802 8.7343 8.6957 8.6644 8.6403 8.6235 8.6138 8.6114 8.6162 8.6282 8.6474 8.6739 8.7076 8.7486 8.7969 8.8526 8.9156 8.9860 9.0638 9.1492 9.2421 9.3426 9.4509 9.5669 9.6907 9.8225 9.9623 10.1102 10.2664 10.4309 10.6039 10.7855 10.9758 11.1751 11.3835 11.6011 11.8282 12.0650 12.3116 12.5684 12.8355
15.0000 15.0000 15.0000 15.0000 15.0000 15.0000 15.0000 11.0105 10.8147 10.6278 10.4496 10.2799 10.1186 9.9656 9.8208 9.6841 9.5553 9.4344 9.3213 9.2159 9.1181 9.0280 8.9453 8.8701 8.8023 8.7419 8.6889 8.6431 8.6046 8.5734 8.5493 8.5325 8.5229 8.5205 8.5253 8.5373 8.5565 8.5829 8.6165 8.6574 8.7056 8.7611 8.8239 8.8941 8.9717 9.0569 9.1495 9.2498 9.3577 9.4734 9.5969 9.7283 9.8677 10.0152 10.1709 10.3350 10.5074 10.6885 10.8783 11.0770 11.2847 11.5017 11.7281 11.9641 12.2099 12.4658 12.7321
15.0000 15.0000 15.0000 15.0000 15.0000 15.0000 11.1247 10.9206 10.7254 10.5390 10.3612 10.1920 10.0311 9.8786 9.7341 9.5977 9.4693 9.3487 9.2358 9.1307 9.0332 8.9432 8.8608 8.7858 8.7182 8.6579 8.6050 8.5593 8.5209 8.4898 8.4658 8.4490 8.4394 8.4370 8.4418 8.4538 8.4729 8.4992 8.5328 8.5736 8.6216 8.6770 8.7397 8.8097 8.8872 8.9721 9.0645 9.1645 9.2722 9.3876 9.5108 9.6418 9.7809 9.9280 10.0833 10.2469 10.4189 10.5995 10.7888 10.9869 11.1941 11.4104 11.6361 11.8714 12.1165 12.3717 12.6371
15.0000 15.0000 15.0000 15.0000 15.0000 15.0000 11.0423 10.8386 10.6439 10.4580 10.2807 10.1119 9.9514 9.7992 9.6551 9.5190 9.3908 9.2705 9.1579 9.0530 8.9558 8.8660 8.7837 8.7089 8.6414 8.5813 8.5285 8.4829 8.4446 8.4135 8.3896 8.3729 8.3633 8.3609 8.3657 8.3776 8.3967 8.4230 8.4565 8.4972 8.5451 8.6004 8.6629 8.7328 8.8101 8.8948 8.9870 9.0868 9.1942 9.3093 9.4322 9.5630 9.7017 9.8485 10.0034 10.1666 10.3382 10.5184 10.7072 10.9048 11.1114 11.3272 11.5523 11.7870 12.0315 12.2859 12.5506
15.0000 15.0000 15.0000 15.0000 15.0000 11.1800 10.9677 10.7646 10.5703 10.3848 10.2079 10.0394 9.8793 9.7274 9.5836 9.4478 9.3199 9.1999 9.0875 8.9828 8.8858 8.7962 8.7141 8.6394 8.5721 8.5121 8.4594 8.4139 8.3757 8.3446 8.3208 8.3041 8.2945 8.2921 8.2969 8.3088 8.3278 8.3541 8.3875 8.4281 8.4760 8.5311 8.5935 8.6632 8.7404 8.8249 8.9170 9.0165 9.1237 9.2386 9.3613 9.4917 9.6302 9.7766 9.9312 10.0941 10.2653 10.4450 10.6334 10.8306 11.0368 11.2520 11.4766 11.7107 11.9546 12.2084 12.4724
15.0000 15.0000 15.0000 15.0000 15.0000 11.1129 10.9011 10.6984 10.5045 10.3193 10.1428 9.9747 9.8149 9.6632 9.5197 9.3842 9.2565 9.1367 9.0246 8.9201 8.8232 8.7338 8.6518 8.5773 8.5101 8.4502 8.3975 8.3522 8.3140 8.2830 8.2592 8.2425 8.2330 8.2306 8.2353 8.2472 8.2662 8.2924 8.3258 8.3663 8.4141 8.4691 8.5314 8.6010 8.6780 8.7624 8.8543 8.9537 9.0607 9.1754 9.2978 9.4280 9.5662 9.7124 9.8667 10.0292 10.2001 10.3795 10.5675 10.7643 10.9700 11.1848 11.4089 11.6426 11.8859 12.1391 12.4025
15.0000 15.0000 15.0000 15.0000 15.0000 11.0538 10.8423 10.6400 10.4464 10.2616 10.0853 9.9175 9.7580 9.6066 9.4633 9.3280 9.2006 9.0809 8.9690 8.8647 8.7679 8.6787 8.5968 8.5224 8.4553 8.3955 8.3430 8.2977 8.2595 8.2286 8.2048 8.1882 8.1787 8.1763 8.1810 8.1929 8.2119 8.2380 8.2713 8.3118 8.3595 8.4144 8.4766 8.5462 8.6230 8.7073 8.7990 8.8983 9.0051 9.1196 9.2418 9.3718 9.5097 9.6557 9.8097 9.9720 10.1426 10.3216 10.5093 10.7057 10.9111 11.1255 11.3492 11.5824 11.8253 12.0780 12.3409
15.0000 15.0000 15.0000 15.0000 11.2227 11.0025 10.7914 10.5893 10.3961 10.2115 10.0355 9.8680 9.7087 9.5575 9.4144 9.2793 9.1521 9.0326 8.9208 8.8166 8.7200 8.6309 8.5492 8.4748 8.4078 8.3481 8.2956 8.2504 8.2123 8.1814 8.1577 8.1411 8.1316 8.1292 8.1339 8.1457 8.1647 8.1908 8.2241 8.2645 8.3122 8.3670 8.4291 8.4985 8.5753 8.6595 8.7511 8.8502 8.9568 9.0712 9.1932 9.3230 9.4608 9.6065 9.7603 9.9223 10.0927 10.2715 10.4588 10.6550 10.8600 11.0741 11.2974 11.5302 11.7727 12.0250 12.2875
15.0000 15.0000 15.0000 15.0000 11.1789 10.9590 10.7482 10.5464 10.3534 10.1691 9.9933 9.8259 9.6668 9.5159 9.3730 9.2380 9.1109 8.9916 8.8799 8.7759 8.6794 8.5904 8.5087 8.4345 8.3676 8.3079 8.2555 8.2103 8.1723 8.1414 8.1177 8.1011 8.0916 8.0892 8.0940 8.1058 8.1247 8.1508 8.1840 8.2244 8.2720 8.3268 8.3888 8.4582 8.5349 8.6189 8.7104 8.8094 8.9159 9.0301 9.1520 9.2817 9.4193 9.5648 9.7184 9.8802 10.0504 10.2289 10.4161 10.6119 10.8167 11.0305 11.2536 11.4860 11.7281 11.9801 12.2422
15.0000 15.0000 15.0000 15.0000 11.1430 10.9233 10.7127 10.5111 10.3183 10.1342 9.9586 9.7914 9.6325 9.4817 9.3390 9.2041 9.0772 8.9579 8.8464 8.7424 8.6460 8.5571 8.4756 8.4014 8.3345 8.2749 8.2226 8.1774 8.1394 8.1086 8.0849 8.0683 8.0588 8.0564 8.0612 8.0730 8.0919 8.1180 8.1512 8.1915 8.2390 8.2938 8.3558 8.4250 8.5016 8.5856 8.6770 8.7759 8.8824 8.9964 9.1182 9.2477 9.3852 9.5306 9.6840 9.8457 10.0156 10.1940 10.3810 10.5766 10.7812 10.9947 11.2175 11.4497 11.6916 11.9432 12.2050
15.0000 15.0000 15.0000 15.0000 11.1149 10.8953 10.6849 10.4835 10.2909 10.1069 9.9315 9.7644 9.6056 9.4550 9.3123 9.1776 9.0507 8.9316 8.8201 8.7163 8.6199 8.5310 8.4496 8.3755 8.3086 8.2491 8.1968 8.1516 8.1137 8.0829 8.0592 8.0426 8.0331 8.0308 8.0355 8.0473 8.0662 8.0922 8.1254 8.1657 8.2132 8.2679 8.3299 8.3991 8.4756 8.5595 8.6509 8.7497 8.8561 8.9700 9.0917 9.2212 9.3585 9.5038 9.6571 9.8186 9.9884 10.1667 10.3535 10.5490 10.7533 10.9667 11.1893 11.4213 11.6629 11.9144 12.1759
15.0000 15.0000 15.0000 15.0000 11.0945 10.8751 10.6648 10.4636 10.2711 10.0872 9.9119 9.7449 9.5862 9.4356 9.2931 9.1584 9.0316 8.9125 8.8011 8.6973 8.6010 8.5122 8.4308 8.3567 8.2899 8.2304 8.1781 8.1330 8.0951 8.0643 8.0406 8.0240 8.0146 8.0122 8.0169 8.0287 8.0476 8.0737 8.1068 8.1471 8.1946 8.2492 8.3112 8.3803 8.4568 8.5407 8.6320 8.7307 8.8371 8.9510 9.0726 9.2020 9.3392 9.4844 9.6377 9.7991 9.9688 10.1469 10.3336 10.5290 10.7332 10.9465 11.1689 11.4008 11.6422 11.8935 12.1549
15.0000 15.0000 15.0000 15.0000 11.0819 10.8626 10.6524 10.4512 10.2588 10.0750 9.8998 9.7329 9.5742 9.4237 9.2812 9.1466 9.0198 8.9008 8.7894 8.6856 8.5894 8.5006 8.4192 8.3451 8.2784 8.2189 8.1666 8.1215 8.0836 8.0528 8.0291 8.0126 8.0031 8.0007 8.0054 8.0172 8.0362 8.0622 8.0953 8.1356 8.1830 8.2377 8.2996 8.3687 8.4452 8.5291 8.6203 8.7190 8.8253 8.9392 9.0608 9.1901 9.3273 9.4724 9.6256 9.7870 9.9566 10.1347 10.3213 10.5166 10.7208 10.9340 11.1563 11.3881 11.6295 11.8806 12.1419
15.0000 15.0000 15.0000 15.0000 11.0772 10.8579 10.6477 10.4465 10.2541 10.0704 9.8951 9.7283 9.5696 9.4191 9.2766 9.1420 9.0153 8.8963 8.7849 8.6812 8.5849 8.4961 8.4148 8.3407 8.2740 8.2145 8.1622 8.1171 8.0792 8.0484 8.0248 8.0082 7.9987 7.9964 8.0011 8.0129 8.0318 8.0578 8.0909 8.1312 8.1786 8.2333 8.2952 8.3643 8.4408 8.5246 8.6159 8.7146 8.8208 8.9347 9.0563 9.1856 9.3227 9.4679 9.6210 9.7824 9.9520 10.1301 10.3166 10.5119 10.7160 10.9292 11.1515 11.3833 11.6246 11.8757 12.1369
15.0000 15.0000 15.0000 15.0000 11.0801 10.8608 10.6506 10.4494 10.2570 10.0733 9.8980 9.7311 9.5725 9.4219 9.2794 9.1448 9.0181 8.8991 8.7877 8.6839 8.5877 8.4989 8.4175 8.3434 8.2767 8.2172 8.1649 8.1198 8.0819 8.0511 8.0275 8.0109 8.0014 7.9991 8.0038 8.0156 8.0345 8.0605 8.0936 8.1339 8.1814 8.2360 8.2979 8.3671 8.4435 8.5274 8.6186 8.7173 8.8236 8.9375 9.0590 9.1884 9.3256 9.4707 9.6239 9.7852 9.9549 10.1329 10.3195 10.5148 10.7190 10.9321 11.1545 11.3863 11.6276 11.8788 12.1400
15.0000 15.0000 15.0000 15.0000 11.0909 10.8715 10.6612 10.4600 10.2675 10.0837 9.9084 9.7414 9.5827 9.4321 9.2896 9.1550 9.0282 8.9091 8.7977 8.6939 8.5977 8.5088 8.4274 8.3533 8.2866 8.2271 8.1748 8.1297 8.0917 8.0609 8.0373 8.0207 8.0112 8.0089 8.0136 8.0254 8.0443 8.0703 8.1035 8.1438 8.1912 8.2459 8.3078 8.3770 8.4535 8.5373 8.6286 8.7274 8.8336 8.9476 9.0692 9.1985 9.3357 9.4809 9.6342 9.7956 9.9653 10.1434 10.3300 10.5254 10.7296 10.9428 11.1653 11.3971 11.6385 11.8898 12.1511
15.0000 15.0000 15.0000 15.0000 11.1094 10.8899 10.6795 10.4781 10.2856 10.1016 9.9262 9.7592 9.6004 9.4497 9.3071 9.1724 9.0456 8.9265 8.8150 8.7112 8.6148 8.5260 8.4445 8.3704 8.3036 8.2441 8.1917 8.1466 8.1087 8.0779 8.0542 8.0376 8.0281 8.0258 8.0305 8.0423 8.0612 8.0872 8.1204 8.1607 8.2082 8.2629 8.3248 8.3940 8.4706 8.5545 8.6458 8.7446 8.8509 8.9649 9.0866 9.2160 9.3533 9.4986 9.6519 9.8134 9.9832 10.1614 10.3481 10.5436 10.7479 10.9613 11.1838 11.4158 11.6574 11.9088 12.1702
