Output/test6_slope_out.asc
ncols           149
nrows           178
xllcorner    0.000000                                       
yllcorner    0.000000                                       
cellsize        20.0000
NODATA_value  -9999.0000
[rows 87 to 115 of 120, columns 65 to 129 of 149]
50.2376 56.2739 59.0922 59.0157 58.1251 58.4875 58.9659 58.1575 55.9150 53.1208 51.3989 48.8306 45.9884 52.6621 54.4933 46.0219 40.7294 42.3909 47.2049 42.0033 30.1099 26.1574 22.1261 15.5525 8.0155 2.7715 3.7597 11.2560 24.5251 34.5041 38.5196 34.0519 25.4731 22.3586 20.6734 16.7168 16.6383 18.2095 18.8601 21.1169 32.3832 41.3826 42.9595 41.2404 33.4320 27.9453 30.4074 34.0281 37.7502 48.5836 57.7540 58.5709 53.7044 46.6389 36.3882 22.0733 11.3967 17.9518 26.3324 35.7845 41.0335 44.2021 43.8819 37.4736 39.4445
49.5629 55.0528 56.7955 55.7309 56.4351 58.3036 58.0328 56.6186 53.7710 50.7156 49.1432 48.3982 48.7523 51.2444 49.2558 45.3327 43.3828 43.0317 44.0983 37.2237 28.4222 27.5312 21.2743 12.3501 6.6212 3.9268 5.5956 15.7874 30.0254 33.3506 29.2794 23.5620 18.1446 19.1373 22.1664 25.8020 28.0053 28.2836 26.8884 22.5878 31.9268 42.6399 42.5007 40.2107 34.1338 30.0534 31.9745 37.9612 44.1367 50.1911 55.0152 57.1761 55.6160 52.9441 47.1168 35.9916 16.8297 7.0299 24.3779 37.0243 46.2031 49.8885 43.9218 34.0145 30.9318
50.7316 55.2417 56.0621 56.0384 58.1664 59.1183 57.5797 55.0655 50.7242 46.8703 46.5030 47.7738 49.6855 48.9308 45.6121 46.9629 47.7830 44.8961 42.0777 36.7110 31.2776 27.0385 18.8372 12.7416 11.5916 9.6221 10.2252 18.9901 28.5041 29.0766 25.9108 22.7409 20.6372 21.5260 22.8451 25.5630 28.7251 32.9560 31.8936 22.7636 28.4800 40.9677 40.8030 37.9201 32.0087 27.5348 27.6568 30.6014 38.1745 42.2664 46.0704 51.6808 53.8176 53.7468 50.6378 44.0809 31.5843 21.4225 28.0132 36.6887 41.0892 36.4684 29.8364 26.2991 22.9331
51.9414 55.3010 55.6240 56.3648 58.4528 58.3708 55.8910 50.5985 42.6486 39.8595 43.8548 47.1926 50.8451 50.9249 48.3973 49.9072 49.4541 44.8392 40.7507 36.2826 31.4297 26.0186 19.1784 15.1742 15.0890 15.7510 15.2710 22.2043 29.3476 24.6370 17.8383 16.9047 17.9311 18.4967 18.9284 16.9577 22.2085 37.5018 36.0363 24.6103 24.2900 35.7329 37.8968 35.9668 29.9253 22.5964 21.7542 34.7380 38.6440 31.4399 40.5816 47.2473 52.2283 55.1767 55.4064 52.4117 44.4039 34.5406 31.5505 32.8618 32.7282 26.9973 20.2785 18.5936 18.8183
52.2072 53.9972 50.8833 48.3883 51.4326 51.4997 47.8761 41.9999 38.3547 41.1242 46.2981 49.1455 52.5604 52.9656 50.8262 52.1798 49.8841 43.4058 38.3299 34.1926 29.8622 24.7903 19.0677 16.7218 17.6271 21.7814 21.6437 28.4676 32.7396 20.4230 8.7121 8.9483 13.2269 14.4700 13.2830 11.2972 31.4172 42.1886 35.4678 23.6444 23.3450 31.4137 33.5275 32.1140 26.5636 15.5991 29.6983 58.7931 48.9613 59.8443 24.0300 31.6826 39.3279 47.6900 54.5085 56.2669 52.3512 45.1403 38.0679 32.9835 29.9472 26.3964 17.6346 15.2618 20.7095
52.7974 53.6122 44.4945 39.3862 48.2286 45.6776 41.2588 40.1442 43.2094 46.8748 49.1571 50.3065 51.6758 51.6888 49.7808 49.4704 44.1994 35.9859 31.6375 28.1883 24.0946 18.6295 11.1594 11.3370 18.8695 27.8930 28.1413 30.5931 28.9706 12.7206 4.0847 3.3565 6.3275 7.5413 10.5862 20.3027 34.7576 40.4802 33.5349 27.4634 31.4512 36.4493 35.4302 31.0542 24.3175 14.4301 32.6669 57.6324 53.1793 61.3706 8.4870 14.8586 22.9318 36.6126 49.3678 54.7994 54.6841 51.0695 45.3813 39.1825 34.9386 32.5900 22.5856 16.6659 22.4640
52.7330 51.0683 35.6226 37.4920 50.8438 45.8824 43.3259 43.8300 44.7869 45.8798 46.9020 47.5987 48.1577 48.1765 46.9832 46.0141 37.0498 25.7590 23.8428 21.7209 18.6316 14.4584 7.1663 2.9730 16.6738 29.3346 32.2766 32.8528 25.9274 11.3454 4.8600 3.1660 4.5030 9.8934 18.6192 24.7721 31.6897 38.3119 37.0093 35.1324 37.3383 38.4474 34.3325 28.4312 22.1407 13.9538 19.6962 43.1125 51.7218 44.3647 6.3513 12.1291 19.2370 31.5485 44.4027 51.7203 54.0805 52.7335 48.5046 42.6804 38.7124 38.3634 29.0364 18.3080 23.0625
50.9347 45.5766 33.3907 41.4370 51.0664 46.9681 45.1279 45.7003 45.6829 44.9126 44.1674 44.1365 44.4473 44.1494 43.3271 43.4758 37.8689 25.0213 19.7104 18.5990 16.1560 11.1795 4.1487 4.0061 14.5233 28.9143 39.6335 38.5490 23.9708 11.8753 6.7187 4.3758 3.3673 12.8686 24.4134 26.9549 29.8852 38.3090 41.5524 40.1384 39.9564 37.1316 29.1991 24.1346 20.9346 14.4514 4.6586 11.7371 26.2071 18.1768 3.5143 9.7105 16.1752 27.0078 39.9363 49.5286 54.3484 54.7485 51.0330 44.6906 40.8737 41.1006 35.1519 27.5525 28.8173
46.0081 40.2358 37.7652 43.8525 48.3086 47.0247 46.2738 46.5422 45.8671 43.3411 40.2915 39.9316 40.4087 39.7150 38.6663 40.2629 39.2755 25.9362 16.2673 17.5802 15.3586 9.0252 2.4636 4.8296 13.8630 33.5870 48.2540 39.1933 18.9221 11.1084 6.8500 4.2582 2.4446 14.0196 30.8391 32.2805 33.5888 41.2087 43.8466 42.5203 42.4582 39.6213 31.7063 27.4164 25.0095 19.7416 16.4052 17.8003 19.2129 12.2376 0.9362 6.6935 12.0174 21.7020 34.3647 46.6263 55.3582 57.7121 54.0326 47.4466 44.5725 44.5722 43.5374 43.3774 43.1265
42.0787 38.5375 39.8649 42.8647 42.2776 43.2281 43.2016 37.8946 33.2215 26.7674 25.6742 30.8347 35.4919 37.5229 34.5477 35.8767 38.2255 25.3183 16.5071 19.1511 14.2878 6.7599 5.2909 11.4165 26.4246 43.5135 47.5685 29.9500 7.5125 6.7453 4.8409 3.5387 3.2937 11.1212 33.0049 36.8868 35.4147 41.4935 42.0158 40.6651 40.2989 36.9055 27.8416 25.3334 20.0740 13.4937 19.1088 22.2277 18.3021 12.6221 3.6226 3.9172 6.8696 14.0084 24.4550 37.9665 52.0248 58.1122 57.9059 55.6025 54.3731 53.5878 51.4061 51.1413 52.8111
44.6840 41.9342 42.6567 43.9814 42.1982 42.3029 40.7109 35.7266 33.1943 26.2373 21.6123 26.1299 33.4995 36.6708 30.7585 32.4841 37.8495 30.5223 26.5085 25.3024 10.8494 6.0570 11.6972 23.5208 38.5997 45.0546 37.6365 21.1163 8.0649 1.9146 2.3694 2.8595 4.0115 7.2322 28.3937 41.1496 41.7434 41.3164 38.0367 35.6630 35.0682 34.6430 29.2471 16.2940 6.7417 12.1487 20.4858 23.0645 17.4953 12.9424 5.8534 4.3800 6.5506 10.6948 18.4809 30.6547 43.4877 51.9423 56.2895 57.5650 57.4758 57.6188 57.1471 56.0129 55.7934
45.7321 44.1406 44.3013 46.0578 46.2087 41.2749 35.0227 33.9954 34.5593 31.7349 27.6031 27.9260 34.3922 41.4395 41.7971 40.0632 40.2786 35.2084 32.9415 29.9968 16.8554 17.7233 21.8439 28.8255 37.0155 39.1817 29.3315 16.1699 6.8178 1.6275 2.0438 2.6509 3.8221 6.2348 23.4391 41.9174 45.5160 41.4614 36.1350 32.2890 29.8059 29.5074 32.3535 30.7462 22.0045 19.9697 19.2183 20.5289 17.1957 12.8079 9.0074 9.7061 12.3440 14.5871 20.3265 29.3201 36.6137 42.6050 47.6102 51.0607 52.9025 55.0243 58.1856 59.2887 57.9275
45.2584 44.3918 44.6634 48.0332 48.7709 41.2691 36.3616 37.3534 38.3509 37.9098 34.7399 30.7760 30.1230 34.6233 38.4941 39.3746 39.2937 37.3954 36.0226 28.1256 15.1579 17.6430 20.2399 24.8904 31.4622 37.4638 29.8146 11.8955 3.8071 2.3419 2.3208 2.5352 4.4413 8.2006 23.2302 43.5672 47.2379 40.4928 34.5402 29.7669 25.2745 21.0229 19.2169 25.0617 30.1454 28.9375 23.7982 20.7582 16.6945 11.9468 14.2426 16.5220 16.9333 17.7770 22.4160 28.4376 33.3187 37.7154 41.8041 45.2828 47.6916 49.5024 53.9801 58.6187 58.9973
44.4447 43.9952 44.0881 47.6623 50.1116 44.9316 43.6976 44.3629 42.3010 41.9421 40.8443 37.2339 32.5063 32.7635 36.6476 38.6695 39.6580 40.7138 40.7582 28.5455 14.9170 17.0114 16.9924 20.1190 27.0812 35.1919 27.3020 9.7980 3.2077 1.3272 2.0017 4.5079 12.5724 23.0784 32.9007 45.9567 48.1271 39.1092 33.0189 28.1235 23.2634 17.7446 10.3829 7.7804 18.4406 21.9104 22.4083 22.4852 20.1680 17.3020 22.7455 23.5760 19.9100 19.9068 23.4043 27.6185 31.2576 34.6379 37.9876 41.0196 43.3688 43.7982 46.0959 53.8824 58.0973
43.3323 43.0306 42.5489 45.0139 50.9317 50.7164 48.2391 46.8261 43.4486 43.3085 43.7613 42.6246 39.2473 37.4137 38.3344 39.3794 40.3506 42.2224 44.7473 36.1509 24.2780 18.8912 13.4227 13.6940 22.1414 31.1806 27.9157 20.3093 14.9477 7.3171 3.7297 11.7471 25.8983 36.1205 42.2926 48.1113 46.6775 36.8498 31.3829 27.1503 22.8627 17.8886 11.4807 11.2717 14.4473 8.4289 12.2160 17.8155 22.9288 28.5343 34.2435 29.6150 22.4767 20.9970 23.4042 26.7158 29.6888 32.4013 35.0923 37.6348 39.6214 39.5754 40.3952 48.6045 55.8583
41.6475 41.0251 40.0759 42.4711 48.9031 52.0229 50.5844 46.7953 43.4811 43.7769 44.6564 44.7275 43.0906 41.0322 40.2525 40.3281 40.7230 42.0095 44.9172 42.5958 34.5478 23.2154 10.9649 3.4928 19.0334 30.1780 30.5347 24.4962 20.0330 14.5779 10.4937 21.3755 32.6892 37.6373 42.0183 46.4955 42.7107 33.5723 29.9285 26.9706 23.7364 20.0222 16.1512 16.5061 21.5047 25.4142 24.3997 17.8451 21.5171 29.5027 34.1132 27.7999 23.5819 21.0436 22.4788 25.3490 28.0665 30.5685 32.9882 35.2519 37.0124 37.4366 39.5221 47.6019 54.8870
38.6908 38.3979 37.7716 41.7374 47.5828 51.8551 52.7585 47.0098 43.7002 44.7923 45.7888 46.4235 45.8673 43.8442 41.8470 40.8625 40.5022 41.0228 42.1048 41.8937 38.0710 30.0899 20.1262 9.0789 10.4754 23.2992 25.4862 20.3825 18.5018 18.4682 19.3654 27.0142 33.0342 35.6770 39.7803 42.3402 35.3724 28.3931 28.5466 27.4807 25.6279 23.3536 21.4483 21.5303 22.8173 28.8464 35.1019 28.2788 25.6431 28.7668 25.1892 13.8841 18.5538 18.6244 19.8560 22.7335 25.8594 28.7670 31.6195 34.2675 36.3385 36.8052 34.2223 39.1138 48.7994
41.5129 47.1506 49.3932 48.2920 47.7527 51.6729 51.7834 48.2391 47.6927 49.1043 48.4626 48.2193 48.2098 46.9299 43.9472 40.5247 39.6120 40.6598 39.5555 38.8992 38.0335 34.7048 31.9302 26.4321 22.4849 29.6220 32.5284 30.6070 26.2057 23.9221 24.3078 26.7886 30.3766 32.8314 36.4096 40.0057 34.2379 25.3303 26.9576 28.3845 28.5586 27.8945 26.5526 25.2170 22.5445 28.0758 37.6706 35.5459 32.1036 30.6474 21.5673 4.0255 8.2833 12.2416 14.6191 17.6631 21.7575 26.2498 30.6755 34.8465 37.8838 38.0221 29.6318 27.7906 38.8144
48.5777 52.4048 54.3668 50.8369 49.8390 53.4314 51.1870 50.3906 49.5569 49.4476 48.2291 47.5022 48.0670 48.9560 47.8200 43.3995 40.6277 42.1557 41.1066 39.8032 38.5937 35.6105 35.7369 34.4816 34.9215 39.6000 40.2339 38.6250 33.2182 27.8824 25.9011 24.5560 25.4290 27.4635 30.9717 40.0750 42.2786 34.9608 30.4342 30.6177 31.8047 29.8968 25.4517 22.3125 20.6297 29.0858 37.1083 39.0052 37.8574 32.8910 17.2917 3.1063 1.5449 3.7521 5.6934 8.2589 11.8002 16.0782 19.9107 22.7141 26.7438 32.8119 29.2246 27.2670 34.6885
45.7585 44.6955 45.1435 45.2789 50.7389 55.3249 54.2651 51.6074 48.6463 47.7785 47.0378 46.1288 46.4656 48.4337 49.6776 47.5700 43.2106 42.5232 43.2647 42.9817 40.4572 35.3538 34.3899 34.0309 39.2227 44.6526 43.4026 39.3344 34.4012 34.0865 34.3557 32.1993 29.4760 26.5429 23.4481 33.2494 42.2886 36.7553 31.9444 33.5369 31.9161 19.9117 7.6243 7.9420 19.5635 31.7967 36.3749 39.6080 39.6181 30.8293 13.4531 9.1025 13.6502 18.5648 21.2257 19.9538 14.6322 7.9553 1.6896 4.6645 14.8098 24.1489 24.2819 24.7665 30.3289
38.9604 38.3624 37.4006 39.5902 45.7774 50.8451 52.4672 51.6764 50.5460 49.0497 47.5520 45.9137 45.4430 46.7824 48.3575 48.2713 44.9238 41.9628 42.5022 44.1567 42.4140 36.1744 33.8309 33.9984 39.0590 39.4634 35.2377 33.2438 34.3273 37.9924 39.3420 38.9810 38.9754 39.1235 40.3372 42.8333 44.3821 34.9479 24.3572 29.4473 32.4594 30.7435 29.2697 30.9167 35.3560 38.4943 38.5055 36.7557 32.4016 25.7743 17.6227 17.9536 26.4215 32.4726 35.4718 34.5859 30.0830 22.6255 14.1245 3.3424 12.8591 19.4808 20.9743 21.7951 23.6470
34.6982 35.6688 36.1320 37.4984 40.8379 44.2001 47.1771 50.4573 51.5299 49.8837 47.6814 44.9685 43.7675 45.3278 47.6046 48.6909 46.7171 42.9066 40.8067 42.0016 40.3953 32.5765 26.8402 24.6622 27.0255 24.1459 22.3906 26.3117 30.4219 33.2087 36.0503 38.0948 38.9229 39.6191 39.9251 38.5564 34.6656 21.2628 13.3283 22.3583 26.8462 28.0087 28.6774 30.6258 34.2255 36.4333 33.2414 24.4846 21.6671 20.8474 12.0723 14.6674 25.3789 26.4717 24.6260 25.0969 27.5787 24.2771 20.2518 9.7700 8.0258 17.2367 19.6278 21.1671 20.2209
35.2511 36.2133 37.1521 37.4035 38.3025 41.5256 45.3659 48.3421 49.5673 49.8362 47.8044 43.5927 40.1434 43.2630 48.5416 51.0559 49.8802 45.5982 41.0167 39.8504 37.6542 31.3957 23.5771 19.2176 18.7185 18.7926 24.4141 30.1910 33.8114 36.5000 37.7593 37.9552 38.2400 38.5964 36.0753 28.9561 18.8856 7.8776 8.2118 16.1553 22.8351 26.1535 27.3528 29.6504 33.1953 33.0512 26.4381 17.6237 21.5592 21.0213 3.9523 17.3889 26.9107 21.7395 13.3688 15.6174 22.6402 22.3983 21.6129 16.6302 3.3100 11.9168 17.5470 21.4423 22.8557
38.9066 38.2180 38.5076 38.1736 36.4124 38.6663 47.1064 47.6406 45.7096 49.9158 50.1680 47.1200 42.1053 40.5753 43.8735 46.2104 48.7770 51.0054 47.7163 43.0125 40.7414 37.6227 28.1683 20.7381 18.4652 19.4068 26.7162 31.5729 36.1412 38.8100 35.7102 29.6008 23.8843 18.7495 10.7707 4.4147 5.5995 7.1016 8.0082 11.0849 17.2645 22.8501 25.8574 27.6711 29.0872 27.1266 22.3843 20.8654 25.0207 14.0573 12.4548 25.0553 30.4336 21.9717 10.5039 14.2766 18.7483 19.7079 19.9310 18.6721 11.0755 2.2708 10.9904 18.2902 23.2687
44.6239 42.1969 41.0535 40.3015 37.8032 38.8152 49.5160 50.5047 47.4548 50.8268 52.4906 51.6923 47.8290 43.0430 45.3000 41.4825 42.4903 53.7420 55.6830 51.2100 47.0941 43.2014 30.5262 19.0261 17.9447 18.3709 23.1774 27.2108 33.5329 35.4886 16.2602 4.0475 16.1685 24.5812 27.8500 26.0702 21.5213 16.8511 13.5406 13.8462 17.9303 21.4186 22.8686 22.2481 20.9375 19.3194 16.2906 15.5666 13.0800 5.8422 23.1865 27.8812 28.4215 15.2668 9.1486 14.8645 16.7274 17.4378 17.6473 17.3749 14.2741 8.0147 0.9848 8.3740 13.8429
47.2726 45.0111 43.2127 41.9069 40.9045 42.0368 49.2074 52.6536 51.0413 50.5526 50.8804 50.3481 48.9278 48.3286 49.3453 43.1666 36.1906 45.5775 52.0259 49.9853 47.4436 46.2510 35.4754 19.9182 14.4127 11.8178 14.3444 20.5232 31.0121 41.8039 36.4334 37.6039 37.3286 36.8606 35.1109 32.4859 28.5920 23.8414 21.0388 23.5946 24.6198 22.2691 19.0457 15.5951 12.6068 11.6580 9.4845 8.8922 5.3354 10.7519 22.7093 25.8906 22.7024 8.8348 8.1191 15.0454 15.5895 15.4764 15.2196 15.5002 14.6214 11.8236 7.0086 1.5901 4.0037
48.1034 45.9546 43.7904 42.3611 42.1722 43.4648 46.6356 49.8683 49.9194 48.4389 47.6360 46.8552 47.8756 49.3337 49.0213 43.1801 34.5711 38.3487 44.1380 44.9284 45.0877 45.3768 38.2085 22.2051 10.6333 3.2780 6.9143 16.3681 27.4877 42.2437 50.0117 49.1644 43.8351 40.3610 37.3722 34.4337 31.2900 27.6628 28.2373 31.9374 28.0328 21.8843 16.6180 11.4611 6.2853 4.9006 7.7441 11.8079 11.9720 7.8961 22.4617 24.8393 20.7088 12.3088 4.9835 15.3361 14.7158 13.6492 12.3850 12.7763 13.4316 12.5390 6.8720 6.9870 10.2324
49.0785 46.6771 43.6242 42.0851 42.5790 44.3810 46.4544 49.0658 49.4140 47.1252 45.4258 45.2985 47.0956 48.3966 48.0316 44.4633 40.4029 40.8936 42.0814 42.7004 43.0783 42.9387 38.7169 26.2682 12.3208 5.9032 8.5493 16.0260 25.7120 38.8189 47.9982 48.8734 45.0602 41.6949 38.5168 34.5304 30.6822 26.4336 33.4860 36.6609 31.9705 22.6526 16.3175 10.7102 4.9694 1.9226 6.9121 12.7619 22.2503 24.7503 17.1341 21.1691 16.6533 17.1407 15.1114 16.2086 15.1944 14.3702 14.5174 15.2432 14.8272 11.1976 3.4577 13.4365 18.1677
48.4508 48.4981 43.3331 39.8424 42.7624 45.8816 47.9800 49.3032 50.3538 47.9783 44.4492 45.3918 47.3783 47.8860 46.4702 44.1778 42.9251 42.5855 42.1033 42.0242 41.9801 41.7877 40.5166 31.9081 17.5331 11.5849 13.1082 18.1173 25.2468 34.0029 31.9476 30.5205 30.4099 32.1835 33.9700 31.8313 26.7112 18.0044 27.6325 22.5797 29.8697 24.6134 18.2944 12.9986 8.4924 6.7027 8.9310 15.0744 26.3910 31.3027 26.8833 15.7435 5.6569 20.6963 28.2238 22.4299 19.1656 18.2616 19.4316 16.3270 8.4805 5.2327 16.9243 23.3239 25.1821
