Output/test_newDEM_out.asc
ncols           133
nrows           133
xllcorner            0.000000                               
yllcorner            0.000000                               
cellsize         0.5000
NODATA_value  -9999.0000
[rows 30 to 59 of 133, columns 0 to 66 of 133]
15.0000 15.0000 15.0000 15.0000 15.0000 15.0000 15.0000 15.0000 15.0000 15.0000 15.0000 15.0000 15.0000 15.0000 15.0000 15.0000 15.0000 15.0000 15.0000 15.0000 15.0000 15.0000 15.0000 15.0000 15.0000 15.0000 15.0000 15.0000 15.0000 15.0000 15.0000 15.0000 15.0000 15.0000 15.0000 15.0000 15.0000 15.3333 15.6667 16.0000 15.8709 15.8741 15.7486 15.6314 15.5223 15.4212 15.3282 15.2430 15.1657 15.0963 15.0345 14.9805 14.9341 14.8954 14.8643 14.8408 14.8248 14.8164 14.8156 14.8223 14.8366 14.8584 14.8879 14.9249 14.9695 15.0219 15.0819
15.0000 15.0000 15.0000 15.0000 15.0000 15.0000 15.0000 15.0000 15.0000 15.0000 15.0000 15.0000 15.0000 15.0000 15.0000 15.0000 15.0000 15.0000 15.0000 15.0000 15.0000 15.0000 15.0000 15.0000 15.0000 15.0000 15.0000 15.0000 15.0000 15.0000 15.0000 15.0000 15.0000 15.0000 15.0000 15.0000 15.0000 15.3333 15.6667 15.7549 15.7155 15.5829 15.4586 15.3424 15.2343 15.1341 15.0419 14.9575 14.8809 14.8120 14.7508 14.6972 14.6512 14.6129 14.5820 14.5587 14.5429 14.5345 14.5337 14.5404 14.5545 14.5762 14.6054 14.6421 14.6864 14.7382 14.7977
15.0000 15.0000 15.0000 15.0000 15.0000 15.0000 15.0000 15.0000 15.0000 15.0000 15.0000 15.0000 15.0000 15.0000 15.0000 15.0000 15.0000 15.0000 15.0000 15.0000 15.0000 15.0000 15.0000 15.0000 15.0000 15.0000 15.0000 15.0000 15.0000 15.0000 15.0000 15.0000 15.0000 15.0000 15.0000 15.0000 15.0000 15.3333 15.6667 15.5732 15.4335 15.3021 15.1788 15.0636 14.9564 14.8571 14.7656 14.6819 14.6059 14.5376 14.4769 14.4238 14.3782 14.3401 14.3095 14.2864 14.2707 14.2624 14.2616 14.2682 14.2823 14.3037 14.3327 14.3691 14.4130 14.4645 14.5235
15.0000 15.0000 15.0000 15.0000 15.0000 15.0000 15.0000 15.0000 15.0000 15.0000 15.0000 15.0000 15.0000 15.0000 15.0000 15.0000 15.0000 15.0000 15.0000 15.0000 15.0000 15.0000 15.0000 15.0000 15.0000 15.0000 15.0000 15.0000 15.0000 15.0000 15.0000 15.0000 15.0000 15.0000 15.0000 15.0000 15.0000 15.3333 15.3401 15.3001 15.1616 15.0312 14.9090 14.7947 14.6883 14.5898 14.4991 14.4161 14.3407 14.2729 14.2127 14.1600 14.1147 14.0770 14.0466 14.0236 14.0081 13.9999 13.9991 14.0056 14.0195 14.0409 14.0696 14.1057 14.1493 14.2003 14.2589
15.0000 15.0000 15.0000 15.0000 15.0000 15.0000 15.0000 15.0000 15.0000 15.0000 15.0000 15.0000 15.0000 15.0000 15.0000 15.0000 15.0000 15.0000 15.0000 15.0000 15.0000 15.0000 15.0000 15.0000 15.0000 15.0000 15.0000 15.0000 15.0000 15.0000 15.0000 15.0000 15.0000 15.0000 15.0000 15.0000 15.0000 15.2965 15.1825 15.0369 14.8995 14.7701 14.6488 14.5354 14.4299 14.3322 14.2421 14.1597 14.0849 14.0177 13.9579 13.9056 13.8607 13.8232 13.7930 13.7702 13.7548 13.7467 13.7458 13.7523 13.7662 13.7873 13.8158 13.8517 13.8950 13.9456 14.0037
15.0000 15.0000 15.0000 15.0000 15.0000 15.0000 15.0000 15.0000 15.0000 15.0000 15.0000 15.0000 15.0000 15.0000 15.0000 15.0000 15.0000 15.0000 15.0000 15.0000 15.0000 15.0000 15.0000 15.0000 15.0000 15.0000 15.0000 15.0000 15.0000 15.0000 15.0000 15.0000 15.0000 15.0000 15.0000 15.0000 15.0000 14.9760 14.9278 14.7833 14.6469 14.5186 14.3982 14.2856 14.1809 14.0838 13.9945 13.9127 13.8384 13.7716 13.7123 13.6603 13.6158 13.5785 13.5486 13.5260 13.5106 13.5026 13.5018 13.5082 13.5219 13.5430 13.5713 13.6069 13.6498 13.7001 13.7578
15.0000 15.0000 15.0000 15.0000 15.0000 15.0000 15.0000 15.0000 15.0000 15.0000 15.0000 15.0000 15.0000 15.0000 15.0000 15.0000 15.0000 15.0000 15.0000 15.0000 15.0000 15.0000 15.0000 15.0000 15.0000 15.0000 15.0000 15.0000 15.0000 15.0000 15.0000 15.0000 15.0000 15.0000 15.0000 15.0000 14.8984 14.8342 14.6826 14.5391 14.4037 14.2763 14.1568 14.0450 13.9410 13.8447 13.7559 13.6747 13.6009 13.5346 13.4757 13.4241 13.3798 13.3429 13.3131 13.2907 13.2754 13.2674 13.2666 13.2730 13.2867 13.3075 13.3356 13.3710 13.4136 13.4636 13.5209
15.0000 15.0000 15.0000 15.0000 15.0000 15.0000 15.0000 15.0000 15.0000 15.0000 15.0000 15.0000 15.0000 15.0000 15.0000 15.0000 15.0000 15.0000 15.0000 15.0000 15.0000 15.0000 15.0000 15.0000 15.0000 15.0000 15.0000 15.0000 15.0000 15.0000 15.0000 15.0000 15.0000 15.0000 15.0000 14.8380 14.7560 14.5972 14.4466 14.3041 14.1697 14.0431 13.9244 13.8135 13.7102 13.6145 13.5263 13.4456 13.3724 13.3065 13.2479 13.1967 13.1527 13.1160 13.0864 13.0641 13.0490 13.0410 13.0402 13.0466 13.0601 13.0809 13.1088 13.1439 13.1863 13.2359 13.2928
15.0000 15.0000 15.0000 15.0000 15.0000 15.0000 15.0000 15.0000 15.0000 15.0000 15.0000 15.0000 15.0000 15.0000 15.0000 15.0000 15.0000 15.0000 15.0000 15.0000 15.0000 15.0000 15.0000 15.0000 15.0000 15.0000 15.0000 15.0000 15.0000 15.0000 15.0000 15.0000 15.0000 15.0000 14.7787 14.6929 14.5270 14.3692 14.2197 14.0782 13.9446 13.8189 13.7010 13.5907 13.4881 13.3930 13.3054 13.2253 13.1525 13.0870 13.0288 12.9779 12.9342 12.8977 12.8683 12.8461 12.8311 12.8232 12.8224 12.8287 12.8422 12.8628 12.8905 12.9255 12.9676 13.0169 13.0734
15.0000 15.0000 15.0000 15.0000 15.0000 15.0000 15.0000 15.0000 15.0000 15.0000 15.0000 15.0000 15.0000 15.0000 15.0000 15.0000 15.0000 15.0000 15.0000 15.0000 15.0000 15.0000 15.0000 15.0000 15.0000 15.0000 15.0000 15.0000 15.0000 15.0000 15.0000 15.0000 15.0000 14.7347 14.6451 14.4718 14.3069 14.1503 14.0017 13.8611 13.7284 13.6034 13.4863 13.3767 13.2747 13.1802 13.0931 13.0134 12.9411 12.8760 12.8182 12.7676 12.7241 12.6878 12.6587 12.6366 12.6217 12.6138 12.6130 12.6193 12.6327 12.6532 12.6807 12.7155 12.7573 12.8063 12.8626
15.0000 15.0000 15.0000 15.0000 15.0000 15.0000 15.0000 15.0000 15.0000 15.0000 15.0000 15.0000 15.0000 15.0000 15.0000 15.0000 15.0000 15.0000 15.0000 15.0000 15.0000 15.0000 15.0000 15.0000 15.0000 15.0000 15.0000 15.0000 15.0000 15.0000 15.0000 14.9458 14.7057 14.6123 14.4317 14.2596 14.0958 13.9400 13.7924 13.6526 13.5207 13.3966 13.2801 13.1712 13.0698 12.9758 12.8893 12.8100 12.7381 12.6734 12.6159 12.5656 12.5224 12.4863 12.4573 12.4354 12.4205 12.4127 12.4119 12.4181 12.4315 12.4518 12.4792 12.5138 12.5554 12.6041 12.6600
15.0000 15.0000 15.0000 15.0000 15.0000 15.0000 15.0000 15.0000 15.0000 15.0000 15.0000 15.0000 15.0000 15.0000 15.0000 15.0000 15.0000 15.0000 15.0000 15.0000 15.0000 15.0000 15.0000 15.0000 15.0000 15.0000 15.0000 15.0000 15.0000 15.0000 14.9450 14.7910 14.5945 14.4066 14.2272 14.0561 13.8932 13.7384 13.5916 13.4527 13.3216 13.1981 13.0823 12.9740 12.8732 12.7797 12.6937 12.6149 12.5433 12.4790 12.4218 12.3718 12.3288 12.2929 12.2641 12.2423 12.2275 12.2197 12.2189 12.2251 12.2384 12.2586 12.2859 12.3202 12.3616 12.4101 12.4657
15.0000 15.0000 15.0000 15.0000 15.0000 15.0000 15.0000 15.0000 15.0000 15.0000 15.0000 15.0000 15.0000 15.0000 15.0000 15.0000 15.0000 15.0000 15.0000 15.0000 15.0000 15.0000 15.0000 15.0000 15.0000 15.0000 15.0000 15.0000 15.0000 15.0000 14.6988 14.5917 14.3964 14.2096 14.0312 13.8611 13.6992 13.5453 13.3993 13.2611 13.1307 13.0079 12.8927 12.7850 12.6848 12.5918 12.5062 12.4278 12.3567 12.2927 12.2358 12.1860 12.1433 12.1076 12.0789 12.0572 12.0425 12.0347 12.0339 12.0401 12.0533 12.0734 12.1006 12.1347 12.1759 12.2241 12.2794
15.0000 15.0000 15.0000 15.0000 15.0000 15.0000 15.0000 15.0000 15.0000 15.0000 15.0000 15.0000 15.0000 15.0000 15.0000 15.0000 15.0000 15.0000 15.0000 15.0000 15.0000 15.0000 15.0000 15.0000 15.0000 15.0000 15.0000 15.0000 15.0000 14.7223 14.6040 14.4011 14.2069 14.0212 13.8438 13.6746 13.5135 13.3604 13.2152 13.0778 12.9481 12.8259 12.7113 12.6042 12.5044 12.4120 12.3268 12.2488 12.1780 12.1143 12.0577 12.0082 11.9656 11.9301 11.9016 11.8800 11.8653 11.8576 11.8568 11.8630 11.8761 11.8962 11.9232 11.9571 11.9981 12.0461 12.1011
15.0000 15.0000 15.0000 15.0000 15.0000 15.0000 15.0000 15.0000 15.0000 15.0000 15.0000 15.0000 15.0000 15.0000 15.0000 15.0000 15.0000 15.0000 15.0000 15.0000 15.0000 15.0000 15.0000 15.0000 15.0000 15.0000 15.0000 15.0000 14.7608 14.6313 14.4208 14.2190 14.0258 13.8411 13.6646 13.4963 13.3361 13.1838 13.0393 12.9026 12.7735 12.6520 12.5379 12.4313 12.3320 12.2400 12.1552 12.0776 12.0072 11.9438 11.8874 11.8381 11.7958 11.7604 11.7320 11.7105 11.6960 11.6883 11.6875 11.6937 11.7067 11.7267 11.7535 11.7874 11.8281 11.8759 11.9307
15.0000 15.0000 15.0000 15.0000 15.0000 15.0000 15.0000 15.0000 15.0000 15.0000 15.0000 15.0000 15.0000 15.0000 15.0000 15.0000 15.0000 15.0000 15.0000 15.0000 15.0000 15.0000 15.0000 15.0000 15.0000 15.0000 15.0000 14.8145 14.6736 14.4554 14.2460 14.0453 13.8531 13.6692 13.4937 13.3262 13.1668 13.0152 12.8714 12.7353 12.6069 12.4859 12.3724 12.2662 12.1674 12.0758 11.9915 11.9142 11.8441 11.7810 11.7249 11.6758 11.6337 11.5985 11.5702 11.5488 11.5343 11.5266 11.5259 11.5320 11.5450 11.5648 11.5916 11.6252 11.6658 11.7134 11.7679
15.0000 15.0000 15.0000 15.0000 15.0000 15.0000 15.0000 15.0000 15.0000 15.0000 15.0000 15.0000 15.0000 15.0000 15.0000 15.0000 15.0000 15.0000 15.0000 15.0000 15.0000 15.0000 15.0000 15.0000 15.0000 15.0000 14.9226 14.7311 14.5050 14.2878 14.0795 13.8797 13.6885 13.5055 13.3308 13.1641 13.0054 12.8545 12.7114 12.5759 12.4480 12.3276 12.2146 12.1090 12.0106 11.9194 11.8354 11.7584 11.6886 11.6258 11.5699 11.5210 11.4791 11.4440 11.4159 11.3946 11.3801 11.3725 11.3717 11.3778 11.3908 11.4105 11.4372 11.4707 11.5111 11.5585 11.6128
15.0000 15.0000 15.0000 15.0000 15.0000 15.0000 15.0000 15.0000 15.0000 15.0000 15.0000 15.0000 15.0000 15.0000 15.0000 15.0000 15.0000 15.0000 15.0000 15.0000 15.0000 15.0000 15.0000 15.0000 15.0000 15.0000 14.7255 14.5697 14.3446 14.1285 13.9212 13.7223 13.5319 13.3498 13.1759 13.0099 12.8519 12.7017 12.5592 12.4243 12.2970 12.1771 12.0645 11.9593 11.8613 11.7705 11.6868 11.6102 11.5407 11.4781 11.4225 11.3738 11.3320 11.2971 11.2690 11.2478 11.2334 11.2259 11.2251 11.2312 11.2440 11.2637 11.2903 11.3237 11.3639 11.4111 11.4651
15.0000 15.0000 15.0000 15.0000 15.0000 15.0000 15.0000 15.0000 15.0000 15.0000 15.0000 15.0000 15.0000 15.0000 15.0000 15.0000 15.0000 15.0000 15.0000 15.0000 15.0000 15.0000 15.0000 15.0000 15.0000 14.8166 14.6495 14.4165 14.1925 13.9773 13.7709 13.5729 13.3834 13.2020 13.0288 12.8636 12.7062 12.5566 12.4147 12.2804 12.1535 12.0341 11.9220 11.8172 11.7196 11.6291 11.5458 11.4695 11.4002 11.3379 11.2825 11.2340 11.1923 11.1575 11.1296 11.1085 11.0941 11.0866 11.0858 11.0919 11.1047 11.1243 11.1507 11.1840 11.2241 11.2711 11.3250
15.0000 15.0000 15.0000 15.0000 15.0000 15.0000 15.0000 15.0000 15.0000 15.0000 15.0000 15.0000 15.0000 15.0000 15.0000 15.0000 15.0000 15.0000 15.0000 15.0000 15.0000 15.0000 15.0000 15.0000 14.9334 14.7446 14.5034 14.2714 14.0484 13.8341 13.6285 13.4314 13.2426 13.0620 12.8895 12.7249 12.5682 12.4192 12.2778 12.1440 12.0176 11.8986 11.7870 11.6825 11.5853 11.4952 11.4121 11.3361 11.2671 11.2050 11.1498 11.1014 11.0600 11.0253 10.9974 10.9764 10.9621 10.9546 10.9538 10.9598 10.9726 10.9922 11.0185 11.0517 11.0916 11.1384 11.1921
15.0000 15.0000 15.0000 15.0000 15.0000 15.0000 15.0000 15.0000 15.0000 15.0000 15.0000 15.0000 15.0000 15.0000 15.0000 15.0000 15.0000 15.0000 15.0000 15.0000 15.0000 15.0000 15.0000 15.0000 14.7877 14.6056 14.3654 14.1344 13.9122 13.6989 13.4941 13.2977 13.1096 12.9297 12.7578 12.5939 12.4377 12.2892 12.1484 12.0150 11.8891 11.7706 11.6593 11.5553 11.4584 11.3685 11.2858 11.2100 11.1412 11.0793 11.0243 10.9762 10.9348 10.9003 10.8725 10.8515 10.8373 10.8298 10.8291 10.8350 10.8478 10.8673 10.8935 10.9266 10.9664 11.0130 11.0665
15.0000 15.0000 15.0000 15.0000 15.0000 15.0000 15.0000 15.0000 15.0000 15.0000 15.0000 15.0000 15.0000 15.0000 15.0000 15.0000 15.0000 15.0000 15.0000 15.0000 15.0000 15.0000 15.0000 14.9245 14.7231 14.4746 14.2354 14.0053 13.7840 13.5714 13.3674 13.1717 12.9843 12.8050 12.6338 12.4704 12.3147 12.1668 12.0264 11.8935 11.7680 11.6499 11.5390 11.4353 11.3387 11.2492 11.1667 11.0912 11.0226 10.9609 10.9061 10.8580 10.8168 10.7824 10.7547 10.7338 10.7196 10.7122 10.7114 10.7174 10.7301 10.7495 10.7757 10.8086 10.8483 10.8948 10.9481
15.0000 15.0000 15.0000 15.0000 15.0000 15.0000 15.0000 15.0000 15.0000 15.0000 15.0000 15.0000 15.0000 15.0000 15.0000 15.0000 15.0000 15.0000 15.0000 15.0000 15.0000 15.0000 15.0000 14.7964 14.5992 14.3517 14.1133 13.8840 13.6635 13.4516 13.2483 13.0533 12.8666 12.6879 12.5172 12.3543 12.1992 12.0517 11.9118 11.7793 11.6542 11.5365 11.4259 11.3225 11.2262 11.1370 11.0548 10.9795 10.9111 10.8496 10.7949 10.7470 10.7060 10.6716 10.6440 10.6232 10.6090 10.6016 10.6008 10.6068 10.6195 10.6388 10.6649 10.6978 10.7373 10.7837 10.8369
15.0000 15.0000 15.0000 15.0000 15.0000 15.0000 15.0000 15.0000 15.0000 15.0000 15.0000 15.0000 15.0000 15.0000 15.0000 15.0000 15.0000 15.0000 15.0000 15.0000 15.0000 15.0000 14.9347 14.7394 14.4833 14.2366 13.9990 13.7705 13.5507 13.3395 13.1369 12.9425 12.7563 12.5782 12.4080 12.2457 12.0910 11.9440 11.8045 11.6724 11.5477 11.4302 11.3200 11.2169 11.1209 11.0319 10.9499 10.8748 10.8067 10.7453 10.6908 10.6431 10.6021 10.5679 10.5404 10.5196 10.5054 10.4980 10.4973 10.5032 10.5158 10.5352 10.5612 10.5939 10.6334 10.6796 10.7326
15.0000 15.0000 15.0000 15.0000 15.0000 15.0000 15.0000 15.0000 15.0000 15.0000 15.0000 15.0000 15.0000 15.0000 15.0000 15.0000 15.0000 15.0000 15.0000 15.0000 15.0000 15.0000 14.8428 14.6304 14.3752 14.1293 13.8925 13.6646 13.4455 13.2350 13.0329 12.8392 12.6535 12.4759 12.3062 12.1443 11.9901 11.8435 11.7044 11.5727 11.4483 11.3312 11.2212 11.1184 11.0227 10.9339 10.8521 10.7772 10.7092 10.6481 10.5937 10.5461 10.5052 10.4711 10.4436 10.4229 10.4088 10.4014 10.4007 10.4066 10.4192 10.4385 10.4644 10.4971 10.5364 10.5825 10.6354
15.0000 15.0000 15.0000 15.0000 15.0000 15.0000 15.0000 15.0000 15.0000 15.0000 15.0000 15.0000 15.0000 15.0000 15.0000 15.0000 15.0000 15.0000 15.0000 15.0000 15.0000 14.9639 14.7933 14.5294 14.2749 14.0297 13.7936 13.5664 13.3479 13.1380 12.9365 12.7432 12.5581 12.3810 12.2117 12.0503 11.8965 11.7502 11.6114 11.4801 11.3560 11.2392 11.1295 11.0269 10.9314 10.8429 10.7613 10.6866 10.6188 10.5578 10.5035 10.4560 10.4153 10.3812 10.3538 10.3331 10.3191 10.3117 10.3110 10.3169 10.3294 10.3486 10.3745 10.4071 10.4464 10.4924 10.5451
15.0000 15.0000 15.0000 15.0000 15.0000 15.0000 15.0000 15.0000 15.0000 15.0000 15.0000 15.0000 15.0000 15.0000 15.0000 15.0000 15.0000 15.0000 15.0000 15.0000 15.0000 14.9163 14.6993 14.4360 14.1823 13.9377 13.7023 13.4757 13.2578 13.0484 12.8474 12.6546 12.4700 12.2933 12.1245 11.9634 11.8099 11.6641 11.5256 11.3945 11.2708 11.1542 11.0448 10.9425 10.8472 10.7589 10.6774 10.6029 10.5352 10.4743 10.4202 10.3728 10.3322 10.2982 10.2709 10.2502 10.2362 10.2288 10.2281 10.2340 10.2465 10.2657 10.2915 10.3240 10.3632 10.4091 10.4617
15.0000 15.0000 15.0000 15.0000 15.0000 15.0000 15.0000 15.0000 15.0000 15.0000 15.0000 15.0000 15.0000 15.0000 15.0000 15.0000 15.0000 15.0000 15.0000 15.0000 15.0000 14.8441 14.6130 14.3504 14.0973 13.8534 13.6185 13.3924 13.1751 12.9662 12.7657 12.5733 12.3891 12.2128 12.0444 11.8837 11.7306 11.5850 11.4468 11.3161 11.1925 11.0762 10.9671 10.8649 10.7698 10.6817 10.6005 10.5261 10.4585 10.3978 10.3438 10.2965 10.2559 10.2220 10.1947 10.1741 10.1601 10.1528 10.1520 10.1579 10.1704 10.1896 10.2153 10.2478 10.2869 10.3327 10.3852
15.0000 15.0000 15.0000 15.0000 15.0000 15.0000 15.0000 15.0000 15.0000 15.0000 15.0000 15.0000 15.0000 15.0000 15.0000 15.0000 15.0000 15.0000 15.0000 15.0000 14.9722 14.8060 14.5344 14.2725 14.0199 13.7766 13.5422 13.3166 13.0997 12.8913 12.6912 12.4993 12.3154 12.1395 11.9714 11.8110 11.6582 11.5129 11.3751 11.2446 11.1213 11.0052 10.8962 10.7943 10.6994 10.6114 10.5303 10.4561 10.3887 10.3280 10.2741 10.2269 10.1864 10.1525 10.1253 10.1047 10.0908 10.0834 10.0827 10.0886 10.1011 10.1202 10.1459 10.1783 10.2173 10.2630 10.3155
15.0000 15.0000 15.0000 15.0000 15.0000 15.0000 15.0000 15.0000 15.0000 15.0000 15.0000 15.0000 15.0000 15.0000 15.0000 15.0000 15.0000 15.0000 15.0000 15.0000 14.9361 14.7345 14.4635 14.2021 13.9501 13.7072 13.4733 13.2482 13.0317 12.8237 12.6240 12.4325 12.2489 12.0734 11.9056 11.7455 11.5929 11.4479 11.3103 11.1800 11.0569 10.9410 10.8323 10.7305 10.6358 10.5479 10.4670 10.3929 10.3256 10.2650 10.2112 10.1641 10.1236 10.0898 10.0627 10.0421 10.0282 10.0209 10.0201 10.0260 10.0385 10.0575 10.0832 10.1156 10.1545 10.2002 10.2525
