Output/test7_newDEM_out.asc
ncols            96
nrows            91
xllcorner     557974.631687                                 
yllcorner     5111446.1291019                               
cellsize       100.0000
NODATA_value  -9999.0000
[rows 26 to 51 of 84, columns 0 to 59 of 96]
1181.3320 1172.3750 1149.1410 1125.6440 1173.0000 1199.1780 1174.1380 1120.1189 1042.2218 974.1877 911.3439 853.3498 799.9171 750.8003 705.7887 664.7014 627.3823 593.6969 563.5290 536.7788 513.3611 493.2034 476.2450 462.4362 451.7371 444.1172 439.5553 438.0385 439.5626 444.1319 451.7591 462.4657 476.2821 493.2481 513.4136 536.8392 563.5975 593.7738 627.4678 664.7958 705.8923 750.9136 800.0406 853.4839 911.4894 974.3453 1042.3923 1116.0362 1195.7654 1282.1751 1376.0018 1478.1735 1589.8866 1712.7279 1848.8793 1936.4797 1886.7100 1878.5670 1839.0940 1828.2300
1127.6130 1112.1860 1085.7030 1101.2190 1161.5800 1133.4250 1107.8300 1092.6599 1030.4275 962.6837 900.0956 842.3276 789.0954 740.1564 695.3029 654.3558 617.1609 583.5849 553.5132 526.8467 503.5011 483.4047 466.4973 452.7296 442.0620 434.4646 429.9160 428.4036 429.9233 434.4792 442.0841 452.7590 466.5342 483.4492 503.5534 526.9069 553.5815 583.6616 617.2461 654.4499 695.4062 740.2694 789.2184 842.4612 900.2405 962.8406 1030.5973 1103.9100 1183.2592 1269.2292 1362.5422 1464.1062 1575.0890 1697.0347 1832.0583 1944.3835 1935.0770 1910.0200 1887.0750 1862.0500
1070.3060 1046.3850 1044.7840 1093.0530 1094.0060 1074.4480 1081.5860 1079.7310 1022.3791 954.8320 892.4172 834.8026 781.7063 732.8881 688.1418 647.2900 610.1794 576.6778 546.6713 520.0618 496.7652 476.7104 459.8377 446.0979 435.4519 427.8697 423.3301 421.8208 423.3374 427.8843 435.4738 446.1273 459.8745 476.7549 496.8174 520.1219 546.7395 576.7543 610.2644 647.3838 688.2449 733.0008 781.8290 834.9358 892.5617 954.9884 1022.5484 1095.6369 1174.7288 1260.4016 1353.3675 1454.5215 1565.0123 1686.3558 1820.6230 1956.3141 1999.3380 1949.4060 1912.9100 1894.6770
1021.4180 1026.3750 1043.9330 1044.4550 1063.7970 1095.5150 1092.0020 1083.1040 1018.0432 950.6015 888.2798 830.7474 777.7242 728.9708 684.2821 643.4814 606.4161 572.9545 542.9831 516.4041 493.1339 473.1015 456.2474 442.5226 431.8881 424.3141 419.7794 418.2717 419.7867 424.3287 431.9101 442.5519 456.2842 473.1459 493.1861 516.4642 543.0512 573.0309 606.5010 643.5751 684.3851 729.0833 777.8467 830.8805 888.4241 950.7577 1018.2122 1091.1805 1170.1346 1255.6481 1348.4282 1449.3628 1559.5907 1680.6127 1814.4768 1961.4382 2034.1460 1986.9100 1945.7340 1950.3530
1013.9880 1021.7360 1048.2320 1079.8970 1121.0240 1170.2450 1126.6000 1090.6137 1017.4019 949.9759 887.6678 830.1476 777.1352 728.3914 683.7112 642.9180 605.8594 572.4037 542.4375 515.8630 492.5967 472.5676 455.7162 441.9937 431.3609 423.7881 419.2541 417.7466 419.2614 423.8027 431.3828 442.0230 455.7530 472.6120 492.6489 515.9231 542.5056 572.4801 605.9443 643.0117 683.8141 728.5039 777.2577 830.2807 887.8121 950.1320 1017.5709 1090.5214 1169.4552 1254.9452 1347.6979 1448.6002 1558.7893 1679.7639 1813.5686 1963.1202 2068.9565 2022.0520 1984.8380 1991.4300
1016.9540 1034.9020 1040.6670 1091.9770 1152.6140 1206.5050 1145.4640 1093.4739 1020.4527 952.9525 890.5791 833.0010 779.9372 731.1479 686.4272 645.5980 608.5075 575.0238 545.0329 518.4369 495.1521 475.1072 458.2428 444.5097 433.8688 426.2902 421.7528 420.2442 421.7601 426.3048 433.8907 444.5390 458.2796 475.1517 495.2043 518.4970 545.1010 575.1002 608.5925 645.6918 686.5302 731.2604 780.0598 833.1342 890.7235 953.1088 1020.6218 1093.6569 1172.6875 1258.2895 1351.1728 1452.2291 1562.6029 1683.8033 1817.8911 1967.8100 2087.4207 2069.4820 2032.6740 2033.1860
1082.7860 1099.2500 1087.0990 1103.7550 1130.7810 1174.3390 1169.1217 1100.4170 1027.2080 959.5430 897.0244 839.3178 786.1400 737.2495 692.4389 651.5299 614.3688 580.8226 550.7770 524.1333 500.8074 480.7276 463.8341 450.0776 439.4186 431.8273 427.2823 425.7711 427.2896 431.8419 439.4406 450.1070 463.8710 480.7721 500.8596 524.1935 550.8453 580.8992 614.4539 651.6239 692.5421 737.3623 786.2629 839.4513 897.1691 959.6997 1027.3776 1100.6005 1179.8465 1265.6974 1358.8712 1460.2707 1571.0561 1692.7600 1827.4798 1978.2205 2108.6508 2096.8880 2059.7810 2100.9940
1145.7790 1132.7010 1121.4350 1157.6190 1180.8190 1213.1280 1192.1627 1111.1983 1037.6958 969.7734 907.0280 849.1208 795.7652 746.7168 701.7659 660.7326 623.4612 589.8179 559.6869 532.9689 509.5789 489.4447 472.5060 458.7130 448.0260 440.4147 435.8579 434.3428 435.8652 440.4294 448.0480 458.7424 472.5430 489.4894 509.6313 533.0293 559.7554 589.8947 623.5466 660.8268 701.8695 746.8299 795.8885 849.2548 907.1732 969.9307 1037.8660 1111.3825 1190.9654 1277.2058 1370.8346 1472.7722 1584.2037 1706.6994 1842.4153 1994.4548 2134.8622 2117.1240 2195.8000 2189.6860
1096.9600 1147.9770 1192.8930 1198.0530 1220.4070 1248.6480 1205.8958 1125.8654 1051.9599 983.6844 920.6279 862.4459 808.8467 759.5820 714.4392 673.2355 635.8135 602.0371 571.7895 544.9699 521.4923 501.2838 484.2832 470.4403 459.7149 452.0765 447.5035 445.9830 447.5109 452.0913 459.7371 470.4699 484.3203 501.3286 521.5449 545.0305 571.8582 602.1142 635.8992 673.3302 714.5432 759.6956 808.9705 862.5804 920.7739 983.8425 1052.1310 1126.0506 1206.0965 1292.8729 1387.1285 1489.8083 1602.1329 1725.7256 1862.8259 2016.6786 2171.9496 2225.0830 2311.4580 2269.7190
1045.5030 1093.2970 1129.6490 1191.0830 1225.5470 1254.3550 1215.6551 1144.4846 1070.0612 1001.3323 937.8768 879.3424 825.4310 775.8895 730.5011 689.0796 651.4647 617.5184 587.1216 560.1722 536.5827 516.2792 499.1997 485.2931 474.5188 466.8457 462.2520 460.7246 462.2593 466.8605 474.5410 485.3228 499.2370 516.3243 536.6356 560.2330 587.1907 617.5959 651.5509 689.1747 730.6056 776.0038 825.5556 879.4777 938.0237 1001.4914 1070.2335 1144.6712 1225.3127 1312.7797 1407.8441 1511.4836 1624.9660 1749.9855 1888.8941 2045.1293 2229.8432 2340.7390 2334.5630 2289.5890
1066.2770 1068.7160 1104.8940 1148.0320 1206.0100 1253.6230 1239.7943 1167.1421 1092.0788 1022.7902 958.8429 899.8743 845.5789 795.6968 750.0064 708.3173 670.4657 636.3107 605.7309 578.6222 554.8955 534.4756 517.2992 503.3145 492.4802 484.7646 480.1455 478.6098 480.1529 484.7795 492.5025 503.3444 517.3367 534.5209 554.9487 578.6834 605.8004 636.3886 670.5524 708.4130 750.1116 795.8119 845.7043 900.0107 958.9908 1022.9506 1092.2525 1167.3303 1248.7090 1337.0320 1433.1011 1537.9359 1652.8650 1779.6745 1920.8647 2080.1297 2263.3568 2370.6445 2326.4470 2273.1090
1126.0550 1139.4600 1149.5270 1151.9110 1208.9200 1258.6760 1259.1506 1193.9463 1118.1117 1048.1498 983.6113 924.1217 869.3655 819.0754 773.0234 731.0140 692.8793 658.4748 627.6764 600.3774 576.4869 555.9279 538.6360 524.5581 513.6522 505.8859 501.2366 499.6908 501.2440 505.9008 513.6747 524.5882 538.6737 555.9735 576.5404 600.4390 627.7463 658.5533 692.9666 731.1105 773.1294 819.1914 869.4920 924.2592 983.7606 1048.3117 1118.2871 1194.1365 1276.4051 1365.7637 1463.0516 1569.3409 1686.0375 1815.0456 1959.0579 2122.1080 2289.7728 2394.9550 2342.9100 2290.4350
1120.5600 1177.4220 1222.3400 1198.3550 1196.2970 1258.7840 1281.7845 1225.0304 1148.2816 1077.5230 1012.2862 952.1817 896.8827 846.1123 799.6349 757.2491 718.7818 684.0845 653.0294 625.5073 601.4248 580.7028 563.2755 549.0885 538.0987 530.2730 525.5882 524.0307 525.5958 530.2880 538.1213 549.1188 563.3136 580.7488 601.4787 625.5695 653.1000 684.1636 718.8699 757.3464 799.7419 846.2294 897.0104 952.3207 1012.4370 1077.6866 1148.4591 1225.2230 1308.5487 1399.1407 1497.8846 1605.9186 1724.7456 1856.4210 2003.8874 2171.6291 2358.4209 2442.6110 2361.2660 2296.8580
1175.8740 1224.1550 1241.4340 1247.5850 1234.0840 1269.8030 1296.8020 1242.5804 1182.7356 1111.0450 1044.9928 984.1716 928.2404 876.9114 829.9400 787.1172 748.2642 713.2275 681.8752 654.0948 629.7900 608.8795 591.2956 576.9824 565.8956 558.0013 553.2756 551.7045 553.2832 558.0165 565.9185 577.0130 591.3340 608.9259 629.8444 654.1575 681.9464 713.3074 748.3532 787.2156 830.0481 877.0298 928.3696 984.3121 1045.1455 1111.2107 1182.9155 1260.7515 1345.3198 1437.3661 1537.8333 1647.9419 1769.3175 1904.2094 2055.8870 2229.4409 2409.0643 2469.3110 2389.7620 2311.8030
1214.9280 1237.9430 1248.3410 1258.9550 1270.7970 1283.3890 1300.6300 1291.1280 1221.6505 1148.8776 1081.8806 1020.2305 963.5695 911.5964 864.0559 820.7304 781.4340 746.0074 714.3141 686.2373 661.6776 640.5512 622.7878 608.3301 597.1323 589.1594 584.3869 582.8002 584.3945 589.1747 597.1554 608.3610 622.8266 640.5980 661.7326 686.3007 714.3861 746.0883 781.5240 820.8299 864.1652 911.7162 963.7003 1020.3729 1082.0354 1149.0458 1221.8332 1300.9173 1386.9366 1480.6873 1583.1836 1695.7486 1820.1645 1958.9309 2115.7507 2296.5482 2459.9702 2479.9650 2427.1250 2344.1530
1220.8230 1241.7340 1256.4370 1271.6410 1279.9530 1303.9900 1327.7140 1319.9671 1265.2377 1191.2138 1123.1273 1060.5235 1003.0243 950.3127 902.1206 858.2203 818.4174 782.5458 750.4634 722.0489 697.1989 675.8265 657.8590 643.2369 631.9128 623.8505 619.0248 617.4204 619.0325 623.8661 631.9361 643.2682 657.8983 675.8739 697.2546 722.1130 750.5363 782.6277 818.5085 858.3210 902.2315 950.4342 1003.1570 1060.6681 1123.2846 1191.3848 1265.4237 1345.9550 1433.6627 1529.4057 1634.2865 1749.7583 1877.8039 2021.2523 2184.3936 2374.3333 2509.9309 2474.2200 2422.2500 2360.3610
1228.0710 1245.1780 1263.1460 1276.2170 1293.2110 1308.7480 1317.8440 1325.9380 1285.6960 1238.2833 1168.9438 1105.2459 1046.7872 993.2317 944.2962 899.7410 859.3618 822.9845 790.4603 761.6625 736.4834 714.8323 696.6335 681.8252 670.3581 662.1947 657.3087 655.6844 657.3166 662.2105 670.3818 681.8569 696.6733 714.8803 736.5398 761.7275 790.5341 823.0675 859.4542 899.8433 944.4088 993.3550 1046.9220 1105.3929 1169.1040 1238.4576 1313.9401 1396.1470 1485.8178 1583.8893 1691.5752 1810.4951 1942.8940 2092.0424 2263.0500 2419.8546 2511.9330 2456.6550 2407.0130 2356.7470
1201.0710 1220.1780 1233.8780 1242.3180 1258.5850 1270.5460 1281.8720 1293.0320 1313.8730 1265.1026 1219.5806 1154.6285 1095.0729 1040.5547 990.7729 945.4731 904.4397 867.4889 834.4643 805.2328 779.6814 757.7153 739.2554 724.2369 712.6085 704.3310 699.3770 697.7301 699.3849 704.3470 712.6325 724.2690 739.2957 757.7640 779.7387 805.2987 834.5392 867.5731 904.5336 945.5771 990.8873 1040.6802 1095.2102 1154.7784 1219.7439 1290.5384 1367.6865 1451.8342 1543.7909 1644.5905 1755.5888 1878.6221 2016.2847 2172.4575 2353.4387 2506.8465 2505.7680 2442.9930 2389.3080 2330.5700
1204.0390 1219.0940 1227.1890 1241.3030 1259.9060 1278.4980 1309.9950 1330.8130 1350.2810 1334.8979 1275.3361 1208.9457 1148.1354 1092.5190 1041.7737 995.6281 953.8525 916.2521 882.6613 852.9396 826.9680 804.6464 785.8919 770.6366 758.8264 750.4204 745.3898 743.7175 745.3978 750.4365 758.8507 770.6691 785.9329 804.6959 827.0261 853.0067 882.7376 916.3378 953.9481 995.7340 1041.8904 1092.6470 1148.2755 1209.0987 1275.5032 1347.9562 1427.0292 1513.4315 1608.0592 1712.0710 1827.0070 1954.9913 2099.0982 2264.0836 2404.2478 2540.9220 2487.7190 2422.8790 2373.5940 2310.0080
1231.8930 1241.0520 1257.4220 1266.3570 1277.2670 1295.7040 1308.0780 1337.0380 1365.7850 1386.0340 1306.1728 1268.5242 1206.2764 1149.4054 1097.5621 1050.4546 1007.8366 969.5001 935.2686 904.9928 878.5465 855.8240 836.7374 821.2151 809.2002 800.6495 795.5327 793.8319 795.5410 800.6660 809.2250 821.2483 836.7791 855.8744 878.6057 905.0611 935.3462 969.5874 1007.9341 1050.5626 1097.6812 1149.5362 1206.4198 1268.6810 1336.7400 1411.1078 1492.4141 1581.4475 1679.2155 1787.0381 1906.7008 2040.7220 2192.8595 2369.1882 2511.5071 2547.2290 2474.4880 2399.3300 2325.9720 2301.7070
1226.4570 1242.7410 1254.0260 1271.9440 1286.3630 1300.2450 1316.2570 1335.8190 1358.8490 1384.3980 1387.6408 1333.7571 1269.8564 1211.5476 1158.4499 1110.2461 1066.6702 1027.4981 992.5405 961.6377 934.6549 911.4796 892.0183 876.1951 863.9494 855.2357 850.0219 848.2888 850.0302 855.2525 863.9747 876.2289 892.0608 911.5310 934.7153 961.7074 992.6198 1027.5873 1066.7698 1110.3566 1158.5718 1211.6817 1270.0035 1333.9182 1403.8874 1480.4766 1564.3891 1656.5148 1758.0062 1870.3983 1995.8126 2137.3278 2299.7240 2417.0688 2465.9150 2438.3100 2429.5720 2357.7700 2298.8990 2242.9600
1216.0070 1236.4060 1252.3470 1265.6800 1313.1250 1321.2560 1335.8100 1352.2500 1374.2670 1394.7060 1416.5630 1371.7081 1339.3096 1279.3459 1224.8092 1175.3517 1130.6829 1090.5596 1054.7771 1023.1629 995.5723 971.8846 951.9997 935.8364 923.3303 914.4326 909.1092 907.3398 909.1178 914.4498 923.3561 935.8709 952.0431 971.9371 995.6341 1023.2342 1054.8582 1090.6510 1130.7850 1175.4650 1224.9344 1279.4837 1339.4610 1405.2868 1477.4745 1556.6588 1643.6370 1739.4321 1845.3900 1963.3412 2095.8851 2246.9362 2358.3284 2430.3280 2376.7170 2358.0160 2356.6870 2330.4750 2261.5160 2206.1640
1225.5100 1239.6400 1252.9110 1269.3180 1282.6430 1295.7190 1325.2490 1354.0230 1366.2750 1387.2420 1408.4690 1430.6830 1378.6706 1353.2849 1297.0884 1246.1896 1200.2683 1159.0577 1122.3340 1089.9099 1061.6284 1037.3589 1016.9936 1000.4450 987.6439 978.5381 973.0908 971.2803 973.0995 978.5556 987.6703 1000.4803 1017.0380 1037.4126 1061.6917 1089.9830 1122.4172 1159.1515 1200.3732 1246.3061 1297.2173 1353.4270 1415.3218 1483.3719 1558.1568 1640.4002 1731.0238 1831.2289 1942.6287 2067.4758 2209.0841 2372.7002 2478.6440 2406.9360 2338.3330 2290.2000 2258.3580 2234.3990 2226.9110 2166.8100
1225.9210 1233.5950 1249.6580 1264.2710 1275.7970 1304.9320 1344.0470 1382.1550 1391.9440 1413.5890 1423.5750 1440.0690 1460.5240 1402.3014 1375.8331 1323.2665 1275.9009 1233.4401 1195.6372 1162.2863 1133.2156 1108.2826 1087.3701 1070.3832 1057.2468 1047.9044 1042.3163 1040.4592 1042.3253 1047.9224 1057.2739 1070.4194 1087.4158 1108.3378 1133.2806 1162.3615 1195.7229 1233.5367 1276.0091 1323.3867 1375.9663 1434.1055 1498.2394 1568.9023 1646.7593 1732.6527 1827.6724 1933.2678 2051.4370 2185.0676 2338.6161 2454.4670 2550.0690 2449.6520 2372.4560 2286.9790 2235.9440 2170.1820 2132.5950 2133.9670
1227.4140 1240.3280 1245.2430 1249.2070 1265.8280 1324.1530 1383.2160 1395.0940 1397.1870 1408.8870 1410.6090 1424.8680 1436.0760 1462.7030 1443.5475 1381.9715 1358.1599 1314.2511 1275.2021 1240.7837 1210.8060 1185.1120 1163.5727 1146.0841 1132.5645 1122.9519 1117.2031 1115.2928 1117.2124 1122.9704 1132.5923 1146.1215 1163.6196 1185.1688 1210.8731 1240.8612 1275.2905 1314.3510 1358.2717 1407.3288 1461.8558 1522.2585 1589.0348 1662.8032 1744.3437 1834.6607 1935.0806 2047.4142 2174.2447 2319.4847 2403.4772 2607.4470 2550.4060 2493.6460 2416.5650 2325.5000 2248.3800 2163.2740 2109.1720 2072.7460
1219.6180 1221.7650 1228.4840 1238.3160 1265.4910 1307.3600 1355.1050 1363.8150 1359.6410 1371.2440 1379.5160 1400.0310 1427.9980 1428.6430 1436.5430 1442.4440 1421.5071 1402.1609 1361.6602 1326.0023 1294.9741 1268.4003 1246.1379 1228.0715 1214.1107 1204.1874 1198.2540 1196.2825 1198.2636 1204.2065 1214.1395 1228.1101 1246.1864 1268.4591 1295.0434 1326.0826 1361.7519 1402.2645 1447.8786 1498.9075 1555.7328 1618.8232 1688.7603 1766.2766 1852.3117 1948.1012 2055.3207 2176.3391 2314.6984 2397.6406 2565.4830 2539.4850 2506.8380 2452.6170 2393.1490 2345.3940 2268.5170 2177.5170 2105.1900 2044.3690
