Output/test1_newDEM_out.asc
ncols           149
nrows           178
xllcorner    0.000000                                       
yllcorner    0.000000                                       
cellsize        20.0000
NODATA_value  -9999.0000
[rows 135 to 161 of 178, columns 0 to 58 of 149]
-9999.0000 -9999.0000 -9999.0000 -9999.0000 -9999.0000 2362.7695 2338.7861 2325.7622 2304.2886 2292.2295 2295.5610 2309.2861 2311.7542 2308.9824 2301.3799 2290.0847 2278.6584 2269.4302 2253.8445 2220.0830 2194.2131 2165.6018 2143.1702 2123.2964 2103.5059 2100.5991 2092.7239 2094.8379 2101.5154 2116.0471 2130.6213 2140.5212 2145.8796 2146.4670 2144.3284 2137.0420 2128.1860 2118.4431 2105.8633 2093.0994 2082.4504 2072.5654 2062.8574 2053.3606 2043.6420 2033.3959 2023.0167 2013.6803 2005.4500 1999.3086 1997.2382 1982.2380 1968.2043 1961.3046 1955.8313 1951.6158 1947.6736 1945.9514 1944.0001
-9999.0000 -9999.0000 -9999.0000 -9999.0000 -9999.0000 2362.8589 2343.6885 2325.1729 2308.5774 2294.7178 2289.4368 2288.3206 2293.4099 2294.7786 2293.4863 2277.5320 2264.3215 2253.8708 2228.1406 2188.4104 2174.5305 2161.6758 2146.6182 2131.6555 2117.2007 2106.2617 2114.1038 2119.8215 2129.2192 2140.1301 2149.4570 2156.4868 2160.7444 2161.2505 2159.0208 2155.9595 2148.5500 2136.2068 2124.0830 2112.0198 2101.4553 2091.3706 2081.5049 2072.2349 2063.2537 2053.9004 2044.3262 2035.7211 2027.8938 2019.6195 1998.4969 1983.7291 1987.9342 1986.7485 1984.6700 1982.1394 1977.9813 1971.1094 1955.5087
-9999.0000 -9999.0000 -9999.0000 -9999.0000 -9999.0000 2364.7546 2339.2864 2325.8040 2313.6663 2299.8340 2290.5977 2294.3335 2294.8665 2293.6287 2287.3875 2274.1218 2257.0510 2236.0286 2210.3284 2173.3657 2172.1797 2162.7207 2150.5098 2140.1731 2131.4438 2126.7439 2138.8425 2145.2556 2154.0120 2163.0369 2169.8586 2174.5527 2177.1597 2176.9663 2174.4023 2171.6599 2167.4590 2154.2505 2142.2134 2130.5183 2119.8701 2109.7798 2099.7871 2090.8279 2082.6089 2074.0146 2064.6990 2055.9783 2047.4879 2036.3795 2021.4629 2011.6182 2019.3855 2015.7321 2013.6117 2012.3717 2005.9294 1996.4553 1984.3544
-9999.0000 -9999.0000 -9999.0000 -9999.0000 -9999.0000 2366.4995 2342.4238 2333.3762 2325.0229 2311.5549 2299.8303 2298.7019 2296.5256 2292.7488 2284.6921 2270.1780 2249.8909 2225.8381 2203.1816 2182.2288 2177.4231 2166.1870 2155.3899 2148.8945 2147.0188 2157.2712 2164.2681 2170.3972 2178.2500 2185.8506 2191.0007 2193.8818 2194.7139 2193.2673 2190.1599 2186.9709 2181.1631 2171.9685 2160.1418 2148.5752 2137.7312 2127.6992 2117.2986 2108.1978 2101.3816 2093.1091 2083.1567 2073.5818 2063.8013 2054.7773 2047.2260 2046.7394 2043.7986 2035.6218 2033.0272 2032.4004 2033.0876 2027.1680 2016.9330
-9999.0000 -9999.0000 -9999.0000 -9999.0000 -9999.0000 2367.9041 2347.2952 2341.9651 2338.0615 2322.5032 2306.9883 2302.9985 2298.5381 2292.4424 2283.9067 2268.0730 2243.3145 2216.7222 2198.8511 2190.2283 2182.8096 2168.4871 2157.6118 2155.8674 2164.6692 2175.3699 2183.2063 2195.6191 2202.9695 2209.0781 2212.8853 2213.9456 2212.8413 2209.6377 2205.5950 2201.2610 2198.3333 2189.1355 2176.7339 2165.2266 2154.7542 2145.6040 2129.1213 2118.1589 2115.8816 2109.5007 2099.2314 2089.5881 2080.6514 2073.1733 2067.4790 2063.7847 2053.1707 2051.0337 2050.7534 2051.6819 2052.4790 2050.6721 2041.9060
-9999.0000 -9999.0000 -9999.0000 -9999.0000 -9999.0000 2369.0068 2352.1982 2352.0271 2350.6948 2329.3596 2317.1086 2306.8782 2302.4387 2293.9658 2283.4429 2272.1863 2243.3540 2215.0532 2203.5386 2188.5720 2166.9211 2155.8474 2154.3350 2168.1912 2184.0500 2189.8203 2195.9224 2223.1658 2230.0842 2233.6321 2235.3472 2234.1582 2230.4424 2225.5996 2220.0981 2214.3506 2214.0073 2207.6577 2191.6074 2179.0374 2168.5625 2159.9814 2145.9314 2136.9717 2132.2683 2125.7419 2115.1387 2105.3442 2098.3438 2092.2249 2087.7766 2083.2642 2067.2883 2066.5686 2070.2915 2072.6331 2070.1907 2066.6501 2063.1211
-9999.0000 -9999.0000 -9999.0000 -9999.0000 -9999.0000 2369.8665 2356.4949 2360.1987 2375.2935 2343.7695 2330.8879 2327.8042 2321.5793 2308.9331 2293.0872 2277.3469 2253.2527 2226.4519 2208.4119 2190.3411 2165.9932 2152.9548 2164.5403 2176.1790 2192.2893 2210.8506 2222.9653 2237.5725 2252.3564 2255.8320 2256.2910 2254.8779 2250.1633 2244.5735 2236.2925 2227.2200 2228.0239 2222.9067 2209.1211 2194.8218 2187.0576 2185.5696 2173.6335 2168.5659 2153.6965 2146.4441 2131.8811 2122.9722 2123.6475 2118.6443 2116.1675 2114.3054 2104.2151 2098.8750 2094.2559 2102.3311 2085.5649 2089.8320 2092.0649
-9999.0000 -9999.0000 -9999.0000 -9999.0000 -9999.0000 2370.7380 2360.2893 2365.5820 2383.0603 2365.3706 2358.2786 2355.3049 2341.7888 2325.7654 2301.3274 2286.7173 2263.1414 2233.6736 2215.7698 2193.2900 2172.3425 2169.7930 2178.0283 2181.5984 2199.3518 2228.9780 2253.0291 2261.5583 2264.2664 2271.1387 2272.4241 2270.4573 2267.7356 2265.7717 2264.0513 2260.1523 2252.7500 2238.3027 2227.2820 2227.1260 2222.8989 2217.3027 2211.2693 2204.9854 2198.0388 2190.4927 2182.7664 2175.1375 2167.9126 2163.3320 2157.7805 2149.7446 2140.1948 2131.2756 2130.8740 2132.5110 2129.2593 2129.2036 2132.1003
-9999.0000 -9999.0000 -9999.0000 -9999.0000 -9999.0000 2371.9026 2363.8196 2369.0188 2371.6345 2358.2603 2355.5344 2351.8362 2344.7935 2323.3706 2303.7134 2289.1680 2271.6421 2250.1069 2230.7903 2215.5132 2202.9058 2194.7554 2192.1536 2202.3826 2226.4578 2246.6013 2259.9382 2268.9978 2272.8652 2283.6460 2284.2378 2281.8569 2280.3040 2278.8760 2276.2913 2272.2385 2265.7004 2255.0955 2241.5134 2244.3372 2240.2529 2235.2488 2229.8384 2223.8916 2217.2822 2210.0244 2202.2139 2194.2722 2186.6050 2179.9578 2173.5679 2167.5173 2161.8098 2153.6814 2152.4441 2152.1172 2149.6145 2147.6428 2147.5229
-9999.0000 -9999.0000 -9999.0000 -9999.0000 -9999.0000 2373.1587 2367.0920 2369.5271 2353.7861 2347.2258 2342.9719 2339.7971 2328.5999 2313.8618 2304.3352 2293.5007 2280.7400 2266.9451 2252.7878 2240.8123 2232.9490 2227.4934 2224.5420 2235.2908 2253.5378 2266.7278 2276.5051 2284.6257 2291.9861 2298.4011 2295.4836 2293.7405 2293.0154 2291.8711 2289.6240 2286.1101 2280.7229 2273.1001 2266.7532 2262.0713 2257.8057 2253.3765 2248.4539 2242.8674 2236.5554 2229.3030 2221.0972 2212.4102 2204.1143 2196.4360 2189.4133 2183.6416 2179.4053 2177.4287 2170.2539 2170.1306 2165.3167 2162.3584 2161.7458
-9999.0000 -9999.0000 -9999.0000 -9999.0000 -9999.0000 -9999.0000 2370.8850 2355.3865 2342.5825 2338.9490 2334.4348 2327.4666 2314.5569 2312.9167 2308.6292 2301.1604 2292.1509 2282.6885 2273.1201 2265.0884 2260.2231 2258.1455 2259.7190 2277.1018 2278.1633 2286.6672 2293.7085 2300.5161 2306.3740 2310.2913 2306.0642 2305.3479 2305.6548 2305.3271 2303.9009 2301.0808 2296.6699 2290.4663 2284.0637 2279.2063 2276.1082 2272.0488 2267.3550 2262.0457 2255.9507 2248.6721 2239.9963 2230.4670 2221.1772 2212.5520 2204.8608 2199.0386 2195.6145 2194.5359 2193.5527 2185.8933 2178.5972 2174.3806 2173.1970
-9999.0000 -9999.0000 -9999.0000 -9999.0000 -9999.0000 -9999.0000 2363.3145 2350.2527 2343.5210 2338.0032 2332.5183 2326.3594 2318.8860 2318.0723 2315.5762 2310.7412 2304.3550 2298.2285 2292.4548 2288.0100 2286.0713 2286.2957 2289.4128 2297.3735 2297.2109 2304.9775 2310.4773 2315.5437 2318.9819 2319.0679 2312.9631 2316.2502 2318.3330 2319.3274 2319.0635 2317.2126 2313.9282 2309.0044 2300.9070 2297.8369 2295.1521 2291.2261 2286.6201 2281.5076 2275.5232 2268.3745 2259.2590 2248.6885 2237.8877 2227.8982 2219.3811 2213.5334 2210.2505 2208.8843 2212.8743 2200.3623 2188.9746 2182.8943 2180.4495
-9999.0000 -9999.0000 -9999.0000 -9999.0000 -9999.0000 -9999.0000 2359.8916 2352.1479 2345.2856 2339.1714 2333.6282 2328.9670 2325.5464 2332.6206 2324.3235 2320.7683 2316.6414 2313.0129 2311.1060 2310.4170 2311.3979 2313.0439 2316.3760 2318.5693 2319.3804 2322.9128 2326.6392 2329.7693 2331.2102 2330.0684 2327.2173 2327.7156 2331.4104 2334.0708 2335.0984 2334.3596 2332.1062 2328.7686 2323.5266 2318.2024 2314.8586 2310.7307 2306.2612 2301.3101 2295.2693 2288.3696 2279.4590 2267.6953 2254.0964 2241.9563 2232.5081 2226.3752 2222.1487 2219.9355 2219.2708 2207.3914 2193.9465 2186.0234 2182.1489
-9999.0000 -9999.0000 -9999.0000 -9999.0000 -9999.0000 -9999.0000 2362.6379 2354.0781 2346.7539 2340.5291 2335.3621 2331.8484 2330.6021 2333.5254 2330.8218 2328.9214 2327.2373 2326.7117 2328.6116 2331.9512 2336.8196 2337.2891 2337.8589 2337.1172 2335.5808 2338.0505 2340.3396 2342.2756 2343.0544 2343.2493 2342.5234 2341.6335 2344.3176 2348.0762 2350.9062 2352.0442 2352.1646 2353.7271 2343.5542 2341.6917 2337.8699 2330.0383 2325.0515 2320.4500 2313.9722 2307.0151 2299.6504 2285.7263 2269.0669 2253.3955 2244.1963 2236.1877 2228.1643 2219.6514 2209.8948 2203.9644 2191.1313 2184.1216 2179.4275
-9999.0000 -9999.0000 -9999.0000 -9999.0000 -9999.0000 -9999.0000 2366.6267 2354.5308 2346.6929 2340.8630 2336.2322 2334.1140 2335.7202 2336.9595 2335.2363 2333.0828 2331.6270 2332.4370 2335.2036 2338.7097 2341.7771 2343.9399 2345.2122 2345.7261 2345.3035 2345.2568 2343.0000 2347.3818 2349.3799 2349.7495 2349.3730 2348.5154 2348.2751 2356.8474 2358.5977 2357.3936 2357.2563 2356.9075 2353.9795 2351.0078 2345.7439 2338.9084 2332.9941 2327.0305 2320.0591 2312.3564 2303.7842 2290.2109 2272.8640 2256.5051 2245.7380 2237.4504 2228.2949 2218.4133 2207.8032 2194.8149 2192.2312 2193.0015 2190.9219
-9999.0000 -9999.0000 -9999.0000 -9999.0000 -9999.0000 -9999.0000 -9999.0000 2348.3792 2343.3396 2338.9080 2339.6584 2344.4141 2346.4783 2343.1687 2338.6506 2334.8416 2334.2271 2336.8252 2340.5015 2344.0366 2347.3547 2350.2139 2352.3591 2353.1553 2352.7617 2351.2432 2350.6006 2354.9575 2355.9717 2356.2253 2355.9565 2355.5369 2357.6685 2366.2520 2364.0525 2362.1008 2361.5828 2361.8992 2363.0710 2363.2109 2354.2256 2346.9934 2340.6521 2333.9084 2326.1538 2317.7024 2308.4897 2294.2781 2275.8643 2258.4097 2246.9023 2238.4780 2229.7083 2220.7649 2212.0952 2203.8394 2204.4490 2204.0693 2202.9287
-9999.0000 -9999.0000 -9999.0000 -9999.0000 -9999.0000 -9999.0000 -9999.0000 -9999.0000 2336.1921 2344.6255 2356.2490 2361.1873 2360.2375 2351.5244 2343.1448 2337.7346 2337.6729 2341.0388 2346.0725 2349.1946 2353.0222 2356.7056 2359.4272 2360.9758 2359.7935 2358.3113 2361.8677 2362.7175 2362.2424 2362.8457 2362.6750 2362.0125 2364.5337 2367.0139 2367.0359 2367.1038 2365.7175 2365.1863 2364.6821 2361.7529 2360.1643 2354.5984 2348.7068 2340.7583 2332.4368 2323.0352 2313.5544 2298.6189 2278.8694 2259.0137 2248.0667 2239.5056 2231.2214 2224.5381 2217.5161 2215.5859 2217.7920 2214.9211 2215.9788
-9999.0000 -9999.0000 -9999.0000 -9999.0000 -9999.0000 -9999.0000 -9999.0000 -9999.0000 -9999.0000 2376.0000 2374.7222 2379.5811 2377.1155 2362.4866 2343.9204 2341.1411 2339.5657 2344.0173 2348.0110 2353.3369 2357.7900 2364.5205 2366.9412 2365.4766 2362.8894 2362.7078 2365.6497 2371.8420 2371.2368 2367.7830 2368.3992 2371.1765 2373.0754 2374.1509 2374.0981 2375.8433 2372.8718 2363.9609 2354.1919 2343.3379 2347.5078 2345.7109 2340.9985 2336.2661 2330.5876 2324.1934 2315.6140 2303.4705 2288.5461 2274.0859 2262.2881 2253.5493 2246.3633 2240.1643 2235.0129 2231.3674 2234.8870 2233.5198 2229.9966
-9999.0000 -9999.0000 -9999.0000 -9999.0000 -9999.0000 -9999.0000 -9999.0000 -9999.0000 -9999.0000 -9999.0000 2364.4951 2399.0557 2391.3286 2376.8867 2356.7302 2353.3982 2352.6643 2355.3633 2359.9202 2365.6460 2372.4016 2379.9170 2373.7869 2368.1509 2364.5037 2364.3584 2367.0850 2372.0535 2373.6863 2373.5400 2379.2153 2382.7996 2384.7097 2385.1941 2384.1230 2381.7466 2379.0200 2367.1846 2353.4692 2336.8945 2337.2588 2336.1768 2334.7900 2332.6025 2329.2214 2324.4980 2317.7183 2309.1753 2299.2568 2288.9851 2279.2429 2270.9968 2264.1973 2258.1599 2253.0645 2249.3774 2246.9417 2248.8884 2242.0566
-9999.0000 -9999.0000 -9999.0000 -9999.0000 -9999.0000 -9999.0000 -9999.0000 -9999.0000 -9999.0000 -9999.0000 -9999.0000 -9999.0000 2404.0740 2393.0889 2378.9861 2374.5061 2372.5620 2374.1494 2377.7039 2381.6194 2385.5603 2388.8367 2378.0105 2370.1855 2364.8896 2365.1880 2369.0618 2373.7415 2375.0796 2385.0203 2392.5466 2396.4321 2397.6882 2397.2219 2395.5310 2392.7180 2387.2305 2373.7090 2357.5425 2340.8579 2329.5759 2329.7644 2331.2988 2331.0422 2329.3430 2326.0640 2321.5166 2315.9700 2309.3638 2302.0552 2294.7700 2287.9124 2281.4624 2275.3020 2269.6543 2264.9646 2261.9792 2259.6106 2252.5454
-9999.0000 -9999.0000 -9999.0000 -9999.0000 -9999.0000 -9999.0000 -9999.0000 -9999.0000 -9999.0000 -9999.0000 -9999.0000 -9999.0000 -9999.0000 2406.1584 2397.1572 2394.0261 2390.4385 2391.8096 2393.3757 2394.2505 2394.4692 2392.9282 2384.8315 2374.2957 2362.8376 2365.3816 2373.4348 2380.8218 2385.3164 2401.6150 2408.8611 2411.7029 2411.4026 2409.3352 2406.3289 2402.9106 2400.9214 2381.1274 2362.5254 2342.7898 2321.1118 2325.4885 2329.5505 2330.9500 2330.5457 2328.7898 2326.2744 2323.2332 2319.3237 2314.5942 2309.6138 2304.2634 2298.2417 2291.8325 2285.7051 2279.8699 2273.8181 2261.1343 2260.2734
-9999.0000 -9999.0000 -9999.0000 -9999.0000 -9999.0000 -9999.0000 -9999.0000 -9999.0000 -9999.0000 -9999.0000 -9999.0000 -9999.0000 -9999.0000 -9999.0000 -9999.0000 2413.0852 2407.5537 2407.9673 2407.2490 2405.9114 2404.0850 2400.2302 2391.4067 2381.6125 2374.6711 2374.0740 2384.8418 2394.5530 2404.1731 2425.5757 2428.5825 2428.6379 2425.4163 2420.6362 2415.3735 2409.9653 2404.4263 2387.5286 2368.2673 2348.3706 2328.1228 2322.4458 2329.2974 2332.2837 2332.8560 2332.2349 2331.3381 2330.4968 2329.2715 2327.2053 2324.5276 2320.6008 2314.7620 2308.2051 2301.7424 2294.9653 2286.4170 2268.9741 2266.4661
-9999.0000 -9999.0000 -9999.0000 -9999.0000 -9999.0000 -9999.0000 -9999.0000 -9999.0000 -9999.0000 -9999.0000 -9999.0000 -9999.0000 -9999.0000 -9999.0000 -9999.0000 -9999.0000 2419.2209 2421.9739 2420.4285 2417.4380 2413.9336 2407.9380 2399.0022 2392.1487 2388.6431 2390.5396 2401.3894 2414.1294 2427.1099 2443.8201 2450.9863 2447.2788 2439.2432 2430.2827 2421.0300 2410.9697 2405.9636 2393.8899 2372.9890 2354.6052 2338.3975 2322.7725 2331.2400 2335.6882 2336.5688 2336.0283 2335.9597 2336.9084 2338.9924 2340.5632 2340.5107 2337.5242 2331.1812 2324.5513 2317.9749 2310.6973 2300.3447 2282.6350 2271.4832
-9999.0000 -9999.0000 -9999.0000 -9999.0000 -9999.0000 -9999.0000 -9999.0000 -9999.0000 -9999.0000 -9999.0000 -9999.0000 -9999.0000 -9999.0000 -9999.0000 -9999.0000 -9999.0000 -9999.0000 2442.0405 2435.7529 2428.4163 2422.8091 2415.3589 2407.6533 2402.5046 2401.5959 2406.8914 2419.0706 2431.8047 2442.9766 2455.1982 2478.2607 2468.6272 2451.4927 2435.2632 2419.2856 2404.7637 2392.7048 2392.1533 2374.2366 2359.0469 2347.2571 2335.2747 2333.9143 2342.8611 2342.1831 2340.2332 2338.9561 2340.8679 2346.8564 2356.3687 2359.4766 2354.4041 2347.5137 2340.8730 2334.6699 2327.8240 2318.2341 2296.7744 2275.7476
-9999.0000 -9999.0000 -9999.0000 -9999.0000 -9999.0000 -9999.0000 -9999.0000 -9999.0000 -9999.0000 -9999.0000 -9999.0000 -9999.0000 -9999.0000 -9999.0000 -9999.0000 -9999.0000 -9999.0000 -9999.0000 -9999.0000 -9999.0000 2429.2485 2425.1516 2417.0415 2411.8599 2413.3928 2422.8921 2436.8420 2449.8074 2460.2681 2470.7134 2476.5547 2464.8469 2443.0125 2425.1731 2409.6729 2395.8904 2372.1499 2375.2253 2368.5156 2360.6343 2356.6025 2353.2720 2341.9724 2357.8499 2349.6035 2343.9561 2340.7920 2338.2842 2352.7061 2369.6023 2378.1499 2372.3894 2366.2576 2359.1221 2353.2026 2348.0825 2341.5627 2316.6897 2294.3635
-9999.0000 -9999.0000 -9999.0000 -9999.0000 -9999.0000 -9999.0000 -9999.0000 -9999.0000 -9999.0000 -9999.0000 -9999.0000 -9999.0000 -9999.0000 -9999.0000 -9999.0000 -9999.0000 -9999.0000 -9999.0000 -9999.0000 -9999.0000 -9999.0000 -9999.0000 2425.7097 2417.9026 2423.2629 2440.1184 2455.9014 2467.8801 2475.4993 2480.2241 2472.0610 2452.6306 2429.4963 2417.3345 2405.9822 2378.3552 2362.2620 2354.0286 2351.8748 2358.9524 2370.8643 2380.8076 2370.1860 2374.4790 2362.7590 2350.1860 2344.6392 2346.2761 2358.8311 2379.5142 2392.5212 2392.3921 2390.0574 2382.2891 2373.9421 2367.1279 2356.9626 2331.6997 2318.5994
-9999.0000 -9999.0000 -9999.0000 -9999.0000 -9999.0000 -9999.0000 -9999.0000 -9999.0000 -9999.0000 -9999.0000 -9999.0000 -9999.0000 -9999.0000 -9999.0000 -9999.0000 -9999.0000 -9999.0000 -9999.0000 -9999.0000 -9999.0000 -9999.0000 -9999.0000 -9999.0000 -9999.0000 -9999.0000 2450.6938 2477.4988 2484.2427 2488.9546 2481.4055 2465.6128 2447.4209 2427.5386 2407.5969 2390.1724 2374.6289 2366.1213 2366.1799 2370.0552 2378.3848 2391.0913 2400.0273 2404.7036 2399.3032 2390.0303 2390.0972 2366.9902 2362.6643 2360.3730 2394.9539 2407.0605 2413.3713 2415.3706 2405.7224 2394.4121 2386.2537 2376.7253 2326.4058 2338.2092
