Birgham/input/PrePro/A_emb20 - Copy_newDEM_out.asc~
ncols           152
nrows            86
xllcorner    0.000000                                       
yllcorner    0.000000                                       
cellsize        20.0000
NODATA_value  -9999.0000
[rows 0 to 25 of 86, columns 59 to 117 of 152]
2016.4000 2016.4000 2023.5000 2003.5000 1999.3000 2002.1000 1996.1000 2009.9000 1989.1000 1982.9000 1991.5000 1982.1000 -9999.0000 1970.8000 1966.5000 1977.9000 1963.8000 1989.2000 1948.4000 1976.2000 1959.7000 1938.5000 1976.7000 1958.5000 1958.5000 1933.6000 1979.3000 1959.7000 1932.3000 1932.3000 1893.2000 1963.4000 1933.9000 -9999.0000 -9999.0000 1880.2000 1939.2000 1895.6000 -9999.0000 1949.6000 1911.0000 1911.3000 1907.9000 -9999.0000 1926.2000 -9999.0000 1923.1000 1928.2000 1940.4000 1937.7000 -9999.0000 1932.0000 -9999.0000 1934.2000 1924.4000 -9999.0000 -9999.0000 -9999.0000 -9999.0000
2049.6000 2052.8000 2050.3000 2030.3000 2047.1000 2036.7000 2042.3000 2009.9000 2017.6000 2038.3000 2025.9000 2035.1000 1996.2000 2004.1000 1966.5000 2010.4000 1998.4000 1980.4000 1983.2000 1951.2000 1972.4000 1956.4000 1957.3000 1945.2000 1933.3000 1931.1000 1931.1000 1917.6000 1910.9000 1902.8000 1889.1000 1889.1000 1871.4000 1872.3000 1871.1000 1880.2000 1909.8000 1908.0000 1910.4000 1909.5000 1911.0000 1915.6000 1907.9000 1913.1000 1909.1000 1920.4000 1915.3000 1928.2000 1906.4000 1921.8000 1903.0000 1903.6000 1913.3000 1912.8000 1912.8000 1909.4000 1916.4000 1909.3000 1903.2000
2051.2000 2049.6000 2052.8000 2048.5000 2047.1000 2044.4000 2040.5000 2041.0000 2037.4000 2038.3000 2034.9000 2025.8000 2025.8000 2013.5000 2007.2000 2004.9000 1998.4000 1995.4000 1983.6000 1973.3000 1964.1000 1958.8000 1947.3000 1947.3000 1937.4000 1927.3000 1921.3000 1910.4000 1910.4000 1898.5000 1893.1000 1877.9000 1870.8000 1867.7000 1874.7000 1878.9000 1893.7000 1908.0000 1905.3000 1900.5000 1902.3000 1898.6000 1904.4000 1899.9000 1909.1000 1893.7000 1886.1000 1894.8000 1883.9000 1892.1000 1874.3000 1888.9000 1888.0000 1892.0000 1908.6000 1902.2000 1902.2000 1892.7000 1897.0000
2044.7000 2045.2000 2051.8000 2045.6000 2043.1000 2039.5000 2040.5000 2036.7000 2032.1000 2032.1000 2024.9000 2025.3000 2015.1000 2013.5000 2005.5000 1996.6000 1996.7000 1988.3000 1983.6000 1972.7000 1972.7000 1961.9000 1951.1000 1944.4000 1933.8000 1933.8000 1923.0000 1913.0000 1905.2000 1896.4000 1887.6000 1904.4000 1883.3000 1876.1000 1877.1000 1882.3000 1881.9000 1894.9000 1903.3000 1900.5000 1895.6000 1890.0000 1890.0000 1883.0000 1887.4000 1878.9000 1886.1000 1867.9000 1857.9000 1865.4000 1870.4000 1876.8000 1876.9000 1876.9000 1885.7000 1880.9000 1888.8000 1878.8000 1878.8000
2034.6000 2039.8000 2040.5000 2045.0000 2037.3000 2036.0000 2034.3000 2032.0000 2032.0000 2024.2000 2015.5000 2015.5000 2006.7000 2006.4000 1997.7000 1996.6000 1989.0000 1979.9000 1973.8000 1971.0000 1967.7000 1957.5000 1957.5000 1947.5000 1937.8000 1930.3000 1920.8000 1920.8000 1913.2000 1905.1000 1906.1000 1895.1000 1882.7000 1881.1000 1876.8000 1875.3000 1881.9000 1893.9000 1897.0000 1897.0000 1889.5000 1888.9000 1880.8000 1883.0000 1870.7000 1856.5000 1861.3000 1850.5000 1857.9000 1872.8000 1875.0000 1863.0000 1850.7000 1868.4000 1881.3000 1881.3000 1874.0000 1867.7000 1861.6000
2030.4000 2035.5000 2031.7000 2036.5000 2035.2000 2032.1000 2032.2000 2024.5000 2024.5000 2015.4000 2015.5000 2006.6000 1998.3000 1998.3000 1990.7000 1990.2000 1982.1000 1979.9000 1968.2000 1967.6000 1965.5000 1958.9000 1954.0000 1944.9000 1944.9000 1936.0000 1927.6000 1920.7000 1914.1000 1909.5000 1902.2000 1901.5000 1889.6000 1877.7000 1874.1000 1867.1000 1869.6000 1870.0000 1883.6000 1889.1000 1886.7000 1886.7000 1879.4000 1871.0000 1854.9000 1856.5000 1837.0000 1835.0000 1843.0000 1875.0000 1875.0000 1854.7000 1854.7000 1847.9000 1865.0000 1874.0000 1874.0000 1874.0000 1864.4000
2024.9000 2026.5000 2028.3000 2032.9000 2030.5000 2030.5000 2024.8000 2029.6000 2015.6000 2006.8000 2006.8000 1997.8000 1998.1000 1990.5000 1983.7000 1983.3000 1977.2000 1976.0000 1968.1000 1967.6000 1963.5000 1960.2000 1955.2000 1948.1000 1942.6000 1934.2000 1927.6000 1924.4000 1910.4000 1906.1000 1888.0000 1894.6000 1890.3000 1886.7000 1871.9000 1852.3000 1859.0000 1849.0000 1849.0000 1875.6000 1882.5000 1880.1000 1874.2000 1874.2000 1855.6000 1843.2000 1835.4000 1835.0000 1838.3000 1831.6000 1872.8000 1837.4000 1841.9000 1850.4000 1850.4000 1857.9000 1860.4000 1874.0000 1841.0000
2020.9000 2016.9000 2022.8000 2024.9000 2027.9000 2024.5000 2011.2000 2011.2000 2008.2000 2007.2000 1997.9000 1989.0000 1989.0000 1982.2000 1983.4000 1977.6000 1977.2000 1970.6000 1965.5000 1963.4000 1955.4000 1960.2000 1952.3000 1952.3000 1945.9000 1939.6000 1931.1000 1914.8000 1910.4000 1899.9000 1893.8000 1888.4000 1887.0000 1888.3000 1860.6000 1860.6000 1847.9000 1844.7000 1848.4000 1862.2000 1862.2000 1866.1000 1871.7000 1860.7000 1850.6000 1843.6000 1841.6000 1834.6000 1829.0000 1831.6000 1829.6000 1827.3000 1834.6000 1840.3000 1848.0000 1852.2000 1860.4000 1850.4000 1839.0000
2010.7000 2013.4000 2019.4000 2023.2000 2023.2000 2015.8000 2009.1000 2008.0000 2001.3000 2001.3000 1989.3000 1988.5000 1980.3000 1975.7000 1977.2000 1972.1000 1972.8000 1969.5000 1965.5000 1951.9000 1942.1000 1942.0000 1941.2000 1946.6000 1941.4000 1939.6000 1932.9000 1914.7000 1903.3000 1901.0000 1893.8000 1890.4000 1887.8000 1877.2000 1863.1000 1856.5000 1846.6000 1846.6000 1844.1000 1849.2000 1857.5000 1860.2000 1860.2000 1856.3000 1854.7000 1847.2000 1841.6000 1832.9000 1830.9000 1825.6000 1820.8000 1827.3000 1834.0000 1834.5000 1839.5000 1842.6000 1846.9000 1841.7000 1839.0000
2006.7000 2007.1000 2011.7000 2006.5000 2010.5000 2005.8000 2005.8000 2008.0000 2007.8000 1996.3000 1976.2000 1978.1000 1970.0000 1973.2000 1970.1000 1966.2000 1970.0000 1961.5000 1963.4000 1943.4000 1942.1000 1939.3000 1934.7000 1934.7000 1930.0000 1932.6000 1921.2000 1914.7000 1907.4000 1897.4000 1896.6000 1880.1000 1879.7000 1867.4000 1867.4000 1856.2000 1846.8000 1843.9000 1841.7000 1841.7000 1847.1000 1855.6000 1855.9000 1853.0000 1851.0000 1848.7000 1844.8000 1837.2000 1830.9000 1822.9000 1820.2000 1823.3000 1830.2000 1834.5000 1838.4000 1842.6000 1840.2000 1841.1000 1840.5000
1985.5000 2007.1000 2001.1000 2001.1000 1998.0000 1994.9000 -9999.5000 2004.1000 2004.1000 1989.0000 1986.1000 1970.4000 1967.6000 1966.3000 1956.2000 1960.7000 1956.8000 1951.7000 1951.5000 1941.7000 1941.7000 1930.6000 1932.5000 1927.3000 1921.8000 1921.8000 1915.2000 1912.3000 1896.2000 1897.4000 1879.3000 1867.5000 1870.4000 1861.6000 1859.7000 1850.3000 1850.3000 1842.5000 1834.9000 1835.2000 1847.6000 1853.2000 1851.9000 1853.3000 1851.2000 1847.5000 1843.1000 1842.2000 1836.0000 1828.6000 1820.2000 1826.2000 1831.3000 1831.3000 1834.3000 1837.0000 1838.1000 1841.1000 1841.8000
1963.0000 1981.4000 1985.3000 1995.4000 1998.0000 1998.0000 1982.2000 1965.0000 1976.2000 1975.9000 1973.8000 1970.9000 1970.5000 1958.3000 1945.4000 1951.4000 1942.3000 1947.5000 1942.9000 1943.2000 1930.8000 1922.3000 1922.3000 1917.4000 1919.3000 1913.8000 1915.2000 1908.3000 1884.8000 1875.0000 1858.2000 1867.5000 1861.8000 1861.8000 1854.6000 1847.6000 1845.3000 1838.9000 1838.9000 1830.1000 1841.2000 1848.2000 1851.6000 1852.2000 1852.0000 1850.5000 1847.2000 1842.6000 1836.0000 1828.7000 1828.7000 1826.6000 1828.5000 1832.1000 1833.9000 1833.9000 1833.9000 1836.1000 1829.6000
1963.0000 1961.7000 1957.9000 1991.8000 1998.0000 1994.4000 1959.1000 1965.0000 1962.6000 1971.0000 1971.1000 1968.5000 1968.4000 1950.4000 1941.6000 1937.0000 1936.4000 1938.8000 1941.7000 1941.7000 1930.7000 1918.1000 1915.1000 1908.2000 1908.2000 1902.1000 1907.0000 1904.9000 1884.8000 1849.0000 1849.0000 1851.5000 1851.9000 1854.6000 1848.7000 1848.7000 1843.7000 1841.1000 1836.3000 1831.9000 1841.2000 1845.1000 1849.6000 1852.3000 1852.7000 1850.8000 1852.2000 1848.1000 1845.1000 1837.5000 1830.0000 1829.6000 1829.6000 1832.5000 1832.9000 1833.6000 1831.2000 1831.2000 1816.0000
1942.1000 1945.3000 1957.9000 1980.6000 1964.2000 1960.9000 1954.0000 1956.9000 1965.9000 1971.0000 1966.6000 1952.5000 1952.4000 1941.1000 1937.1000 1934.4000 1934.4000 1934.9000 1933.8000 1933.0000 1919.8000 1919.8000 1909.7000 1908.0000 1900.4000 1894.5000 1898.6000 1884.4000 1877.5000 1850.6000 1849.0000 1849.1000 1849.6000 1848.9000 1846.8000 1844.0000 1845.9000 1841.1000 1851.7000 1855.2000 1838.4000 1849.6000 1851.4000 1853.1000 1853.1000 1854.2000 1856.6000 1851.6000 1849.6000 1849.6000 1840.1000 1828.8000 1832.5000 1834.7000 1834.7000 1834.6000 1832.7000 1825.5000 1816.0000
1934.5000 1929.9000 1942.3000 1950.7000 1964.2000 1950.7000 1954.0000 1949.1000 1952.8000 1967.6000 1951.5000 1952.5000 1941.8000 1942.3000 1935.3000 1931.1000 1932.2000 1933.6000 1933.6000 1924.5000 1922.4000 1912.2000 1902.0000 1902.0000 1892.8000 1892.8000 1884.6000 1873.5000 1866.2000 1858.6000 1852.0000 1850.7000 1849.6000 1848.9000 1849.2000 1850.9000 1862.9000 1859.0000 1869.6000 1855.2000 1879.9000 1866.6000 1856.5000 1853.5000 1852.9000 1859.1000 1859.1000 1867.8000 1865.7000 1853.6000 1835.4000 1835.4000 1835.7000 1835.5000 1836.8000 1834.2000 1830.1000 1826.1000 1819.9000
1918.9000 1929.9000 1937.0000 1942.8000 1942.8000 1937.9000 1943.1000 1942.3000 1952.8000 1942.5000 1931.2000 1939.4000 1934.4000 1935.3000 1930.6000 1930.6000 1928.7000 1927.7000 1926.1000 1916.4000 1916.4000 1906.7000 1904.3000 1894.0000 1884.5000 1884.5000 1875.0000 1874.8000 1864.6000 1858.6000 1854.3000 1851.1000 1850.8000 1850.7000 1849.2000 1864.3000 1862.9000 1877.2000 1884.9000 1883.6000 1878.1000 1866.6000 1869.3000 1866.1000 1857.8000 1862.7000 1863.7000 1873.4000 1873.4000 1873.7000 1868.4000 1830.5000 1841.4000 1841.4000 1842.8000 1838.8000 1832.7000 1820.3000 1817.7000
1901.5000 1912.7000 1919.2000 1930.5000 1927.7000 1922.4000 1922.4000 1920.6000 1931.6000 1926.0000 1931.2000 1933.2000 1926.7000 1928.2000 1925.0000 1927.0000 1927.0000 1927.0000 1920.6000 1909.9000 1908.7000 1898.9000 1896.3000 1888.2000 1885.7000 1875.2000 1865.2000 1865.7000 1859.0000 1854.8000 1850.0000 1851.1000 1850.8000 1858.4000 1858.4000 1887.7000 1881.3000 1889.2000 1884.9000 1891.1000 1886.1000 1877.6000 1874.5000 1866.1000 1868.4000 1868.4000 1872.7000 1878.6000 1878.1000 1879.4000 1879.4000 1875.7000 1846.6000 1849.1000 1848.1000 1841.2000 1838.0000 1824.6000 1827.0000
1901.5000 1907.3000 1911.3000 1911.3000 1907.0000 1912.0000 1908.4000 1920.6000 1909.0000 1909.0000 1918.9000 1928.0000 1926.7000 1922.5000 1917.4000 1921.1000 1922.4000 1927.2000 1911.6000 1911.6000 1902.4000 1894.3000 1891.4000 1879.8000 1876.8000 1866.5000 1864.8000 1854.1000 1853.6000 1850.5000 1853.2000 1850.1000 1865.5000 1864.9000 1884.9000 1903.8000 1903.8000 1900.1000 1894.8000 1891.5000 1886.1000 1882.8000 1890.1000 1882.3000 1883.6000 1877.6000 1881.1000 1881.1000 1885.6000 1889.6000 1885.0000 1889.3000 1869.0000 1875.3000 1860.7000 1852.6000 1840.0000 1824.7000 1830.9000
1893.2000 1900.3000 1905.9000 1903.8000 1895.2000 1895.2000 1894.7000 1903.8000 1909.0000 1909.0000 1911.9000 1896.1000 1913.3000 1912.8000 1917.4000 1917.3000 1917.3000 1921.3000 1899.3000 1901.8000 1895.7000 1894.3000 1888.5000 1883.9000 1870.4000 1854.8000 1853.1000 1853.2000 1854.6000 1860.4000 1864.6000 1861.4000 1885.0000 1885.0000 1897.2000 1899.1000 1904.0000 1900.4000 1900.4000 1898.0000 1889.2000 1898.4000 1890.1000 1890.6000 1898.5000 1891.6000 1893.1000 1888.5000 1892.3000 1892.3000 1895.4000 1897.0000 1889.8000 1880.4000 1866.6000 1870.1000 1854.9000 1843.4000 1833.4000
1896.3000 1898.6000 1898.6000 1896.6000 1896.5000 1887.0000 1892.3000 1904.9000 1907.3000 1909.0000 1907.0000 1896.1000 1897.4000 1891.8000 1906.0000 1906.4000 1913.0000 1887.9000 1899.3000 1890.2000 1891.0000 1891.2000 1885.6000 1876.2000 1861.7000 1857.6000 1851.8000 1859.8000 1861.9000 1872.9000 1872.9000 1891.8000 1887.2000 1897.9000 1906.1000 1906.1000 1908.8000 1904.8000 1903.7000 1898.0000 1905.8000 1915.6000 1906.5000 1906.2000 1898.5000 1899.0000 1905.8000 1899.8000 1901.5000 1898.8000 1901.0000 1897.0000 1901.3000 1900.8000 1885.7000 1873.7000 1858.0000 1862.4000 1849.1000
1893.8000 1894.2000 1895.6000 1892.0000 1892.0000 1887.0000 1887.0000 1895.0000 1897.7000 1901.6000 1888.5000 1888.0000 1876.0000 1891.8000 1906.0000 1878.5000 1884.3000 1871.0000 1873.7000 1891.0000 1891.0000 1891.0000 1883.4000 1868.4000 1852.0000 1852.0000 1852.0000 1855.0000 1870.1000 1888.0000 1889.8000 1905.0000 1905.0000 1908.6000 1907.3000 1912.2000 1917.1000 1909.7000 1930.6000 1926.3000 1925.7000 1915.6000 1914.7000 1923.4000 1914.1000 1913.1000 1905.8000 1905.5000 1901.5000 1908.2000 1911.5000 1907.5000 1914.3000 1900.8000 1910.6000 -9999.0000 1875.4000 1877.4000 1865.9000
1892.7000 1892.7000 1891.9000 1892.3000 1887.0000 1886.8000 1888.4000 1887.9000 1892.1000 1887.5000 1888.5000 1876.1000 1878.1000 1877.1000 1876.6000 1878.5000 1871.0000 1871.1000 1871.1000 1879.3000 1889.1000 1873.0000 1883.4000 1859.2000 1856.4000 1853.4000 1852.7000 1861.9000 1885.1000 1885.1000 1902.2000 1904.7000 1907.5000 1914.5000 1914.5000 1921.7000 1920.0000 1928.3000 1944.2000 1935.2000 1934.5000 1930.0000 1933.0000 1923.4000 1922.0000 1929.9000 1918.7000 1913.8000 1911.3000 1914.3000 1911.5000 1925.7000 1929.0000 1925.5000 1929.0000 1894.0000 1880.6000 1880.6000 1917.0000
1888.9000 1891.0000 1890.1000 1889.4000 1887.1000 1887.1000 1885.9000 1885.5000 1887.2000 1883.3000 1877.5000 1878.6000 1878.1000 1880.0000 1877.0000 1877.0000 1872.2000 1871.0000 1871.7000 1879.3000 1870.6000 1859.1000 1859.0000 1858.5000 1856.4000 1861.6000 1861.6000 1868.2000 1902.3000 1902.8000 1903.9000 1903.9000 1906.2000 1922.4000 1922.6000 1930.8000 1929.2000 1939.0000 1939.9000 1947.4000 1940.4000 1936.6000 1943.4000 1942.0000 1945.9000 1929.9000 1916.3000 1921.5000 1921.5000 1925.6000 1922.6000 1928.5000 1929.0000 1929.0000 1928.6000 1917.7000 1911.1000 1902.0000 1914.9000
1879.5000 1884.4000 1887.6000 1887.1000 1880.5000 1885.4000 1882.9000 1884.8000 1884.0000 1883.8000 1880.1000 1881.7000 1880.5000 1881.0000 1880.9000 1876.8000 1871.0000 1871.0000 1870.8000 1868.7000 1861.6000 1859.1000 1859.0000 1859.0000 1859.0000 1887.7000 1878.6000 1891.9000 1891.9000 1903.0000 1903.0000 1904.0000 1914.5000 1922.4000 1935.9000 1933.0000 1939.8000 1947.9000 1950.0000 1960.7000 1955.3000 1950.2000 1943.4000 1949.0000 1950.3000 1950.3000 1944.4000 1928.7000 1930.5000 1933.6000 1933.6000 1935.8000 1930.1000 1933.9000 1928.6000 1922.4000 1931.2000 1921.1000 1920.9000
1874.0000 1889.9000 1887.6000 1882.2000 1877.9000 1853.0000 1884.0000 1884.0000 1883.7000 1884.1000 1884.2000 1882.2000 1881.0000 1881.0000 1881.0000 1880.2000 1874.5000 1870.8000 1863.1000 1863.1000 1861.4000 1860.4000 1863.1000 1859.0000 1869.4000 1899.2000 1901.0000 1903.0000 1903.0000 1903.6000 1903.6000 1911.0000 1938.1000 1941.2000 1948.0000 1943.4000 1948.0000 1945.9000 1953.7000 1978.0000 1974.9000 1975.5000 1954.8000 1949.0000 1949.4000 1954.8000 1952.6000 1952.6000 1944.9000 1938.7000 1941.4000 1935.8000 1929.5000 1943.1000 1940.1000 1940.1000 1931.2000 1931.5000 1931.5000
1858.2000 1862.2000 1877.5000 1874.0000 1877.9000 1879.9000 1881.8000 1882.6000 1883.1000 1884.3000 1885.2000 1885.2000 1882.8000 1881.6000 1882.1000 1879.1000 1879.1000 1872.4000 1868.0000 1862.0000 1868.0000 1866.6000 1877.0000 1875.3000 1886.4000 1899.2000 1901.5000 1901.1000 1902.8000 1919.1000 1915.4000 1929.6000 1938.1000 1946.3000 1948.0000 1948.0000 1953.8000 1946.5000 1961.1000 1968.2000 1978.0000 1969.7000 1949.1000 1949.1000 1949.1000 1961.6000 1966.7000 1958.2000 1953.1000 1953.1000 1958.9000 1955.6000 1960.8000 1943.1000 1948.5000 1957.6000 1950.5000 1956.9000 1945.3000
