Birgham/input/PrePro/A_emb20 - Copy_newDEM_out.asc~
ncols           152
nrows            86
xllcorner    0.000000                                       
yllcorner    0.000000                                       
cellsize        20.0000
NODATA_value  -9999.0000
[rows 52 to 77 of 86, columns 0 to 58 of 152]
-9999.0000 -9999.0000 -9999.0000 -9999.0000 -9999.0000 -9999.0000 -9999.0000 -9999.0000 1885.5000 1841.3000 1829.8000 1819.4000 1819.4000 1807.7000 1801.9000 1798.4000 1797.5000 1793.9000 1786.8000 1772.4000 1755.0000 1755.0000 1748.3000 1746.7000 1739.0000 1727.6000 1720.7000 1709.5000 1709.5000 1700.9000 1691.3000 1690.4000 1687.8000 1686.2000 1685.5000 1683.8000 1682.3000 1682.4000 1682.4000 1682.4000 1682.2000 1681.8000 1681.2000 1682.3000 1683.4000 1683.4000 1684.1000 1684.1000 1688.0000 1692.9000 1691.4000 1694.3000 1697.1000 1699.6000 1715.0000 1717.0000 1717.0000 1717.0000 1723.6000
-9999.0000 -9999.0000 -9999.0000 -9999.0000 -9999.0000 -9999.0000 -9999.0000 -9999.0000 1910.8000 1872.6000 1841.6000 1831.2000 1823.6000 1819.4000 1819.4000 1798.0000 1791.0000 1788.5000 1786.8000 1760.6000 1758.8000 1751.4000 1746.0000 1746.7000 1736.1000 1736.1000 1721.5000 1711.0000 1706.2000 1699.4000 1691.3000 1689.7000 1689.1000 1687.1000 1685.3000 1683.2000 1682.8000 1682.2000 1682.5000 1682.6000 1682.2000 1681.7000 1681.7000 1681.5000 1682.6000 1683.8000 1684.5000 1684.5000 1684.2000 1688.0000 1691.3000 1694.3000 1697.5000 1698.7000 1700.1000 1705.8000 1712.9000 1718.5000 1718.5000
-9999.0000 -9999.0000 -9999.0000 -9999.0000 -9999.0000 -9999.0000 -9999.0000 -9999.0000 1896.6000 1861.9000 1853.2000 1853.2000 1843.0000 1830.3000 1814.9000 1791.3000 1791.3000 1785.3000 1779.3000 1767.9000 1758.8000 1749.7000 1748.1000 1746.0000 1737.2000 1727.4000 1716.0000 1716.0000 1711.7000 1710.8000 1698.9000 1689.7000 1688.5000 1688.7000 1687.1000 1685.6000 1682.7000 1682.4000 1682.9000 1682.8000 1683.0000 1682.4000 1681.7000 1682.2000 1682.2000 1684.2000 1684.6000 1685.3000 1684.2000 1688.6000 1688.9000 1691.9000 1696.4000 1698.7000 1700.1000 1700.1000 1708.9000 1717.6000 1720.8000
-9999.0000 -9999.0000 -9999.0000 -9999.0000 -9999.0000 -9999.0000 -9999.0000 -9999.0000 -9999.0000 1882.0000 1875.9000 1858.0000 1844.1000 1844.1000 1834.0000 1808.4000 1791.0000 1783.1000 1776.2000 1776.7000 1767.1000 1756.9000 1748.1000 1743.3000 1737.7000 1730.9000 1723.1000 1717.5000 1715.0000 1710.8000 1712.2000 1690.1000 1689.9000 1689.5000 1687.8000 1689.5000 1686.6000 1682.5000 1683.8000 1683.4000 1683.5000 1683.5000 1682.3000 1681.1000 1683.2000 1685.9000 1685.9000 1687.3000 1686.8000 1687.5000 1688.9000 1693.0000 1695.5000 1699.6000 1704.7000 1703.7000 1713.4000 1713.4000 1721.0000
-9999.0000 -9999.0000 -9999.0000 -9999.0000 -9999.0000 -9999.0000 -9999.0000 -9999.0000 1926.0000 1871.0000 1871.0000 1865.0000 1854.5000 1834.1000 1831.5000 1808.0000 1799.3000 1787.0000 1786.0000 1776.7000 1767.1000 1767.2000 1756.2000 1744.1000 1737.7000 1729.2000 1724.7000 1724.7000 1721.7000 1716.8000 1713.2000 1690.1000 1709.3000 1701.2000 1694.4000 1691.6000 1686.5000 1684.1000 1684.1000 1685.0000 1685.4000 1683.8000 -9999.0000 -9999.0000 1681.3000 1685.0000 1688.0000 1688.0000 1688.0000 1688.0000 1687.9000 1688.2000 1695.5000 1706.0000 1706.8000 1707.0000 1707.0000 1718.4000 1723.9000
-9999.0000 -9999.0000 -9999.0000 -9999.0000 -9999.0000 -9999.0000 -9999.0000 -9999.0000 -9999.0000 1892.2000 1874.9000 1856.3000 1856.3000 1843.8000 1834.4000 1822.7000 1803.5000 1794.4000 1801.7000 1789.3000 1778.7000 1767.2000 1754.8000 1751.9000 1741.4000 1735.0000 1729.8000 1727.0000 1721.7000 1724.4000 1720.9000 1715.7000 1709.5000 1701.2000 1696.6000 1696.6000 1691.8000 1686.4000 1685.0000 1686.2000 1686.2000 1686.9000 1686.3000 1682.4000 1686.5000 1687.6000 1688.5000 1688.3000 1688.6000 1689.7000 1689.6000 1696.6000 1698.6000 1704.7000 1706.8000 1707.0000 1708.9000 1708.9000 1720.5000
-9999.0000 -9999.0000 -9999.0000 -9999.0000 -9999.0000 -9999.0000 -9999.0000 -9999.0000 -9999.0000 -9999.0000 1878.8000 1876.5000 1862.9000 1853.8000 1838.2000 1836.5000 1825.0000 1819.8000 1804.8000 1790.0000 1791.6000 1778.7000 1765.0000 1751.9000 1740.4000 1737.0000 1737.0000 1736.7000 1730.5000 1727.3000 1720.9000 1722.8000 1716.1000 1709.0000 1703.4000 1697.5000 1692.2000 1692.2000 1685.2000 1690.3000 1688.9000 1689.1000 1689.1000 1688.3000 1685.8000 1688.2000 1689.7000 1689.7000 1692.0000 1690.8000 1695.5000 1696.6000 1702.2000 1704.9000 1706.7000 1709.7000 1707.0000 1712.1000 1720.5000
-9999.0000 -9999.0000 -9999.0000 -9999.0000 -9999.0000 -9999.0000 -9999.0000 -9999.0000 -9999.0000 1919.4000 1872.9000 1876.5000 1876.7000 1864.2000 1851.1000 1831.1000 1831.0000 1831.0000 1821.7000 1805.3000 1791.2000 1778.1000 1762.9000 1762.9000 1747.2000 1740.7000 1742.5000 1741.3000 1741.3000 1737.1000 1729.7000 1723.4000 1716.1000 1709.4000 1710.7000 1704.8000 1700.4000 1693.4000 1690.4000 1690.4000 1694.2000 1693.6000 1690.9000 1689.6000 1688.0000 1688.4000 1689.3000 1692.0000 1695.0000 1695.6000 1698.3000 1698.9000 1703.0000 1704.9000 1709.0000 1713.0000 1713.0000 1720.0000 1720.0000
-9999.0000 -9999.0000 -9999.0000 -9999.0000 -9999.0000 -9999.0000 -9999.0000 -9999.0000 -9999.0000 -9999.0000 1886.4000 1876.8000 1872.5000 1864.2000 1857.5000 1843.9000 1831.0000 1830.5000 1818.9000 1816.4000 1804.2000 1789.6000 1776.4000 1761.7000 1746.6000 1746.6000 1756.6000 1748.8000 1745.0000 1739.2000 1731.3000 1732.1000 1723.7000 1716.5000 1710.7000 1706.4000 1708.7000 1702.9000 1701.8000 1697.4000 1696.7000 1693.6000 1695.3000 1693.8000 1689.8000 1691.1000 1691.8000 1695.0000 1694.9000 1697.6000 1699.4000 1701.2000 1705.9000 1705.9000 1710.5000 1711.9000 1717.4000 1720.0000 1720.0000
-9999.0000 -9999.0000 -9999.0000 -9999.0000 -9999.0000 -9999.0000 -9999.0000 -9999.0000 -9999.0000 1934.3000 1886.4000 1872.0000 1872.0000 1869.8000 1855.0000 1839.9000 1837.8000 1831.8000 1827.6000 1815.1000 1802.6000 1789.0000 1789.0000 1777.7000 1764.1000 1765.0000 1764.1000 1764.1000 1757.1000 1747.7000 1740.5000 1732.1000 1723.5000 1724.2000 1717.9000 1714.3000 1708.7000 1706.4000 1706.4000 1705.2000 1701.6000 1698.4000 1696.9000 1693.8000 1695.7000 1691.0000 1695.4000 1697.5000 1697.2000 1698.7000 1698.0000 1701.8000 1707.5000 1709.1000 1714.2000 1714.2000 1719.5000 1719.9000 1724.2000
-9999.0000 -9999.0000 -9999.0000 -9999.0000 -9999.0000 -9999.0000 -9999.0000 -9999.0000 -9999.0000 -9999.0000 1914.8000 1872.0000 1872.0000 1874.6000 1872.4000 1855.6000 1833.3000 1832.9000 1826.4000 1826.4000 1814.5000 1802.0000 1789.8000 1781.7000 1781.7000 1790.9000 1779.8000 1768.5000 1758.9000 1749.2000 1749.7000 1741.1000 1731.9000 1724.2000 1719.6000 1721.9000 1716.8000 1713.9000 1709.0000 1704.5000 1701.6000 1702.2000 1701.5000 1698.8000 1698.9000 1697.4000 1700.6000 1698.5000 1700.0000 1700.8000 1697.5000 1705.6000 1705.6000 1711.6000 1713.0000 1719.0000 1725.1000 1725.1000 1734.3000
-9999.0000 -9999.0000 -9999.0000 -9999.0000 -9999.0000 -9999.0000 -9999.0000 -9999.0000 -9999.0000 -9999.0000 -9999.0000 1883.4000 1880.0000 1881.2000 1872.4000 1871.9000 1852.8000 1833.0000 1833.5000 1826.8000 1814.9000 1814.9000 1802.4000 1792.8000 1787.6000 1795.0000 1784.4000 1782.9000 1770.2000 1758.8000 1748.9000 1740.7000 1741.5000 1732.7000 1726.5000 1721.9000 1719.1000 1715.4000 1715.4000 1708.9000 1704.2000 1703.8000 1701.5000 1704.0000 1703.9000 1702.1000 1701.6000 1701.2000 1703.1000 1703.1000 1705.5000 1708.8000 1710.0000 1716.3000 1716.3000 1722.9000 1724.4000 1733.1000 1743.2000
-9999.0000 -9999.0000 -9999.0000 -9999.0000 -9999.0000 -9999.0000 -9999.0000 -9999.0000 -9999.0000 -9999.0000 1927.2000 1883.4000 1902.9000 1889.9000 1880.1000 1865.3000 1852.8000 1833.0000 1833.0000 1834.1000 1834.2000 1815.7000 1800.5000 1800.5000 1794.8000 1795.0000 1795.2000 1777.8000 1768.2000 1762.9000 1756.2000 1749.2000 1741.5000 1735.6000 1734.4000 1729.7000 1726.8000 1721.2000 1716.6000 1706.7000 1706.7000 1708.7000 1706.7000 1706.4000 1703.9000 1705.3000 1708.2000 1706.5000 1708.5000 1706.6000 1709.2000 1709.2000 1713.3000 1719.9000 1721.3000 1728.3000 1730.5000 1736.6000 1742.9000
-9999.0000 -9999.0000 -9999.0000 -9999.0000 -9999.0000 -9999.0000 -9999.0000 -9999.0000 -9999.0000 -9999.0000 -9999.0000 1905.6000 1900.3000 1889.9000 1877.4000 1876.4000 1863.8000 1844.9000 1833.3000 1835.9000 1835.9000 1828.7000 1808.4000 1795.0000 1795.6000 1795.6000 1800.4000 1802.5000 1767.7000 1758.8000 1754.9000 1759.3000 1755.4000 1743.8000 1734.4000 1732.1000 1729.8000 1729.8000 1725.9000 1716.6000 1711.1000 1708.7000 1713.2000 1711.6000 1708.1000 1708.1000 1708.2000 1711.3000 1711.3000 1711.3000 1709.5000 1710.5000 1718.3000 1718.3000 1724.9000 1730.8000 1733.2000 1740.5000 1744.0000
-9999.0000 -9999.0000 -9999.0000 -9999.0000 -9999.0000 -9999.0000 -9999.0000 -9999.0000 -9999.0000 -9999.0000 1942.1000 1942.1000 1905.3000 1896.8000 1886.3000 1876.4000 1866.0000 1871.2000 1866.6000 1836.0000 1833.5000 1822.8000 1808.4000 1815.0000 1811.5000 1802.8000 1801.9000 1792.4000 1788.8000 1770.4000 1770.7000 1768.7000 1761.4000 1734.8000 1734.8000 1734.0000 1733.9000 1734.3000 1723.2000 1723.2000 1721.0000 1718.7000 1718.6000 1711.6000 1709.5000 1716.5000 1717.6000 1718.1000 1714.1000 1710.9000 1710.9000 1710.1000 1723.2000 1723.6000 1729.3000 1730.8000 1733.7000 1737.0000 1745.2000
-9999.0000 -9999.0000 -9999.0000 -9999.0000 -9999.0000 -9999.0000 -9999.0000 -9999.0000 -9999.0000 -9999.0000 -9999.0000 1917.5000 1905.3000 1894.9000 1893.9000 1886.1000 1879.0000 1871.2000 1857.7000 1857.7000 1837.4000 1838.6000 1827.1000 1821.6000 1811.5000 1817.2000 1812.2000 1804.4000 1793.4000 1780.9000 1787.0000 1777.2000 1767.2000 1755.7000 1740.3000 1737.1000 1737.1000 1738.4000 1732.2000 1725.5000 1721.0000 1721.0000 1720.5000 1716.8000 1715.0000 1716.5000 1719.0000 1719.0000 1719.0000 1713.9000 1709.0000 1732.7000 1723.2000 1734.0000 1732.2000 1731.4000 1732.0000 1741.0000 1762.6000
-9999.0000 -9999.0000 -9999.0000 -9999.0000 -9999.0000 -9999.0000 -9999.0000 -9999.0000 -9999.0000 -9999.0000 -9999.0000 -9999.0000 1909.7000 1901.1000 1893.9000 1886.6000 1888.9000 1881.7000 1875.6000 1847.5000 1849.9000 1838.6000 1844.2000 1837.3000 1826.9000 1821.0000 1812.2000 1815.0000 1807.0000 1797.7000 1788.1000 1777.8000 1768.6000 1768.6000 1758.8000 1742.9000 1743.3000 1743.4000 1743.4000 1737.8000 1727.3000 1721.4000 1723.8000 1719.7000 1727.5000 1723.2000 1726.2000 1719.0000 1721.5000 1731.5000 1725.5000 1730.7000 1734.0000 1733.4000 1732.2000 1738.0000 1747.2000 1748.5000 1762.6000
-9999.0000 -9999.0000 -9999.0000 -9999.0000 -9999.0000 -9999.0000 -9999.0000 -9999.0000 -9999.0000 -9999.0000 -9999.0000 1931.2000 1907.6000 1906.8000 1901.1000 1896.6000 1888.9000 1883.3000 1875.9000 1875.9000 1875.3000 1856.8000 1848.6000 1837.3000 1840.8000 1833.0000 1823.5000 1816.7000 1810.3000 1798.2000 1798.2000 1789.9000 1782.7000 1772.0000 1764.7000 1764.7000 1761.2000 1752.2000 1747.9000 1741.1000 1730.0000 1734.1000 1727.8000 1731.8000 1727.5000 1731.1000 1738.2000 1733.4000 1741.0000 1731.5000 1732.9000 1730.7000 1734.6000 1739.2000 1739.3000 1747.8000 1747.2000 1756.6000 1764.7000
-9999.0000 -9999.0000 -9999.0000 -9999.0000 -9999.0000 -9999.0000 -9999.0000 -9999.0000 -9999.0000 -9999.0000 -9999.0000 -9999.0000 1910.5000 1911.3000 1904.2000 1907.4000 1899.1000 1892.9000 1884.6000 1880.6000 1874.2000 1874.2000 1862.7000 1851.6000 1843.0000 1833.0000 1834.9000 1826.7000 1817.3000 1807.3000 1799.3000 1792.2000 1792.2000 1786.1000 1781.7000 1772.8000 1771.5000 1758.5000 1763.2000 1752.0000 1745.4000 1738.1000 1735.4000 1744.8000 1739.9000 1742.5000 1738.2000 1741.3000 1742.8000 1742.8000 1740.7000 1737.3000 1738.2000 1739.2000 1750.1000 1758.2000 1757.2000 1765.4000 1764.7000
-9999.0000 -9999.0000 -9999.0000 -9999.0000 -9999.0000 -9999.0000 -9999.0000 -9999.0000 -9999.0000 -9999.0000 -9999.0000 -9999.0000 1949.3000 1918.2000 1916.1000 1907.4000 1901.4000 1894.5000 1894.5000 1886.9000 1881.0000 1873.3000 1862.7000 1863.6000 1854.7000 1844.7000 1836.5000 1826.7000 1816.4000 1817.1000 1809.0000 1803.0000 1794.9000 1790.0000 1790.0000 1787.8000 1784.4000 1774.9000 1768.2000 1757.3000 1762.5000 1752.1000 1749.8000 1752.3000 1747.2000 1753.8000 1749.0000 1750.4000 1747.1000 1743.3000 1747.0000 1747.0000 1754.0000 1751.0000 1760.0000 1758.2000 1766.8000 1774.5000 1773.8000
-9999.0000 -9999.0000 -9999.0000 -9999.0000 -9999.0000 -9999.0000 -9999.0000 -9999.0000 -9999.0000 -9999.0000 -9999.0000 -9999.0000 1939.6000 1925.7000 1919.9000 1919.9000 1913.0000 1903.6000 1896.2000 1886.5000 1886.5000 1881.3000 1873.6000 1864.7000 1854.7000 1846.3000 1847.5000 1837.5000 1827.7000 1817.1000 1810.7000 1810.7000 1805.1000 1800.9000 1794.3000 1792.5000 1784.4000 1787.0000 1778.2000 1772.1000 1767.5000 1759.2000 1766.9000 1758.9000 1759.1000 1759.8000 1754.9000 1754.0000 1754.0000 1745.3000 1749.0000 1756.8000 1764.9000 1764.9000 1770.1000 1768.2000 1775.1000 1774.5000 1782.2000
-9999.0000 -9999.0000 -9999.0000 -9999.0000 -9999.0000 -9999.0000 -9999.0000 -9999.0000 -9999.0000 -9999.0000 -9999.0000 -9999.0000 -9999.0000 1943.8000 1933.6000 1922.9000 1915.6000 1915.6000 1907.8000 1897.7000 1888.3000 1883.9000 1883.9000 1875.4000 1866.0000 1857.6000 1847.5000 1837.8000 1837.7000 1828.2000 1818.8000 1812.2000 1807.4000 1800.9000 1804.1000 1800.6000 1794.6000 1790.4000 1781.1000 1784.6000 1776.1000 1773.1000 1770.9000 1765.5000 1765.0000 1765.0000 1764.8000 1759.9000 1758.2000 1764.2000 1764.2000 1769.4000 1766.4000 1770.8000 1770.1000 1775.8000 1783.5000 1783.1000 1790.5000
-9999.0000 -9999.0000 -9999.0000 -9999.0000 -9999.0000 -9999.0000 -9999.0000 -9999.0000 -9999.0000 -9999.0000 -9999.0000 -9999.0000 -9999.0000 1945.3000 1945.3000 1936.0000 1927.8000 1917.8000 1909.1000 1909.1000 1900.6000 1891.8000 1885.1000 1877.2000 1867.6000 1868.8000 1858.1000 1847.7000 1837.7000 1827.0000 1823.9000 1818.0000 1814.9000 1809.9000 1806.8000 1800.6000 1803.7000 1796.8000 1792.6000 1788.2000 1780.6000 1783.9000 1777.4000 1786.7000 1773.2000 1769.1000 1771.1000 1771.1000 1776.9000 1768.2000 1776.0000 1775.9000 1775.9000 1774.6000 1770.5000 1782.8000 1783.5000 1790.8000 1797.4000
-9999.0000 -9999.0000 -9999.0000 -9999.0000 -9999.0000 -9999.0000 -9999.0000 -9999.0000 -9999.0000 -9999.0000 -9999.0000 -9999.0000 -9999.0000 1954.8000 1946.0000 1937.7000 1937.7000 1929.2000 1919.2000 1910.5000 1902.3000 1892.8000 1892.2000 1886.2000 1879.0000 1868.8000 1858.1000 1857.0000 1846.7000 1834.3000 1823.9000 1818.9000 1817.8000 1817.8000 1816.6000 1810.4000 1806.6000 1796.8000 1798.6000 1798.7000 1791.0000 1785.0000 1782.6000 1787.0000 1787.0000 1771.9000 1784.6000 1786.2000 1789.8000 1789.8000 1778.8000 1777.9000 1777.7000 1779.6000 1775.8000 1788.8000 1795.2000 1798.4000 1797.4000
-9999.0000 -9999.0000 -9999.0000 -9999.0000 -9999.0000 -9999.0000 -9999.0000 -9999.0000 -9999.0000 -9999.0000 -9999.0000 -9999.0000 -9999.0000 -9999.0000 1955.6000 1948.9000 1939.1000 1930.9000 1930.9000 1922.7000 1912.4000 1903.4000 1891.0000 1888.5000 1895.0000 1881.8000 1867.9000 1857.0000 1844.7000 1832.8000 1832.8000 1825.5000 1822.3000 1822.0000 1816.6000 1822.0000 1820.0000 1807.9000 1803.8000 1798.7000 1793.0000 1793.0000 1790.4000 1795.3000 1789.7000 1784.1000 1784.1000 1783.9000 1787.7000 1788.1000 1784.5000 1781.5000 1792.5000 1787.1000 1792.3000 1801.6000 1799.9000 1802.6000 1803.1000
-9999.0000 -9999.0000 -9999.0000 -9999.0000 -9999.0000 -9999.0000 -9999.0000 -9999.0000 -9999.0000 -9999.0000 -9999.0000 -9999.0000 -9999.0000 -9999.0000 1958.5000 1958.5000 1951.1000 1943.4000 1933.0000 1924.7000 1914.1000 1915.2000 1904.1000 1898.0000 1898.0000 1881.8000 1872.9000 1864.1000 1852.1000 1843.1000 1836.5000 1831.6000 1831.6000 1831.8000 1827.5000 1829.4000 1820.0000 1823.6000 1813.0000 1812.7000 1804.7000 1797.0000 1799.5000 1799.5000 1805.7000 1789.6000 1782.2000 1786.2000 1786.2000 1793.7000 1792.3000 1797.8000 1801.7000 1797.0000 1804.0000 1802.4000 1802.6000 1802.6000 1810.8000
