Birgham/input/PrePro/A_emb20 - Copy_newDEM_out.asc~
ncols           152
nrows            86
xllcorner    0.000000                                       
yllcorner    0.000000                                       
cellsize        20.0000
NODATA_value  -9999.0000
[rows 0 to 25 of 86, columns 0 to 58 of 152]
-9999.0000 -9999.0000 -9999.0000 -9999.0000 -9999.0000 2042.9000 -9999.0000 2054.4000 -9999.0000 2053.4000 -9999.0000 2044.7000 2039.8000 2052.9000 2045.8000 -9999.0000 2040.4000 2047.6000 2042.8000 2038.6000 2042.6000 2041.7000 2041.7000 2035.3000 2041.5000 2039.4000 2037.8000 2037.8000 2038.1000 2043.0000 2042.5000 2047.5000 2054.9000 2051.2000 2060.0000 2060.1000 2060.4000 2060.2000 2058.1000 2060.3000 2061.1000 2061.8000 2067.2000 2049.5000 2074.3000 2061.3000 2078.9000 2077.3000 2038.6000 2072.2000 2045.4000 2053.1000 2059.5000 2026.9000 2030.5000 2030.5000 2037.6000 2014.9000 2013.9000
2022.6000 -9999.0000 2004.2000 2033.3000 2019.0000 2042.9000 2023.8000 2031.0000 2031.0000 2029.1000 2032.6000 2033.1000 2039.8000 2031.3000 2028.9000 2034.0000 2033.3000 2038.1000 2035.2000 2035.2000 2022.8000 2012.9000 2012.4000 2016.4000 2016.4000 2017.9000 2029.9000 2027.6000 2031.1000 2039.8000 2020.6000 2033.1000 2039.6000 2051.2000 2060.0000 2059.7000 2057.2000 2054.8000 2058.1000 2058.7000 2061.1000 2061.3000 2057.1000 2063.8000 2057.6000 2061.3000 2049.3000 2050.6000 2051.9000 2049.0000 2066.9000 2061.7000 2061.7000 2056.6000 2052.3000 2061.9000 2058.0000 2058.0000 2053.5000
2021.5000 2003.2000 2003.0000 2009.1000 2008.1000 2014.6000 2019.8000 2016.0000 2011.7000 2032.6000 2032.6000 2033.0000 2033.0000 2022.5000 2028.9000 2020.7000 2023.5000 2026.2000 2015.7000 2018.3000 2009.6000 2009.6000 2002.8000 2001.0000 2005.1000 2006.9000 2006.9000 2003.6000 2013.1000 2004.3000 2013.7000 2027.1000 2021.3000 2034.2000 2040.8000 2059.7000 2050.4000 2049.0000 2049.0000 2048.8000 2056.0000 2052.5000 2057.1000 2046.1000 2040.7000 2045.8000 2040.2000 2044.8000 2049.8000 2049.8000 2039.8000 2039.0000 2046.1000 2045.4000 2045.4000 2045.8000 2049.7000 2049.0000 2048.6000
2003.8000 2005.1000 2003.1000 2002.2000 2008.1000 2010.5000 1998.1000 1998.1000 2005.3000 2013.6000 2023.0000 2033.0000 2015.3000 1997.0000 1997.0000 2019.3000 2023.5000 2023.0000 2016.9000 -9999.5000 1994.7000 -9999.7000 1999.7000 1999.7000 2001.0000 1992.8000 1996.5000 1987.3000 1987.4000 1980.3000 1998.1000 2008.7000 2014.8000 2027.3000 2019.5000 2032.1000 2029.1000 2041.0000 2041.7000 2041.0000 2041.0000 2029.2000 2040.6000 2034.9000 2040.7000 2030.7000 2027.1000 2032.2000 2029.0000 2028.9000 2026.6000 2026.6000 2028.9000 2029.7000 2038.6000 2043.6000 2043.6000 2040.5000 2045.0000
2008.4000 2005.7000 2003.6000 2002.7000 2002.7000 -9999.7000 1998.0000 2001.0000 2006.4000 2006.4000 2008.6000 2013.6000 2003.2000 1997.0000 2006.5000 -9999.7000 2006.6000 1992.3000 2016.9000 1982.8000 1982.8000 1994.2000 2001.0000 -9999.9000 1996.8000 1992.8000 1983.0000 1985.1000 1980.2000 1983.9000 1996.0000 1991.7000 2002.9000 2007.4000 2019.5000 2023.2000 2028.8000 2028.8000 2027.6000 2033.8000 2029.7000 2023.7000 2023.7000 2018.2000 2024.6000 2021.0000 2027.1000 2024.9000 2018.0000 2021.5000 2017.1000 2020.0000 2022.1000 2022.1000 2023.0000 2021.9000 2034.6000 2034.3000 2039.6000
2011.7000 2008.7000 2005.0000 2003.0000 2002.8000 1999.3000 1999.3000 1999.5000 2002.2000 2004.2000 2003.8000 2003.8000 1999.9000 1997.9000 1997.2000 -9999.7000 1993.9000 1983.5000 1980.0000 1984.1000 1988.2000 -9999.4000 -9999.4000 1995.9000 1966.5000 1977.2000 1975.0000 1978.5000 1973.5000 1977.6000 1982.7000 1985.3000 1995.8000 1999.7000 1999.7000 2003.1000 2014.9000 2029.9000 2014.8000 2014.8000 2010.6000 2020.2000 2012.3000 2018.2000 2014.3000 2004.3000 2011.6000 2010.3000 2018.0000 2016.8000 2016.8000 2013.4000 2012.3000 2017.2000 2016.8000 2021.9000 2022.5000 2023.7000 2029.2000
2007.1000 2006.6000 2003.0000 2003.0000 2004.0000 2001.2000 1998.3000 1998.8000 1998.8000 1998.3000 -9999.8000 1998.8000 1996.7000 1995.7000 1988.5000 1990.7000 1984.5000 1983.5000 1981.1000 1979.2000 1984.0000 1988.1000 1996.5000 1972.7000 1966.5000 1963.0000 1964.3000 1968.9000 1968.4000 1977.2000 1965.3000 1976.1000 1977.2000 1979.2000 1991.1000 1994.0000 1994.0000 1998.3000 -9999.1000 2003.3000 1999.1000 1999.1000 1991.8000 -9999.1000 1996.9000 2004.3000 2002.2000 1992.8000 2001.4000 2004.4000 2012.3000 2006.9000 2006.9000 2009.0000 2013.7000 2017.0000 2018.6000 2023.7000 2019.3000
-9999.0000 2008.6000 2015.0000 2007.8000 2004.6000 2004.6000 2001.4000 1998.6000 1996.5000 1994.6000 1996.6000 1990.8000 1992.2000 1986.0000 1988.5000 1983.5000 1977.5000 1978.7000 1975.7000 1979.2000 1981.2000 1988.1000 1979.6000 1969.6000 1964.5000 1963.0000 1964.3000 1962.5000 1952.9000 1953.4000 1956.8000 1968.0000 1967.4000 1967.4000 1969.4000 1973.5000 1986.3000 1989.0000 1989.0000 1987.3000 1992.0000 1985.1000 1979.1000 1988.9000 1978.5000 1986.7000 1984.6000 1992.8000 1992.6000 1981.4000 1978.9000 1990.2000 2001.0000 2005.8000 2013.7000 2015.9000 2009.2000 2013.7000 2015.0000
2008.8000 2016.7000 2016.7000 2014.4000 2007.6000 2003.8000 2002.1000 2002.1000 1993.1000 1992.7000 1989.8000 1979.5000 1978.3000 1971.0000 1977.7000 1975.5000 1977.5000 1973.3000 1967.9000 1970.5000 1970.0000 1975.3000 1970.1000 1969.6000 1958.7000 1952.8000 1958.0000 1953.6000 1952.9000 1951.0000 1951.0000 1951.0000 1949.8000 1956.0000 1960.3000 1960.3000 1967.7000 1978.6000 1981.0000 1970.2000 1977.8000 1962.4000 1960.2000 1969.5000 1968.6000 1976.5000 1966.2000 1974.6000 1972.9000 1981.4000 1975.5000 1982.0000 1982.0000 1986.4000 2001.9000 2007.4000 2009.2000 2002.5000 2003.2000
1996.6000 2017.0000 2017.0000 2011.3000 2011.3000 2004.1000 2002.0000 2002.0000 1994.6000 1987.7000 1983.3000 1981.6000 1971.1000 1971.0000 1971.5000 1970.1000 1970.8000 1969.2000 1967.9000 1963.7000 1963.1000 1963.1000 1960.1000 1959.4000 1947.2000 1952.8000 1942.8000 1945.6000 1948.6000 1947.1000 1951.0000 1947.0000 1947.0000 1940.5000 1948.5000 1957.4000 1958.0000 1958.0000 1951.6000 1953.5000 1957.3000 1957.0000 1956.5000 1955.5000 1960.7000 1958.2000 1966.2000 1963.7000 1961.0000 1961.0000 1970.9000 1971.4000 1972.7000 1986.4000 1976.1000 1986.3000 1998.1000 1995.8000 2003.2000
2002.6000 2002.6000 2014.0000 2005.4000 2005.4000 2002.0000 2002.0000 2002.0000 2001.7000 1985.5000 1977.2000 1975.7000 1972.9000 1971.4000 1970.5000 1965.9000 1966.3000 1957.0000 1957.0000 1954.1000 1957.0000 1956.7000 1952.0000 1952.0000 1932.0000 1937.1000 1941.9000 1945.6000 1944.4000 1936.9000 1941.2000 1937.1000 1939.1000 1940.4000 1940.4000 1945.3000 1943.4000 1950.4000 1933.4000 1943.9000 1946.5000 1957.0000 1957.0000 1957.0000 1951.6000 1942.6000 1946.2000 1943.2000 1952.2000 1955.6000 1959.3000 1959.3000 1945.5000 1959.7000 1959.2000 1986.3000 1976.3000 1985.9000 1989.1000
1989.1000 2016.2000 2005.6000 2005.6000 2002.0000 -9999.3000 2002.0000 1994.0000 1989.3000 1976.4000 1977.6000 1972.7000 1970.8000 1971.0000 1965.8000 1965.8000 1959.9000 1960.0000 1951.1000 1952.3000 1952.3000 1946.4000 1948.1000 1939.0000 1932.0000 1940.0000 1937.5000 1940.1000 1935.8000 1936.9000 1930.3000 1931.8000 1932.7000 1934.2000 1939.0000 1938.0000 1943.4000 1934.9000 1928.6000 1926.3000 1939.8000 1952.0000 1946.4000 1957.0000 1939.4000 1927.4000 1935.2000 1937.0000 1937.0000 1934.3000 1937.1000 1944.0000 1937.0000 1937.0000 1937.0000 1937.0000 1966.7000 1985.9000 1977.0000
-9999.0000 1995.4000 2001.8000 2002.1000 -9999.1000 -9999.3000 1976.3000 1975.9000 1969.2000 1970.4000 1971.9000 1966.2000 1967.9000 1966.5000 1957.6000 1958.9000 1953.9000 1953.9000 1950.8000 1951.4000 1944.7000 1938.3000 1938.3000 1932.3000 1933.1000 1929.8000 1937.5000 1931.6000 1917.5000 1920.3000 1918.5000 1931.8000 1931.0000 1931.0000 1928.6000 1924.8000 1928.5000 1926.8000 1928.6000 1925.4000 1927.4000 1932.8000 1923.4000 1935.4000 1919.9000 1919.9000 1919.2000 1937.0000 1936.5000 1921.9000 1921.9000 1910.1000 1930.9000 1937.0000 1936.2000 1937.1000 1936.3000 1972.4000 1960.7000
-9999.0000 -9999.7000 1998.1000 1998.1000 1983.8000 1977.6000 1969.7000 1975.9000 1968.1000 1966.1000 1965.2000 1959.5000 1961.4000 1951.3000 1951.3000 1950.3000 1945.6000 1947.5000 1942.9000 1942.9000 1935.2000 1937.0000 1931.4000 1925.9000 1926.8000 1920.4000 1923.2000 1912.7000 1917.5000 1913.2000 1906.1000 1910.4000 1906.6000 1918.1000 1918.4000 1924.8000 1917.0000 1913.9000 1918.8000 1914.8000 1925.3000 1910.8000 1917.5000 1913.0000 1914.1000 1916.0000 1928.2000 1928.2000 1927.2000 1928.4000 1911.3000 1921.4000 1921.4000 1926.6000 1931.8000 1923.6000 1936.3000 1959.8000 1934.8000
-9999.0000 1986.4000 2002.4000 1986.6000 1983.8000 1974.7000 1969.4000 1968.4000 1968.2000 1966.1000 1958.1000 1958.1000 1952.0000 1945.3000 1946.2000 1944.1000 1944.1000 1938.3000 1930.3000 1931.6000 1929.0000 1930.5000 1923.9000 1925.0000 1919.6000 1914.2000 1913.6000 1905.3000 1907.0000 1904.5000 1906.1000 1899.5000 1899.3000 1899.3000 1905.3000 1911.5000 1909.1000 1913.9000 1906.4000 1903.2000 1901.8000 1906.1000 1911.4000 1913.0000 1913.0000 1912.2000 1912.4000 1920.2000 1917.9000 1917.9000 1913.9000 1909.1000 1920.0000 1918.8000 1921.8000 1914.2000 1913.7000 1922.0000 1934.8000
-9999.0000 1987.3000 1987.3000 1978.1000 1977.3000 1971.0000 1969.4000 1969.2000 1958.3000 1956.6000 1948.8000 1950.9000 1945.8000 1945.8000 1945.0000 1936.8000 1937.1000 1930.7000 1930.7000 1924.2000 1926.4000 1922.7000 1916.9000 1918.4000 1912.0000 1913.6000 1908.5000 1905.3000 1903.8000 1898.2000 1898.7000 1893.1000 1891.2000 1897.9000 1898.7000 1898.7000 1896.5000 1901.7000 1899.9000 1903.2000 1899.4000 1900.7000 1905.2000 1910.4000 1908.4000 1905.1000 1905.1000 1905.5000 1905.1000 1910.6000 1909.4000 1912.9000 1910.0000 1914.7000 1912.2000 1908.8000 1909.4000 1909.1000 1915.8000
-9999.0000 1974.6000 1973.4000 1971.5000 1971.5000 1966.3000 1967.3000 1969.0000 1958.3000 1943.0000 1941.4000 1943.8000 1941.4000 1943.5000 1939.5000 1939.5000 1928.7000 1923.7000 1924.9000 1923.7000 1922.2000 1914.2000 1915.3000 1909.8000 1905.2000 1907.6000 1901.2000 1905.1000 1899.1000 1898.2000 1892.7000 1889.4000 1889.4000 1890.3000 1894.1000 1891.0000 1896.5000 1889.6000 1888.6000 1893.9000 1895.8000 1900.7000 1900.5000 1900.5000 1889.5000 1890.5000 1898.2000 1898.7000 1898.7000 1898.4000 1899.0000 1908.0000 1904.9000 1908.9000 1903.4000 1906.7000 1905.7000 1906.4000 1910.1000
1964.6000 1964.6000 1971.5000 1971.6000 1966.8000 1960.6000 1961.6000 1951.6000 1941.0000 1941.0000 1941.4000 1940.7000 1934.8000 1935.1000 1922.1000 1926.2000 1921.0000 1923.7000 1915.8000 1913.4000 1915.5000 1905.5000 1907.7000 1900.1000 1902.6000 1898.0000 1894.7000 1904.8000 1890.1000 1890.1000 1885.1000 1887.2000 1884.6000 1883.0000 1883.0000 1878.3000 1884.2000 1883.6000 1888.6000 1888.2000 1882.4000 1893.6000 1881.5000 1884.4000 1880.6000 1880.6000 1884.3000 1885.5000 1892.1000 1892.1000 1899.0000 1893.3000 1900.7000 1899.9000 1898.3000 1902.4000 1903.9000 1907.8000 1896.5000
-9999.0000 1966.1000 1970.9000 1970.9000 1960.4000 1960.5000 1952.8000 1951.6000 1941.0000 1939.3000 1941.0000 1939.8000 1934.8000 1922.7000 1922.7000 1914.7000 1908.2000 1911.5000 1905.4000 1913.4000 1889.9000 1892.8000 1897.1000 1891.9000 1895.1000 1887.5000 1890.8000 1885.9000 1878.1000 1882.8000 1878.7000 1878.7000 1874.2000 1876.7000 1870.7000 1872.8000 1878.4000 1872.8000 1877.7000 1876.7000 1882.4000 1877.2000 1871.0000 1872.0000 1870.8000 1876.1000 1878.6000 1885.5000 1879.5000 1879.8000 1886.0000 1890.8000 1896.2000 1894.0000 1895.6000 1894.3000 1897.4000 1897.7000 1893.2000
-9999.0000 1956.4000 1964.1000 1960.5000 1951.2000 1952.4000 1943.4000 1944.7000 1939.5000 1939.3000 1932.8000 1909.9000 1911.3000 1911.1000 1912.8000 1907.2000 1908.2000 1897.2000 1890.0000 1892.4000 1882.4000 1892.8000 1883.9000 1888.3000 1883.9000 1880.3000 1883.6000 1875.6000 1875.6000 1874.6000 1876.7000 1872.8000 1867.5000 1867.5000 1860.2000 1865.7000 1867.8000 1866.8000 1871.6000 1865.3000 1870.0000 1867.5000 1871.0000 1870.4000 1869.7000 1869.2000 1867.8000 1873.2000 1874.0000 1879.8000 1872.4000 1878.9000 1894.0000 1889.0000 1890.7000 1885.6000 1891.1000 1892.6000 1893.3000
-9999.0000 1956.3000 1962.5000 1947.3000 1950.2000 1942.3000 1934.7000 1939.6000 1929.3000 1928.2000 1911.6000 1909.9000 1910.9000 1911.0000 1911.0000 1898.0000 1892.6000 1886.0000 1890.0000 1882.0000 1882.0000 1881.3000 1875.0000 1879.6000 1876.3000 1876.3000 1873.4000 1872.2000 1875.0000 1870.5000 1870.5000 1864.2000 1866.5000 1861.6000 1860.7000 1863.2000 1859.3000 1862.5000 1861.0000 1865.3000 1862.4000 1855.5000 1859.4000 1863.2000 1869.7000 1865.3000 1867.8000 1862.5000 1864.0000 1868.9000 1869.5000 1878.9000 1884.2000 1875.8000 1880.6000 1881.3000 1887.2000 1890.0000 1890.0000
-9999.0000 -9999.0000 1945.0000 1941.1000 1941.7000 1934.9000 1934.1000 1924.6000 1911.9000 1914.3000 1909.4000 1909.1000 1908.2000 1910.6000 1894.9000 1875.0000 1875.0000 1879.4000 1880.7000 1882.0000 1882.0000 1872.2000 1861.8000 1867.2000 1864.1000 1868.8000 1865.7000 1865.7000 1870.6000 1857.6000 1861.2000 1855.9000 1859.9000 1853.5000 1859.1000 1858.5000 1853.8000 1857.1000 1851.1000 1854.7000 1851.7000 1855.5000 1854.6000 1857.6000 1857.6000 1853.7000 1857.8000 1852.2000 1864.0000 1856.7000 1858.5000 1865.8000 1872.2000 1875.8000 1875.0000 1875.0000 1877.8000 1882.1000 1888.7000
-9999.0000 1948.0000 1943.3000 1943.0000 1936.5000 1929.5000 1926.7000 1920.5000 1913.0000 1910.3000 1909.4000 1908.9000 1897.9000 1897.9000 1880.3000 1875.0000 1876.1000 1879.4000 1879.7000 1871.2000 1874.5000 1848.8000 1861.8000 1859.3000 1851.0000 1855.5000 1850.9000 1857.1000 1851.1000 1851.1000 1844.8000 1841.7000 1847.7000 1845.8000 1855.6000 1846.1000 1851.0000 1847.8000 1845.1000 1848.3000 1841.9000 1844.6000 1841.0000 1849.5000 1848.3000 1847.0000 1847.0000 1847.1000 1851.0000 1852.9000 1858.5000 1859.0000 1851.9000 1856.3000 1863.4000 1871.0000 1875.3000 1875.3000 1881.0000
-9999.0000 1940.4000 1944.2000 1939.8000 1936.1000 1932.8000 1925.2000 1917.7000 1912.5000 1910.2000 1910.2000 1907.9000 1901.4000 1884.8000 1875.5000 1875.5000 1875.0000 1876.9000 1870.8000 1871.2000 1839.0000 1838.6000 1840.5000 1845.7000 1851.0000 1846.2000 1846.2000 1839.1000 1821.0000 1834.5000 1834.7000 1841.7000 1833.2000 1839.6000 1838.2000 1836.8000 1844.0000 1837.9000 1841.8000 1839.0000 1836.1000 1838.5000 1830.6000 1830.6000 1837.0000 1847.0000 1846.1000 1846.2000 1846.2000 1846.7000 1849.8000 1850.2000 1851.9000 1854.7000 1854.2000 1860.8000 1866.4000 1873.6000 1879.5000
-9999.0000 -9999.0000 1942.5000 1939.5000 1930.5000 1928.3000 1923.0000 1922.0000 1917.3000 1904.7000 1901.9000 1885.6000 1885.6000 1875.8000 1875.9000 1870.9000 1875.0000 1873.4000 1855.3000 1852.1000 1838.2000 1838.6000 1839.0000 1835.2000 1839.8000 1831.7000 1835.5000 1822.6000 1821.0000 1820.3000 1818.8000 1826.2000 1826.2000 1832.5000 1826.8000 1830.7000 1833.4000 1832.6000 1835.8000 1833.4000 1833.4000 1831.5000 1832.4000 1829.0000 1840.4000 1840.4000 1844.0000 1844.0000 1843.8000 1846.7000 1847.3000 1845.8000 1848.7000 1850.4000 1854.2000 1859.3000 1859.3000 1865.0000 1867.5000
-9999.0000 1932.4000 1942.5000 1933.6000 1932.4000 1924.1000 1916.6000 1918.6000 1911.5000 1911.5000 1893.9000 1877.6000 1874.9000 1865.8000 1865.8000 1857.1000 1861.3000 1843.7000 1835.1000 1838.4000 1833.7000 1835.5000 1829.3000 1835.2000 1826.2000 1818.2000 1821.0000 1821.0000 1821.0000 1814.6000 1818.8000 1812.7000 1814.3000 1821.0000 1823.8000 1829.9000 1831.8000 1830.4000 1827.1000 1825.4000 1828.7000 1827.8000 1827.8000 1829.7000 1833.8000 1844.2000 1837.9000 1840.9000 1838.0000 1841.2000 1842.2000 1845.8000 1849.2000 1845.7000 1847.6000 1848.7000 1857.9000 1862.2000 1867.5000
