Birgham/input/PrePro/A_emb20 - Copy_newDEM_out.asc~
ncols           152
nrows            86
xllcorner    0.000000                                       
yllcorner    0.000000                                       
cellsize        20.0000
NODATA_value  -9999.0000
[rows 26 to 51 of 86, columns 0 to 58 of 152]
-9999.0000 -9999.0000 1933.0000 1927.1000 1925.6000 1917.1000 1917.1000 1908.1000 1900.2000 1899.2000 1884.7000 1884.7000 1870.2000 1865.2000 1854.8000 1844.6000 1842.0000 1832.1000 1832.0000 1832.3000 1833.7000 1825.8000 1803.2000 1811.7000 1814.0000 1818.2000 1819.6000 1821.0000 1821.0000 1804.2000 1806.6000 1806.8000 1814.3000 1811.1000 1815.7000 1822.9000 1820.4000 1824.0000 1821.5000 1821.5000 1820.2000 1820.6000 1828.3000 1827.0000 1827.0000 1816.2000 1825.5000 1834.4000 1835.8000 1838.5000 1834.6000 1841.2000 1847.7000 1845.7000 1844.1000 1845.8000 1849.4000 1853.4000 1856.8000
-9999.0000 -9999.0000 1928.8000 1923.8000 1921.0000 1911.5000 1909.0000 1896.4000 1896.4000 1887.4000 1882.7000 1879.3000 1861.3000 1854.2000 1837.3000 1842.4000 1833.2000 1832.0000 1832.0000 1832.0000 1832.0000 1802.3000 1803.2000 1808.3000 1810.6000 1810.6000 1804.1000 1810.2000 1801.8000 1804.2000 1789.0000 1789.8000 1802.7000 1810.8000 1815.7000 1808.9000 1808.9000 1804.3000 1809.3000 1815.6000 1814.4000 1814.4000 1812.2000 1825.1000 1815.8000 1806.0000 1820.1000 1830.0000 1833.5000 1831.3000 1834.2000 1842.9000 1839.7000 1846.1000 1844.1000 1845.8000 1849.6000 1851.4000 1851.4000
-9999.0000 -9999.0000 1928.2000 1923.8000 1914.7000 1908.5000 1904.5000 1891.9000 1884.6000 1883.3000 1883.3000 1882.3000 1862.1000 1846.8000 1834.5000 1833.9000 1830.8000 1832.6000 1832.1000 1816.0000 1814.2000 1802.0000 1797.9000 1803.9000 1806.5000 1802.6000 1788.3000 1788.3000 1786.9000 1789.0000 1789.0000 1789.8000 1792.1000 1798.9000 1808.0000 1778.8000 1779.4000 1792.0000 1792.0000 1801.8000 1798.0000 1805.4000 1805.1000 1816.5000 1806.0000 1806.0000 1808.2000 1818.8000 1825.7000 1819.6000 1826.9000 1831.6000 1839.7000 1844.3000 1844.1000 1844.1000 1845.1000 1848.7000 1850.1000
-9999.0000 -9999.0000 1932.7000 1924.1000 1912.9000 1908.5000 1898.0000 1898.0000 1889.5000 1884.0000 1883.7000 1868.3000 1862.1000 1843.4000 1833.7000 1830.7000 1823.6000 1832.7000 1818.6000 1816.8000 1804.4000 1796.2000 1800.8000 1798.7000 1798.7000 1786.2000 1778.9000 1777.4000 1789.0000 1789.0000 1789.0000 1789.3000 1788.3000 1798.9000 1784.9000 1776.5000 1777.6000 1784.3000 1795.0000 1791.5000 1791.5000 1783.2000 1793.8000 1803.8000 1805.0000 1806.0000 1804.1000 1810.2000 1811.7000 1815.2000 1823.2000 1818.8000 1827.5000 1833.2000 1843.7000 1841.5000 1841.7000 1841.7000 1845.1000
-9999.0000 -9999.0000 1932.7000 1932.7000 1912.2000 1907.4000 1896.8000 1893.5000 1889.5000 1884.0000 1875.7000 1859.9000 1849.3000 1838.4000 1833.7000 1827.9000 1824.7000 1813.2000 1801.9000 1804.5000 1796.2000 1796.2000 1789.1000 1793.5000 1783.8000 1773.3000 1773.3000 1776.5000 1784.1000 1789.0000 1788.4000 1786.5000 1770.5000 1775.0000 1771.1000 1776.5000 1778.3000 1774.8000 1780.2000 1775.5000 1781.3000 1781.6000 1793.8000 1788.7000 1786.5000 1796.4000 1796.2000 1803.1000 1798.7000 1807.3000 1810.7000 1814.0000 1822.6000 1827.2000 1827.2000 1827.7000 1835.4000 1838.5000 1844.4000
-9999.0000 -9999.0000 -9999.0000 1916.3000 1912.2000 1900.7000 1892.6000 1889.5000 1875.5000 1876.5000 1863.6000 1859.9000 1851.2000 1838.0000 1832.1000 1819.8000 1816.5000 1807.4000 1800.2000 1796.3000 1788.0000 1788.1000 1779.9000 1779.9000 1768.2000 1772.3000 1772.9000 1778.9000 1778.9000 1781.8000 1784.4000 1769.9000 1770.5000 1760.9000 1759.7000 1769.5000 1770.2000 1774.8000 1767.8000 1775.5000 1766.4000 1775.3000 1780.7000 1774.5000 1786.5000 1773.3000 1785.6000 1786.6000 1795.6000 1803.1000 1806.2000 1806.2000 1808.7000 1809.7000 1815.4000 1819.9000 1819.9000 1826.9000 1836.2000
-9999.0000 -9999.0000 1919.0000 1914.2000 1908.5000 1895.9000 1892.6000 1879.8000 1864.7000 1864.7000 1857.7000 1855.1000 1847.4000 1838.0000 1826.3000 1812.5000 1810.4000 1800.6000 1797.8000 1788.5000 1788.5000 1780.4000 1772.9000 1771.1000 1766.0000 1766.0000 1770.0000 1773.7000 1775.5000 1760.7000 1766.2000 1753.2000 1755.6000 1754.0000 1759.7000 1768.7000 1758.0000 1749.5000 1748.0000 1756.3000 1760.2000 1775.3000 1770.1000 1758.0000 1759.3000 1768.1000 1778.8000 1779.1000 1788.7000 1792.3000 1794.5000 1801.3000 1802.6000 1802.6000 1800.9000 1804.4000 1816.5000 1824.4000 1824.4000
-9999.0000 -9999.0000 -9999.0000 1914.2000 1899.5000 1887.0000 1887.0000 1873.6000 1867.4000 1862.1000 1857.7000 1849.0000 1829.7000 1829.6000 1814.5000 1812.5000 1800.7000 1790.6000 1791.4000 1779.6000 1780.3000 1772.9000 1772.9000 1765.6000 1762.6000 1766.4000 1765.5000 1772.5000 1759.2000 1757.7000 1748.9000 1744.7000 1749.3000 1746.2000 1751.9000 1753.4000 1758.0000 1749.3000 1748.0000 1748.0000 1747.4000 1754.0000 1757.1000 1758.0000 1753.0000 1756.0000 1767.3000 1782.6000 1787.3000 1788.3000 1788.3000 1789.1000 1789.0000 1795.5000 1798.7000 1798.7000 1806.2000 1814.8000 1822.3000
-9999.0000 -9999.0000 -9999.0000 -9999.0000 1894.9000 1891.1000 1879.8000 1869.1000 1869.1000 1864.7000 1855.9000 1837.2000 1829.7000 1813.4000 1805.3000 1804.4000 1793.4000 1790.6000 1769.0000 1769.0000 1771.8000 1768.5000 1766.2000 1759.3000 1762.6000 1752.1000 1758.7000 1753.9000 1746.4000 1743.2000 1743.2000 1741.5000 1740.4000 1746.2000 1748.2000 1748.7000 1748.7000 1746.0000 1747.8000 1745.5000 1745.9000 1745.9000 1749.5000 1753.0000 1753.0000 1756.0000 1768.0000 1767.1000 1778.1000 1777.7000 1783.3000 1782.5000 1782.5000 1782.0000 1786.3000 1797.4000 1804.6000 1813.2000 1810.7000
-9999.0000 -9999.0000 -9999.0000 1894.6000 1888.6000 1888.6000 1878.8000 1875.4000 1869.9000 1854.5000 1854.5000 1832.4000 1824.5000 1808.6000 1805.3000 1797.2000 1794.9000 1788.7000 1775.8000 1768.8000 1771.1000 1771.1000 1765.6000 1756.6000 1753.1000 1739.3000 1747.7000 1741.5000 1745.0000 1742.3000 1738.9000 1734.8000 1729.0000 1737.0000 1739.7000 1744.3000 1743.5000 1739.8000 1739.8000 1736.5000 1741.9000 1745.0000 1749.5000 1749.5000 1753.0000 1752.7000 1753.8000 1767.1000 1765.7000 1765.7000 1772.2000 1769.8000 1775.2000 1776.3000 1786.3000 1788.7000 1795.3000 1802.3000 1808.3000
-9999.0000 -9999.0000 -9999.0000 -9999.0000 1889.0000 1883.1000 1871.1000 1871.1000 1855.1000 1858.3000 1837.4000 1822.8000 1816.3000 1811.5000 1805.6000 1799.5000 1794.9000 1789.1000 1796.5000 1780.1000 1778.5000 1770.3000 1760.0000 1756.6000 1749.6000 1738.9000 1737.4000 1739.0000 1741.1000 1737.9000 1742.4000 1722.1000 1725.9000 1734.5000 1736.5000 1736.5000 1734.8000 1737.4000 1733.2000 1734.9000 1734.9000 1739.4000 1744.4000 1747.6000 1753.0000 1747.9000 1740.4000 1743.0000 1730.6000 1753.4000 1764.9000 1764.9000 1757.0000 1765.8000 1778.0000 1793.0000 1795.3000 1793.1000 1799.2000
-9999.0000 -9999.0000 -9999.0000 1900.4000 1900.4000 1880.9000 1875.3000 1858.7000 1833.2000 1833.2000 1831.7000 1827.3000 1815.8000 1811.5000 1803.9000 1802.5000 1799.6000 1797.7000 1796.5000 1802.6000 1778.5000 1769.5000 1757.0000 1753.4000 1743.4000 1738.9000 1736.1000 1735.1000 1735.9000 1731.6000 1734.1000 1718.2000 1718.2000 1728.9000 1730.4000 1732.1000 1728.3000 1728.3000 1726.2000 1729.9000 1735.1000 1735.4000 1741.4000 1736.8000 1742.4000 1736.4000 1740.4000 1741.3000 1749.0000 1768.2000 1746.1000 1751.7000 1756.8000 1765.8000 1772.3000 1789.5000 1793.0000 1790.0000 1795.8000
-9999.0000 -9999.0000 -9999.0000 -9999.0000 1891.3000 1868.1000 1868.1000 1852.1000 1843.5000 1833.0000 1827.8000 1820.4000 1812.3000 1810.0000 1804.7000 1802.5000 1799.0000 1795.1000 1797.0000 1784.6000 1778.2000 1760.7000 1757.0000 1749.5000 1739.8000 1738.4000 1735.9000 1735.1000 1728.2000 1729.7000 1722.5000 1719.5000 1723.7000 1728.1000 1728.1000 1721.1000 1725.0000 1722.6000 1725.5000 1725.5000 1724.3000 1729.5000 1730.3000 1732.4000 1737.1000 1735.4000 1736.0000 1742.4000 1749.0000 1739.5000 1740.5000 1740.5000 1751.5000 1761.3000 1776.9000 1789.5000 1793.0000 1792.4000 1796.6000
-9999.0000 -9999.0000 -9999.0000 -9999.0000 -9999.0000 1862.7000 1859.3000 1850.4000 1840.2000 1842.4000 1833.1000 1813.5000 1805.0000 1805.0000 1805.0000 1800.9000 1795.2000 1795.1000 1787.3000 1749.3000 1749.3000 1752.1000 1752.0000 1741.5000 1739.8000 1732.1000 1725.5000 1726.9000 1721.3000 1722.5000 1717.3000 1717.3000 1716.5000 1713.0000 1717.1000 1712.4000 1712.4000 1715.6000 1720.1000 1718.4000 1714.0000 1723.0000 1717.7000 1725.4000 1728.5000 1735.4000 1736.0000 1728.3000 1733.1000 1725.0000 1729.8000 1741.9000 1751.5000 1754.6000 1768.5000 1780.2000 1789.1000 1792.4000 1797.0000
-9999.0000 -9999.0000 -9999.0000 -9999.0000 1896.1000 1896.1000 1870.7000 1860.3000 1852.5000 1843.1000 1831.4000 1826.9000 1813.0000 1806.4000 1801.7000 1793.8000 1783.6000 1783.6000 1763.7000 1757.8000 1748.5000 1742.8000 1742.8000 1734.4000 1733.2000 1726.3000 1725.5000 1718.8000 1714.3000 1715.7000 1712.1000 1716.1000 1708.4000 1708.4000 1707.9000 1708.4000 1711.3000 1712.7000 1714.4000 1699.5000 1698.4000 1708.7000 1713.2000 1720.9000 1716.6000 1725.2000 1722.8000 1728.3000 1725.0000 1725.0000 1725.0000 1734.8000 1744.3000 1756.9000 1768.5000 1770.0000 1785.7000 1791.2000 1798.2000
-9999.0000 -9999.0000 -9999.0000 -9999.0000 -9999.0000 1884.4000 1875.4000 1863.0000 1862.8000 1852.7000 1841.0000 1826.1000 1815.3000 1814.0000 1806.1000 1792.3000 1784.8000 1765.1000 1760.0000 1760.0000 1757.5000 1746.7000 1736.9000 1734.4000 1728.9000 1721.8000 1719.3000 1714.0000 1714.3000 1711.1000 1706.3000 1704.6000 1700.1000 1704.3000 1705.5000 1705.5000 1705.5000 1703.3000 1702.8000 1695.0000 1698.1000 1698.4000 1705.4000 1709.2000 1711.1000 1717.2000 1715.9000 1715.9000 1719.5000 1725.0000 1726.4000 1735.4000 1735.4000 1745.7000 1757.5000 1768.7000 1785.7000 1790.3000 1789.8000
-9999.0000 -9999.0000 -9999.0000 -9999.0000 -9999.0000 1919.0000 1882.0000 1873.8000 1859.6000 1850.3000 1845.8000 1837.4000 1823.1000 1809.3000 1801.6000 1781.5000 1781.5000 1767.8000 1761.2000 1760.0000 1756.1000 1756.1000 1733.0000 1730.7000 1723.2000 1721.8000 1715.8000 1715.1000 1712.6000 1707.5000 1706.3000 1698.9000 1698.9000 1700.2000 1700.8000 1703.0000 1701.7000 1703.3000 1699.1000 1698.0000 1695.0000 1697.7000 1702.7000 1698.7000 1704.7000 1704.6000 1709.0000 1714.2000 1717.1000 1717.1000 1717.7000 1725.9000 1734.3000 1743.8000 1743.8000 1752.0000 1762.5000 1775.0000 1789.8000
-9999.0000 -9999.0000 -9999.0000 -9999.0000 -9999.0000 1894.7000 1882.0000 1874.6000 1862.0000 1853.7000 1840.3000 1832.8000 1814.9000 1814.9000 1796.1000 1780.0000 1774.1000 1762.8000 1762.8000 1755.5000 1760.0000 1740.2000 1724.5000 1723.6000 1723.0000 1720.7000 1718.4000 1715.1000 1709.2000 1704.9000 1703.3000 1698.8000 1698.1000 1698.7000 1700.8000 1698.2000 1696.9000 1698.2000 1695.7000 1695.5000 1693.8000 1695.0000 1693.8000 1692.7000 1699.3000 1703.8000 1703.8000 1708.7000 1712.7000 1714.6000 1716.0000 1716.0000 1717.5000 1731.3000 1740.9000 1752.0000 1746.6000 1749.5000 1784.0000
-9999.0000 -9999.0000 -9999.0000 -9999.0000 -9999.0000 -9999.0000 1882.8000 1871.1000 1862.0000 1855.6000 1847.1000 1828.6000 1809.2000 1802.1000 1784.5000 1784.5000 1774.0000 1763.8000 1757.6000 1746.9000 1746.9000 1734.5000 1730.5000 1725.9000 1724.8000 1721.7000 1721.5000 1716.0000 1706.3000 1704.9000 1699.7000 1695.8000 1695.9000 1694.0000 1696.2000 1695.3000 1696.9000 1693.8000 1691.8000 1692.7000 1691.7000 1692.1000 1686.0000 1686.0000 1692.3000 1705.1000 1706.1000 1706.7000 1706.7000 1708.9000 1712.8000 1716.5000 1717.0000 1727.8000 1736.0000 1741.1000 1745.0000 1749.5000 1773.6000
-9999.0000 -9999.0000 -9999.0000 -9999.0000 -9999.0000 -9999.0000 1905.4000 1877.7000 1865.4000 1846.6000 1837.5000 1815.7000 1815.7000 1800.9000 1786.3000 1779.9000 1771.5000 1771.5000 1759.7000 1751.8000 1736.9000 1732.8000 1729.6000 1731.1000 1727.7000 1724.3000 1721.5000 1709.2000 1709.4000 1699.1000 1696.5000 1695.8000 1691.6000 1691.7000 1691.7000 1691.1000 1692.5000 1690.8000 1691.8000 1689.0000 1687.1000 1686.9000 1689.3000 1690.4000 1705.9000 1705.9000 1700.6000 1700.5000 1704.7000 1707.6000 1707.6000 1712.2000 1717.0000 1717.6000 1737.0000 1745.0000 1745.0000 1745.0000 1745.0000
-9999.0000 -9999.0000 -9999.0000 -9999.0000 -9999.0000 -9999.0000 1892.3000 1877.7000 1855.6000 1846.2000 1837.1000 1820.8000 1810.9000 1797.4000 1797.4000 1790.3000 1779.1000 1768.8000 1755.1000 1744.9000 1740.9000 1735.4000 1734.7000 1731.6000 1727.7000 1726.6000 1722.5000 1715.8000 1709.4000 1700.6000 1692.4000 1692.4000 1690.0000 1690.0000 1689.6000 1691.1000 1688.5000 1687.0000 1688.1000 1686.6000 1687.1000 1687.1000 1687.1000 1692.9000 1697.7000 1701.8000 1697.0000 1697.0000 1698.5000 1701.4000 1706.7000 1712.9000 1716.5000 1715.4000 1718.8000 1736.7000 1742.7000 1745.1000 1746.2000
-9999.0000 -9999.0000 -9999.0000 -9999.0000 -9999.0000 -9999.0000 1932.2000 1879.2000 1853.5000 1846.2000 1830.3000 1826.6000 1817.2000 1812.5000 1803.6000 1791.8000 1791.8000 1777.2000 1764.1000 1752.2000 1739.2000 1738.1000 1740.3000 1735.8000 1730.9000 1724.5000 1720.1000 1712.7000 1712.7000 1704.0000 1698.0000 1691.6000 1690.1000 1690.1000 1689.9000 1687.7000 1685.9000 1687.0000 1685.7000 1684.0000 1684.8000 1686.3000 1689.6000 1693.6000 1693.6000 1695.8000 1696.3000 1697.0000 1697.0000 1701.4000 1699.4000 1706.2000 1713.6000 1715.6000 1725.9000 1726.8000 1735.1000 1741.6000 1746.2000
-9999.0000 -9999.0000 -9999.0000 -9999.0000 -9999.0000 -9999.0000 1932.2000 1868.1000 1857.2000 1848.0000 1835.5000 1826.6000 1817.6000 1817.6000 1812.7000 1800.4000 1789.4000 1775.5000 1764.1000 1762.7000 1752.5000 1745.2000 1740.8000 1735.7000 1734.4000 1729.3000 1721.6000 1712.6000 1708.4000 1696.9000 1696.9000 1692.2000 1690.7000 1688.8000 1685.7000 1685.7000 1683.3000 1683.4000 1683.2000 1684.0000 1684.7000 1684.4000 1687.0000 1689.4000 1692.6000 1693.9000 1693.9000 1696.4000 1695.4000 1696.3000 1700.8000 1707.7000 1712.8000 1715.0000 1718.9000 1726.8000 1734.5000 1741.9000 1741.9000
-9999.0000 -9999.0000 -9999.0000 -9999.0000 -9999.0000 -9999.0000 -9999.0000 1889.1000 1857.2000 1844.4000 1837.5000 1829.9000 1815.8000 1813.6000 1804.2000 1800.4000 1794.7000 1783.2000 1773.4000 1761.7000 1752.5000 1754.6000 1746.7000 1740.1000 1732.2000 1726.7000 1717.8000 1717.8000 1707.4000 1700.5000 1693.7000 1690.5000 1690.5000 1687.4000 1686.1000 1683.3000 1682.9000 1683.0000 1682.8000 1682.9000 1682.8000 1684.4000 1686.4000 1684.9000 1687.7000 1688.8000 1692.3000 1693.3000 1695.4000 1694.7000 1699.6000 1706.1000 1714.0000 1715.0000 1715.8000 1719.7000 1726.2000 1733.0000 1742.9000
-9999.0000 -9999.0000 -9999.0000 -9999.0000 -9999.0000 -9999.0000 -9999.0000 1916.6000 1875.3000 1845.6000 1837.5000 1821.9000 1813.5000 1802.9000 1802.0000 1802.0000 1792.2000 1783.2000 1781.2000 1769.2000 1761.3000 1752.5000 1746.3000 1738.2000 1738.2000 1729.2000 1719.1000 1713.2000 1701.1000 1701.1000 1694.0000 1692.1000 1689.0000 1685.5000 1683.1000 1683.0000 1683.0000 1682.7000 1682.8000 1682.5000 1682.2000 1682.0000 1682.1000 1684.9000 1685.4000 1688.8000 1686.1000 1684.0000 1691.4000 1695.9000 1699.6000 1700.7000 1705.1000 1712.4000 1717.0000 1719.1000 1724.0000 1724.0000 1731.5000
-9999.0000 -9999.0000 -9999.0000 -9999.0000 -9999.0000 -9999.0000 -9999.0000 1899.8000 1862.6000 1841.3000 1836.5000 1822.0000 1813.5000 1802.0000 1802.0000 1802.0000 1797.5000 1790.8000 1778.8000 1769.2000 1763.2000 1755.0000 1750.4000 1741.9000 1735.4000 1725.3000 1725.3000 1714.4000 1703.1000 1697.1000 1692.4000 1692.4000 1688.9000 1687.3000 1684.4000 1682.7000 1682.7000 1682.4000 1682.5000 1682.3000 1682.2000 1681.5000 1681.2000 1682.2000 1683.4000 1684.3000 1684.4000 1684.0000 1686.1000 1692.9000 1696.3000 1697.9000 1705.1000 1714.6000 1714.6000 1717.0000 1717.0000 1719.7000 1732.5000
