fortrancode/AraiTagyo/input/emb20layer_2.asc
ncols           133
nrows           133
xllcorner            0.000000
yllcorner            0.000000
cellsize        0.5
NODATA_value  -9999.
[rows 56 to 83 of 133, columns 62 to 123 of 133]
13.33333333 13.5 13.66666667 13.83333333 14 14.16666667 14.33333333 14.5 14.66666667 14.83333333 15 15.16666667 15.33333333 15.5 15.66666667 15.83333333 16 16.16666667 16.33333333 16.5 16.66666667 16.83333333 17 17.16666667 17.33333333 17.5 17.66666667 17.83333333 18 18.16666667 18.33333333 18.5 18.66666667 18.83333333 19 19.16666667 19.33333333 19.5 19.66666667 19.83333333 20 20.16666667 20.33333333 20.5 20.66666667 20.83333333 21 21.16666667 21.33333333 21.5 21.66666667 21.83333333 22 22.16666667 22.33333333 22.5 22.66666667 22.83333333 23 23.16666667 23.33333333 23.5
13.33333333 13.5 13.66666667 13.83333333 14 14.16666667 14.33333333 14.5 14.66666667 14.83333333 15 15.16666667 15.33333333 15.5 15.66666667 15.83333333 16 16.16666667 16.33333333 16.5 16.66666667 16.83333333 17 17.16666667 17.33333333 17.5 17.66666667 17.83333333 18 18.16666667 18.33333333 18.5 18.66666667 18.83333333 19 19.16666667 19.33333333 19.5 19.66666667 19.83333333 20 20.16666667 20.33333333 20.5 20.66666667 20.83333333 21 21.16666667 21.33333333 21.5 21.66666667 21.83333333 22 22.16666667 22.33333333 22.5 22.66666667 22.83333333 23 23.16666667 23.33333333 23.5
13.33333333 13.5 13.66666667 13.83333333 14 14.16666667 14.33333333 14.5 14.66666667 14.83333333 15 15.16666667 15.33333333 15.5 15.66666667 15.83333333 16 16.16666667 16.33333333 16.5 16.66666667 16.83333333 17 17.16666667 17.33333333 17.5 17.66666667 17.83333333 18 18.16666667 18.33333333 18.5 18.66666667 18.83333333 19 19.16666667 19.33333333 19.5 19.66666667 19.83333333 20 20.16666667 20.33333333 20.5 20.66666667 20.83333333 21 21.16666667 21.33333333 21.5 21.66666667 21.83333333 22 22.16666667 22.33333333 22.5 22.66666667 22.83333333 23 23.16666667 23.33333333 23.5
13.33333333 13.5 13.66666667 13.83333333 14 14.16666667 14.33333333 14.5 14.66666667 14.83333333 15 15.16666667 15.33333333 15.5 15.66666667 15.83333333 16 16.16666667 16.33333333 16.5 16.66666667 16.83333333 17 17.16666667 17.33333333 17.5 17.66666667 17.83333333 18 18.16666667 18.33333333 18.5 18.66666667 18.83333333 19 19.16666667 19.33333333 19.5 19.66666667 19.83333333 20 20.16666667 20.33333333 20.5 20.66666667 20.83333333 21 21.16666667 21.33333333 21.5 21.66666667 21.83333333 22 22.16666667 22.33333333 22.5 22.66666667 22.83333333 23 23.16666667 23.33333333 23.5
13.33333333 13.5 13.66666667 13.83333333 14 14.16666667 14.33333333 14.5 14.66666667 14.83333333 15 15.16666667 15.33333333 15.5 15.66666667 15.83333333 16 16.16666667 16.33333333 16.5 16.66666667 16.83333333 17 17.16666667 17.33333333 17.5 17.66666667 17.83333333 18 18.16666667 18.33333333 18.5 18.66666667 18.83333333 19 19.16666667 19.33333333 19.5 19.66666667 19.83333333 20 20.16666667 20.33333333 20.5 20.66666667 20.83333333 21 21.16666667 21.33333333 21.5 21.66666667 21.83333333 22 22.16666667 22.33333333 22.5 22.66666667 22.83333333 23 23.16666667 23.33333333 23.5
13.33333333 13.5 13.66666667 13.83333333 14 14.16666667 14.33333333 14.5 14.66666667 14.83333333 15 15.16666667 15.33333333 15.5 15.66666667 15.83333333 16 16.16666667 16.33333333 16.5 16.66666667 16.83333333 17 17.16666667 17.33333333 17.5 17.66666667 17.83333333 18 18.16666667 18.33333333 18.5 18.66666667 18.83333333 19 19.16666667 19.33333333 19.5 19.66666667 19.83333333 20 20.16666667 20.33333333 20.5 20.66666667 20.83333333 21 21.16666667 21.33333333 21.5 21.66666667 21.83333333 22 22.16666667 22.33333333 22.5 22.66666667 22.83333333 23 23.16666667 23.33333333 23.5
13.33333333 13.5 13.66666667 13.83333333 14 14.16666667 14.33333333 14.5 14.66666667 14.83333333 15 15.16666667 15.33333333 15.5 15.66666667 15.83333333 16 16.16666667 16.33333333 16.5 16.66666667 16.83333333 17 17.16666667 17.33333333 17.5 17.66666667 17.83333333 18 18.16666667 18.33333333 18.5 18.66666667 18.83333333 19 19.16666667 19.33333333 19.5 19.66666667 19.83333333 20 20.16666667 20.33333333 20.5 20.66666667 20.83333333 21 21.16666667 21.33333333 21.5 21.66666667 21.83333333 22 22.16666667 22.33333333 22.5 22.66666667 22.83333333 23 23.16666667 23.33333333 23.5
13.33333333 13.5 13.66666667 13.83333333 14 14.16666667 14.33333333 14.5 14.66666667 14.83333333 15 15.16666667 15.33333333 15.5 15.66666667 15.83333333 16 16.16666667 16.33333333 16.5 16.66666667 16.83333333 17 17.16666667 17.33333333 17.5 17.66666667 17.83333333 18 18.16666667 18.33333333 18.5 18.66666667 18.83333333 19 19.16666667 19.33333333 19.5 19.66666667 19.83333333 20 20.16666667 20.33333333 20.5 20.66666667 20.83333333 21 21.16666667 21.33333333 21.5 21.66666667 21.83333333 22 22.16666667 22.33333333 22.5 22.66666667 22.83333333 23 23.16666667 23.33333333 23.5
13.33333333 13.5 13.66666667 13.83333333 14 14.16666667 14.33333333 14.5 14.66666667 14.83333333 15 15.16666667 15.33333333 15.5 15.66666667 15.83333333 16 16.16666667 16.33333333 16.5 16.66666667 16.83333333 17 17.16666667 17.33333333 17.5 17.66666667 17.83333333 18 18.16666667 18.33333333 18.5 18.66666667 18.83333333 19 19.16666667 19.33333333 19.5 19.66666667 19.83333333 20 20.16666667 20.33333333 20.5 20.66666667 20.83333333 21 21.16666667 21.33333333 21.5 21.66666667 21.83333333 22 22.16666667 22.33333333 22.5 22.66666667 22.83333333 23 23.16666667 23.33333333 23.5
13.33333333 13.5 13.66666667 13.83333333 14 14.16666667 14.33333333 14.5 14.66666667 14.83333333 15 15.16666667 15.33333333 15.5 15.66666667 15.83333333 16 16.16666667 16.33333333 16.5 16.66666667 16.83333333 17 17.16666667 17.33333333 17.5 17.66666667 17.83333333 18 18.16666667 18.33333333 18.5 18.66666667 18.83333333 19 19.16666667 19.33333333 19.5 19.66666667 19.83333333 20 20.16666667 20.33333333 20.5 20.66666667 20.83333333 21 21.16666667 21.33333333 21.5 21.66666667 21.83333333 22 22.16666667 22.33333333 22.5 22.66666667 22.83333333 23 23.16666667 23.33333333 23.5
13.33333333 13.5 13.66666667 13.83333333 14 14.16666667 14.33333333 14.5 14.66666667 14.83333333 15 15.16666667 15.33333333 15.5 15.66666667 15.83333333 16 16.16666667 16.33333333 16.5 16.66666667 16.83333333 17 17.16666667 17.33333333 17.5 17.66666667 17.83333333 18 18.16666667 18.33333333 18.5 18.66666667 18.83333333 19 19.16666667 19.33333333 19.5 19.66666667 19.83333333 20 20.16666667 20.33333333 20.5 20.66666667 20.83333333 21 21.16666667 21.33333333 21.5 21.66666667 21.83333333 22 22.16666667 22.33333333 22.5 22.66666667 22.83333333 23 23.16666667 23.33333333 23.5
13.33333333 13.5 13.66666667 13.83333333 14 14.16666667 14.33333333 14.5 14.66666667 14.83333333 15 15.16666667 15.33333333 15.5 15.66666667 15.83333333 16 16.16666667 16.33333333 16.5 16.66666667 16.83333333 17 17.16666667 17.33333333 17.5 17.66666667 17.83333333 18 18.16666667 18.33333333 18.5 18.66666667 18.83333333 19 19.16666667 19.33333333 19.5 19.66666667 19.83333333 20 20.16666667 20.33333333 20.5 20.66666667 20.83333333 21 21.16666667 21.33333333 21.5 21.66666667 21.83333333 22 22.16666667 22.33333333 22.5 22.66666667 22.83333333 23 23.16666667 23.33333333 23.5
13.33333333 13.5 13.66666667 13.83333333 14 14.16666667 14.33333333 14.5 14.66666667 14.83333333 15 15.16666667 15.33333333 15.5 15.66666667 15.83333333 16 16.16666667 16.33333333 16.5 16.66666667 16.83333333 17 17.16666667 17.33333333 17.5 17.66666667 17.83333333 18 18.16666667 18.33333333 18.5 18.66666667 18.83333333 19 19.16666667 19.33333333 19.5 19.66666667 19.83333333 20 20.16666667 20.33333333 20.5 20.66666667 20.83333333 21 21.16666667 21.33333333 21.5 21.66666667 21.83333333 22 22.16666667 22.33333333 22.5 22.66666667 22.83333333 23 23.16666667 23.33333333 23.5
13.33333333 13.5 13.66666667 13.83333333 14 14.16666667 14.33333333 14.5 14.66666667 14.83333333 15 15.16666667 15.33333333 15.5 15.66666667 15.83333333 16 16.16666667 16.33333333 16.5 16.66666667 16.83333333 17 17.16666667 17.33333333 17.5 17.66666667 17.83333333 18 18.16666667 18.33333333 18.5 18.66666667 18.83333333 19 19.16666667 19.33333333 19.5 19.66666667 19.83333333 20 20.16666667 20.33333333 20.5 20.66666667 20.83333333 21 21.16666667 21.33333333 21.5 21.66666667 21.83333333 22 22.16666667 22.33333333 22.5 22.66666667 22.83333333 23 23.16666667 23.33333333 23.5
13.33333333 13.5 13.66666667 13.83333333 14 14.16666667 14.33333333 14.5 14.66666667 14.83333333 15 15.16666667 15.33333333 15.5 15.66666667 15.83333333 16 16.16666667 16.33333333 16.5 16.66666667 16.83333333 17 17.16666667 17.33333333 17.5 17.66666667 17.83333333 18 18.16666667 18.33333333 18.5 18.66666667 18.83333333 19 19.16666667 19.33333333 19.5 19.66666667 19.83333333 20 20.16666667 20.33333333 20.5 20.66666667 20.83333333 21 21.16666667 21.33333333 21.5 21.66666667 21.83333333 22 22.16666667 22.33333333 22.5 22.66666667 22.83333333 23 23.16666667 23.33333333 23.5
13.33333333 13.5 13.66666667 13.83333333 14 14.16666667 14.33333333 14.5 14.66666667 14.83333333 15 15.16666667 15.33333333 15.5 15.66666667 15.83333333 16 16.16666667 16.33333333 16.5 16.66666667 16.83333333 17 17.16666667 17.33333333 17.5 17.66666667 17.83333333 18 18.16666667 18.33333333 18.5 18.66666667 18.83333333 19 19.16666667 19.33333333 19.5 19.66666667 19.83333333 20 20.16666667 20.33333333 20.5 20.66666667 20.83333333 21 21.16666667 21.33333333 21.5 21.66666667 21.83333333 22 22.16666667 22.33333333 22.5 22.66666667 22.83333333 23 23.16666667 23.33333333 23.5
13.33333333 13.5 13.66666667 13.83333333 14 14.16666667 14.33333333 14.5 14.66666667 14.83333333 15 15.16666667 15.33333333 15.5 15.66666667 15.83333333 16 16.16666667 16.33333333 16.5 16.66666667 16.83333333 17 17.16666667 17.33333333 17.5 17.66666667 17.83333333 18 18.16666667 18.33333333 18.5 18.66666667 18.83333333 19 19.16666667 19.33333333 19.5 19.66666667 19.83333333 20 20.16666667 20.33333333 20.5 20.66666667 20.83333333 21 21.16666667 21.33333333 21.5 21.66666667 21.83333333 22 22.16666667 22.33333333 22.5 22.66666667 22.83333333 23 23.16666667 23.33333333 23.5
13.33333333 13.5 13.66666667 13.83333333 14 14.16666667 14.33333333 14.5 14.66666667 14.83333333 15 15.16666667 15.33333333 15.5 15.66666667 15.83333333 16 16.16666667 16.33333333 16.5 16.66666667 16.83333333 17 17.16666667 17.33333333 17.5 17.66666667 17.83333333 18 18.16666667 18.33333333 18.5 18.66666667 18.83333333 19 19.16666667 19.33333333 19.5 19.66666667 19.83333333 20 20.16666667 20.33333333 20.5 20.66666667 20.83333333 21 21.16666667 21.33333333 21.5 21.66666667 21.83333333 22 22.16666667 22.33333333 22.5 22.66666667 22.83333333 23 23.16666667 23.33333333 23.5
13.33333333 13.5 13.66666667 13.83333333 14 14.16666667 14.33333333 14.5 14.66666667 14.83333333 15 15.16666667 15.33333333 15.5 15.66666667 15.83333333 16 16.16666667 16.33333333 16.5 16.66666667 16.83333333 17 17.16666667 17.33333333 17.5 17.66666667 17.83333333 18 18.16666667 18.33333333 18.5 18.66666667 18.83333333 19 19.16666667 19.33333333 19.5 19.66666667 19.83333333 20 20.16666667 20.33333333 20.5 20.66666667 20.83333333 21 21.16666667 21.33333333 21.5 21.66666667 21.83333333 22 22.16666667 22.33333333 22.5 22.66666667 22.83333333 23 23.16666667 23.33333333 23.5
13.33333333 13.5 13.66666667 13.83333333 14 14.16666667 14.33333333 14.5 14.66666667 14.83333333 15 15.16666667 15.33333333 15.5 15.66666667 15.83333333 16 16.16666667 16.33333333 16.5 16.66666667 16.83333333 17 17.16666667 17.33333333 17.5 17.66666667 17.83333333 18 18.16666667 18.33333333 18.5 18.66666667 18.83333333 19 19.16666667 19.33333333 19.5 19.66666667 19.83333333 20 20.16666667 20.33333333 20.5 20.66666667 20.83333333 21 21.16666667 21.33333333 21.5 21.66666667 21.83333333 22 22.16666667 22.33333333 22.5 22.66666667 22.83333333 23 23.16666667 23.33333333 23.5
13.33333333 13.5 13.66666667 13.83333333 14 14.16666667 14.33333333 14.5 14.66666667 14.83333333 15 15.16666667 15.33333333 15.5 15.66666667 15.83333333 16 16.16666667 16.33333333 16.5 16.66666667 16.83333333 17 17.16666667 17.33333333 17.5 17.66666667 17.83333333 18 18.16666667 18.33333333 18.5 18.66666667 18.83333333 19 19.16666667 19.33333333 19.5 19.66666667 19.83333333 20 20.16666667 20.33333333 20.5 20.66666667 20.83333333 21 21.16666667 21.33333333 21.5 21.66666667 21.83333333 22 22.16666667 22.33333333 22.5 22.66666667 22.83333333 23 23.16666667 23.33333333 23.5
13.33333333 13.5 13.66666667 13.83333333 14 14.16666667 14.33333333 14.5 14.66666667 14.83333333 15 15.16666667 15.33333333 15.5 15.66666667 15.83333333 16 16.16666667 16.33333333 16.5 16.66666667 16.83333333 17 17.16666667 17.33333333 17.5 17.66666667 17.83333333 18 18.16666667 18.33333333 18.5 18.66666667 18.83333333 19 19.16666667 19.33333333 19.5 19.66666667 19.83333333 20 20.16666667 20.33333333 20.5 20.66666667 20.83333333 21 21.16666667 21.33333333 21.5 21.66666667 21.83333333 22 22.16666667 22.33333333 22.5 22.66666667 22.83333333 23 23.16666667 23.33333333 23.5
13.33333333 13.5 13.66666667 13.83333333 14 14.16666667 14.33333333 14.5 14.66666667 14.83333333 15 15.16666667 15.33333333 15.5 15.66666667 15.83333333 16 16.16666667 16.33333333 16.5 16.66666667 16.83333333 17 17.16666667 17.33333333 17.5 17.66666667 17.83333333 18 18.16666667 18.33333333 18.5 18.66666667 18.83333333 19 19.16666667 19.33333333 19.5 19.66666667 19.83333333 20 20.16666667 20.33333333 20.5 20.66666667 20.83333333 21 21.16666667 21.33333333 21.5 21.66666667 21.83333333 22 22.16666667 22.33333333 22.5 22.66666667 22.83333333 23 23.16666667 23.33333333 23.5
13.33333333 13.5 13.66666667 13.83333333 14 14.16666667 14.33333333 14.5 14.66666667 14.83333333 15 15.16666667 15.33333333 15.5 15.66666667 15.83333333 16 16.16666667 16.33333333 16.5 16.66666667 16.83333333 17 17.16666667 17.33333333 17.5 17.66666667 17.83333333 18 18.16666667 18.33333333 18.5 18.66666667 18.83333333 19 19.16666667 19.33333333 19.5 19.66666667 19.83333333 20 20.16666667 20.33333333 20.5 20.66666667 20.83333333 21 21.16666667 21.33333333 21.5 21.66666667 21.83333333 22 22.16666667 22.33333333 22.5 22.66666667 22.83333333 23 23.16666667 23.33333333 23.5
13.33333333 13.5 13.66666667 13.83333333 14 14.16666667 14.33333333 14.5 14.66666667 14.83333333 15 15.16666667 15.33333333 15.5 15.66666667 15.83333333 16 16.16666667 16.33333333 16.5 16.66666667 16.83333333 17 17.16666667 17.33333333 17.5 17.66666667 17.83333333 18 18.16666667 18.33333333 18.5 18.66666667 18.83333333 19 19.16666667 19.33333333 19.5 19.66666667 19.83333333 20 20.16666667 20.33333333 20.5 20.66666667 20.83333333 21 21.16666667 21.33333333 21.5 21.66666667 21.83333333 22 22.16666667 22.33333333 22.5 22.66666667 22.83333333 23 23.16666667 23.33333333 23.5
13.33333333 13.5 13.66666667 13.83333333 14 14.16666667 14.33333333 14.5 14.66666667 14.83333333 15 15.16666667 15.33333333 15.5 15.66666667 15.83333333 16 16.16666667 16.33333333 16.5 16.66666667 16.83333333 17 17.16666667 17.33333333 17.5 17.66666667 17.83333333 18 18.16666667 18.33333333 18.5 18.66666667 18.83333333 19 19.16666667 19.33333333 19.5 19.66666667 19.83333333 20 20.16666667 20.33333333 20.5 20.66666667 20.83333333 21 21.16666667 21.33333333 21.5 21.66666667 21.83333333 22 22.16666667 22.33333333 22.5 22.66666667 22.83333333 23 23.16666667 23.33333333 23.5
13.33333333 13.5 13.66666667 13.83333333 14 14.16666667 14.33333333 14.5 14.66666667 14.83333333 15 15.16666667 15.33333333 15.5 15.66666667 15.83333333 16 16.16666667 16.33333333 16.5 16.66666667 16.83333333 17 17.16666667 17.33333333 17.5 17.66666667 17.83333333 18 18.16666667 18.33333333 18.5 18.66666667 18.83333333 19 19.16666667 19.33333333 19.5 19.66666667 19.83333333 20 20.16666667 20.33333333 20.5 20.66666667 20.83333333 21 21.16666667 21.33333333 21.5 21.66666667 21.83333333 22 22.16666667 22.33333333 22.5 22.66666667 22.83333333 23 23.16666667 23.33333333 23.5
13.33333333 13.5 13.66666667 13.83333333 14 14.16666667 14.33333333 14.5 14.66666667 14.83333333 15 15.16666667 15.33333333 15.5 15.66666667 15.83333333 16 16.16666667 16.33333333 16.5 16.66666667 16.83333333 17 17.16666667 17.33333333 17.5 17.66666667 17.83333333 18 18.16666667 18.33333333 18.5 18.66666667 18.83333333 19 19.16666667 19.33333333 19.5 19.66666667 19.83333333 20 20.16666667 20.33333333 20.5 20.66666667 20.83333333 21 21.16666667 21.33333333 21.5 21.66666667 21.83333333 22 22.16666667 22.33333333 22.5 22.66666667 22.83333333 23 23.16666667 23.33333333 23.5
