fortrancode/AraiTagyo/input/emb20layer_2.asc
ncols           133
nrows           133
xllcorner            0.000000
yllcorner            0.000000
cellsize        0.5
NODATA_value  -9999.
[rows 56 to 83 of 133, columns 0 to 61 of 133]
3 3.166666667 3.333333333 3.5 3.666666667 3.833333333 4 4.166666667 4.333333333 4.5 4.666666667 4.833333333 5 5.166666667 5.333333333 5.5 5.666666667 5.833333333 6 6.166666667 6.333333333 6.5 6.666666667 6.833333333 7 7.166666667 7.333333333 7.5 7.666666667 7.833333333 8 8.166666667 8.333333333 8.5 8.666666667 8.833333333 9 9.166666667 9.333333333 9.5 9.666666667 9.833333333 10 10.16666667 10.33333333 10.5 10.66666667 10.83333333 11 11.16666667 11.33333333 11.5 11.66666667 11.83333333 12 12.16666667 12.33333333 12.5 12.66666667 12.83333333 13 13.16666667
3 3.166666667 3.333333333 3.5 3.666666667 3.833333333 4 4.166666667 4.333333333 4.5 4.666666667 4.833333333 5 5.166666667 5.333333333 5.5 5.666666667 5.833333333 6 6.166666667 6.333333333 6.5 6.666666667 6.833333333 7 7.166666667 7.333333333 7.5 7.666666667 7.833333333 8 8.166666667 8.333333333 8.5 8.666666667 8.833333333 9 9.166666667 9.333333333 9.5 9.666666667 9.833333333 10 10.16666667 10.33333333 10.5 10.66666667 10.83333333 11 11.16666667 11.33333333 11.5 11.66666667 11.83333333 12 12.16666667 12.33333333 12.5 12.66666667 12.83333333 13 13.16666667
3 3.166666667 3.333333333 3.5 3.666666667 3.833333333 4 4.166666667 4.333333333 4.5 4.666666667 4.833333333 5 5.166666667 5.333333333 5.5 5.666666667 5.833333333 6 6.166666667 6.333333333 6.5 6.666666667 6.833333333 7 7.166666667 7.333333333 7.5 7.666666667 7.833333333 8 8.166666667 8.333333333 8.5 8.666666667 8.833333333 9 9.166666667 9.333333333 9.5 9.666666667 9.833333333 10 10.16666667 10.33333333 10.5 10.66666667 10.83333333 11 11.16666667 11.33333333 11.5 11.66666667 11.83333333 12 12.16666667 12.33333333 12.5 12.66666667 12.83333333 13 13.16666667
3 3.166666667 3.333333333 3.5 3.666666667 3.833333333 4 4.166666667 4.333333333 4.5 4.666666667 4.833333333 5 5.166666667 5.333333333 5.5 5.666666667 5.833333333 6 6.166666667 6.333333333 6.5 6.666666667 6.833333333 7 7.166666667 7.333333333 7.5 7.666666667 7.833333333 8 8.166666667 8.333333333 8.5 8.666666667 8.833333333 9 9.166666667 9.333333333 9.5 9.666666667 9.833333333 10 10.16666667 10.33333333 10.5 10.66666667 10.83333333 11 11.16666667 11.33333333 11.5 11.66666667 11.83333333 12 12.16666667 12.33333333 12.5 12.66666667 12.83333333 13 13.16666667
3 3.166666667 3.333333333 3.5 3.666666667 3.833333333 4 4.166666667 4.333333333 4.5 4.666666667 4.833333333 5 5.166666667 5.333333333 5.5 5.666666667 5.833333333 6 6.166666667 6.333333333 6.5 6.666666667 6.833333333 7 7.166666667 7.333333333 7.5 7.666666667 7.833333333 8 8.166666667 8.333333333 8.5 8.666666667 8.833333333 9 9.166666667 9.333333333 9.5 9.666666667 9.833333333 10 10.16666667 10.33333333 10.5 10.66666667 10.83333333 11 11.16666667 11.33333333 11.5 11.66666667 11.83333333 12 12.16666667 12.33333333 12.5 12.66666667 12.83333333 13 13.16666667
3 3.166666667 3.333333333 3.5 3.666666667 3.833333333 4 4.166666667 4.333333333 4.5 4.666666667 4.833333333 5 5.166666667 5.333333333 5.5 5.666666667 5.833333333 6 6.166666667 6.333333333 6.5 6.666666667 6.833333333 7 7.166666667 7.333333333 7.5 7.666666667 7.833333333 8 8.166666667 8.333333333 8.5 8.666666667 8.833333333 9 9.166666667 9.333333333 9.5 9.666666667 9.833333333 10 10.16666667 10.33333333 10.5 10.66666667 10.83333333 11 11.16666667 11.33333333 11.5 11.66666667 11.83333333 12 12.16666667 12.33333333 12.5 12.66666667 12.83333333 13 13.16666667
3 3.166666667 3.333333333 3.5 3.666666667 3.833333333 4 4.166666667 4.333333333 4.5 4.666666667 4.833333333 5 5.166666667 5.333333333 5.5 5.666666667 5.833333333 6 6.166666667 6.333333333 6.5 6.666666667 6.833333333 7 7.166666667 7.333333333 7.5 7.666666667 7.833333333 8 8.166666667 8.333333333 8.5 8.666666667 8.833333333 9 9.166666667 9.333333333 9.5 9.666666667 9.833333333 10 10.16666667 10.33333333 10.5 10.66666667 10.83333333 11 11.16666667 11.33333333 11.5 11.66666667 11.83333333 12 12.16666667 12.33333333 12.5 12.66666667 12.83333333 13 13.16666667
3 3.166666667 3.333333333 3.5 3.666666667 3.833333333 4 4.166666667 4.333333333 4.5 4.666666667 4.833333333 5 5.166666667 5.333333333 5.5 5.666666667 5.833333333 6 6.166666667 6.333333333 6.5 6.666666667 6.833333333 7 7.166666667 7.333333333 7.5 7.666666667 7.833333333 8 8.166666667 8.333333333 8.5 8.666666667 8.833333333 9 9.166666667 9.333333333 9.5 9.666666667 9.833333333 10 10.16666667 10.33333333 10.5 10.66666667 10.83333333 11 11.16666667 11.33333333 11.5 11.66666667 11.83333333 12 12.16666667 12.33333333 12.5 12.66666667 12.83333333 13 13.16666667
3 3.166666667 3.333333333 3.5 3.666666667 3.833333333 4 4.166666667 4.333333333 4.5 4.666666667 4.833333333 5 5.166666667 5.333333333 5.5 5.666666667 5.833333333 6 6.166666667 6.333333333 6.5 6.666666667 6.833333333 7 7.166666667 7.333333333 7.5 7.666666667 7.833333333 8 8.166666667 8.333333333 8.5 8.666666667 8.833333333 9 9.166666667 9.333333333 9.5 9.666666667 9.833333333 10 10.16666667 10.33333333 10.5 10.66666667 10.83333333 11 11.16666667 11.33333333 11.5 11.66666667 11.83333333 12 12.16666667 12.33333333 12.5 12.66666667 12.83333333 13 13.16666667
3 3.166666667 3.333333333 3.5 3.666666667 3.833333333 4 4.166666667 4.333333333 4.5 4.666666667 4.833333333 5 5.166666667 5.333333333 5.5 5.666666667 5.833333333 6 6.166666667 6.333333333 6.5 6.666666667 6.833333333 7 7.166666667 7.333333333 7.5 7.666666667 7.833333333 8 8.166666667 8.333333333 8.5 8.666666667 8.833333333 9 9.166666667 9.333333333 9.5 9.666666667 9.833333333 10 10.16666667 10.33333333 10.5 10.66666667 10.83333333 11 11.16666667 11.33333333 11.5 11.66666667 11.83333333 12 12.16666667 12.33333333 12.5 12.66666667 12.83333333 13 13.16666667
3 3.166666667 3.333333333 3.5 3.666666667 3.833333333 4 4.166666667 4.333333333 4.5 4.666666667 4.833333333 5 5.166666667 5.333333333 5.5 5.666666667 5.833333333 6 6.166666667 6.333333333 6.5 6.666666667 6.833333333 7 7.166666667 7.333333333 7.5 7.666666667 7.833333333 8 8.166666667 8.333333333 8.5 8.666666667 8.833333333 9 9.166666667 9.333333333 9.5 9.666666667 9.833333333 10 10.16666667 10.33333333 10.5 10.66666667 10.83333333 11 11.16666667 11.33333333 11.5 11.66666667 11.83333333 12 12.16666667 12.33333333 12.5 12.66666667 12.83333333 13 13.16666667
3 3.166666667 3.333333333 3.5 3.666666667 3.833333333 4 4.166666667 4.333333333 4.5 4.666666667 4.833333333 5 5.166666667 5.333333333 5.5 5.666666667 5.833333333 6 6.166666667 6.333333333 6.5 6.666666667 6.833333333 7 7.166666667 7.333333333 7.5 7.666666667 7.833333333 8 8.166666667 8.333333333 8.5 8.666666667 8.833333333 9 9.166666667 9.333333333 9.5 9.666666667 9.833333333 10 10.16666667 10.33333333 10.5 10.66666667 10.83333333 11 11.16666667 11.33333333 11.5 11.66666667 11.83333333 12 12.16666667 12.33333333 12.5 12.66666667 12.83333333 13 13.16666667
3 3.166666667 3.333333333 3.5 3.666666667 3.833333333 4 4.166666667 4.333333333 4.5 4.666666667 4.833333333 5 5.166666667 5.333333333 5.5 5.666666667 5.833333333 6 6.166666667 6.333333333 6.5 6.666666667 6.833333333 7 7.166666667 7.333333333 7.5 7.666666667 7.833333333 8 8.166666667 8.333333333 8.5 8.666666667 8.833333333 9 9.166666667 9.333333333 9.5 9.666666667 9.833333333 10 10.16666667 10.33333333 10.5 10.66666667 10.83333333 11 11.16666667 11.33333333 11.5 11.66666667 11.83333333 12 12.16666667 12.33333333 12.5 12.66666667 12.83333333 13 13.16666667
3 3.166666667 3.333333333 3.5 3.666666667 3.833333333 4 4.166666667 4.333333333 4.5 4.666666667 4.833333333 5 5.166666667 5.333333333 5.5 5.666666667 5.833333333 6 6.166666667 6.333333333 6.5 6.666666667 6.833333333 7 7.166666667 7.333333333 7.5 7.666666667 7.833333333 8 8.166666667 8.333333333 8.5 8.666666667 8.833333333 9 9.166666667 9.333333333 9.5 9.666666667 9.833333333 10 10.16666667 10.33333333 10.5 10.66666667 10.83333333 11 11.16666667 11.33333333 11.5 11.66666667 11.83333333 12 12.16666667 12.33333333 12.5 12.66666667 12.83333333 13 13.16666667
3 3.166666667 3.333333333 3.5 3.666666667 3.833333333 4 4.166666667 4.333333333 4.5 4.666666667 4.833333333 5 5.166666667 5.333333333 5.5 5.666666667 5.833333333 6 6.166666667 6.333333333 6.5 6.666666667 6.833333333 7 7.166666667 7.333333333 7.5 7.666666667 7.833333333 8 8.166666667 8.333333333 8.5 8.666666667 8.833333333 9 9.166666667 9.333333333 9.5 9.666666667 9.833333333 10 10.16666667 10.33333333 10.5 10.66666667 10.83333333 11 11.16666667 11.33333333 11.5 11.66666667 11.83333333 12 12.16666667 12.33333333 12.5 12.66666667 12.83333333 13 13.16666667
3 3.166666667 3.333333333 3.5 3.666666667 3.833333333 4 4.166666667 4.333333333 4.5 4.666666667 4.833333333 5 5.166666667 5.333333333 5.5 5.666666667 5.833333333 6 6.166666667 6.333333333 6.5 6.666666667 6.833333333 7 7.166666667 7.333333333 7.5 7.666666667 7.833333333 8 8.166666667 8.333333333 8.5 8.666666667 8.833333333 9 9.166666667 9.333333333 9.5 9.666666667 9.833333333 10 10.16666667 10.33333333 10.5 10.66666667 10.83333333 11 11.16666667 11.33333333 11.5 11.66666667 11.83333333 12 12.16666667 12.33333333 12.5 12.66666667 12.83333333 13 13.16666667
3 3.166666667 3.333333333 3.5 3.666666667 3.833333333 4 4.166666667 4.333333333 4.5 4.666666667 4.833333333 5 5.166666667 5.333333333 5.5 5.666666667 5.833333333 6 6.166666667 6.333333333 6.5 6.666666667 6.833333333 7 7.166666667 7.333333333 7.5 7.666666667 7.833333333 8 8.166666667 8.333333333 8.5 8.666666667 8.833333333 9 9.166666667 9.333333333 9.5 9.666666667 9.833333333 10 10.16666667 10.33333333 10.5 10.66666667 10.83333333 11 11.16666667 11.33333333 11.5 11.66666667 11.83333333 12 12.16666667 12.33333333 12.5 12.66666667 12.83333333 13 13.16666667
3 3.166666667 3.333333333 3.5 3.666666667 3.833333333 4 4.166666667 4.333333333 4.5 4.666666667 4.833333333 5 5.166666667 5.333333333 5.5 5.666666667 5.833333333 6 6.166666667 6.333333333 6.5 6.666666667 6.833333333 7 7.166666667 7.333333333 7.5 7.666666667 7.833333333 8 8.166666667 8.333333333 8.5 8.666666667 8.833333333 9 9.166666667 9.333333333 9.5 9.666666667 9.833333333 10 10.16666667 10.33333333 10.5 10.66666667 10.83333333 11 11.16666667 11.33333333 11.5 11.66666667 11.83333333 12 12.16666667 12.33333333 12.5 12.66666667 12.83333333 13 13.16666667
3 3.166666667 3.333333333 3.5 3.666666667 3.833333333 4 4.166666667 4.333333333 4.5 4.666666667 4.833333333 5 5.166666667 5.333333333 5.5 5.666666667 5.833333333 6 6.166666667 6.333333333 6.5 6.666666667 6.833333333 7 7.166666667 7.333333333 7.5 7.666666667 7.833333333 8 8.166666667 8.333333333 8.5 8.666666667 8.833333333 9 9.166666667 9.333333333 9.5 9.666666667 9.833333333 10 10.16666667 10.33333333 10.5 10.66666667 10.83333333 11 11.16666667 11.33333333 11.5 11.66666667 11.83333333 12 12.16666667 12.33333333 12.5 12.66666667 12.83333333 13 13.16666667
3 3.166666667 3.333333333 3.5 3.666666667 3.833333333 4 4.166666667 4.333333333 4.5 4.666666667 4.833333333 5 5.166666667 5.333333333 5.5 5.666666667 5.833333333 6 6.166666667 6.333333333 6.5 6.666666667 6.833333333 7 7.166666667 7.333333333 7.5 7.666666667 7.833333333 8 8.166666667 8.333333333 8.5 8.666666667 8.833333333 9 9.166666667 9.333333333 9.5 9.666666667 9.833333333 10 10.16666667 10.33333333 10.5 10.66666667 10.83333333 11 11.16666667 11.33333333 11.5 11.66666667 11.83333333 12 12.16666667 12.33333333 12.5 12.66666667 12.83333333 13 13.16666667
3 3.166666667 3.333333333 3.5 3.666666667 3.833333333 4 4.166666667 4.333333333 4.5 4.666666667 4.833333333 5 5.166666667 5.333333333 5.5 5.666666667 5.833333333 6 6.166666667 6.333333333 6.5 6.666666667 6.833333333 7 7.166666667 7.333333333 7.5 7.666666667 7.833333333 8 8.166666667 8.333333333 8.5 8.666666667 8.833333333 9 9.166666667 9.333333333 9.5 9.666666667 9.833333333 10 10.16666667 10.33333333 10.5 10.66666667 10.83333333 11 11.16666667 11.33333333 11.5 11.66666667 11.83333333 12 12.16666667 12.33333333 12.5 12.66666667 12.83333333 13 13.16666667
3 3.166666667 3.333333333 3.5 3.666666667 3.833333333 4 4.166666667 4.333333333 4.5 4.666666667 4.833333333 5 5.166666667 5.333333333 5.5 5.666666667 5.833333333 6 6.166666667 6.333333333 6.5 6.666666667 6.833333333 7 7.166666667 7.333333333 7.5 7.666666667 7.833333333 8 8.166666667 8.333333333 8.5 8.666666667 8.833333333 9 9.166666667 9.333333333 9.5 9.666666667 9.833333333 10 10.16666667 10.33333333 10.5 10.66666667 10.83333333 11 11.16666667 11.33333333 11.5 11.66666667 11.83333333 12 12.16666667 12.33333333 12.5 12.66666667 12.83333333 13 13.16666667
3 3.166666667 3.333333333 3.5 3.666666667 3.833333333 4 4.166666667 4.333333333 4.5 4.666666667 4.833333333 5 5.166666667 5.333333333 5.5 5.666666667 5.833333333 6 6.166666667 6.333333333 6.5 6.666666667 6.833333333 7 7.166666667 7.333333333 7.5 7.666666667 7.833333333 8 8.166666667 8.333333333 8.5 8.666666667 8.833333333 9 9.166666667 9.333333333 9.5 9.666666667 9.833333333 10 10.16666667 10.33333333 10.5 10.66666667 10.83333333 11 11.16666667 11.33333333 11.5 11.66666667 11.83333333 12 12.16666667 12.33333333 12.5 12.66666667 12.83333333 13 13.16666667
3 3.166666667 3.333333333 3.5 3.666666667 3.833333333 4 4.166666667 4.333333333 4.5 4.666666667 4.833333333 5 5.166666667 5.333333333 5.5 5.666666667 5.833333333 6 6.166666667 6.333333333 6.5 6.666666667 6.833333333 7 7.166666667 7.333333333 7.5 7.666666667 7.833333333 8 8.166666667 8.333333333 8.5 8.666666667 8.833333333 9 9.166666667 9.333333333 9.5 9.666666667 9.833333333 10 10.16666667 10.33333333 10.5 10.66666667 10.83333333 11 11.16666667 11.33333333 11.5 11.66666667 11.83333333 12 12.16666667 12.33333333 12.5 12.66666667 12.83333333 13 13.16666667
3 3.166666667 3.333333333 3.5 3.666666667 3.833333333 4 4.166666667 4.333333333 4.5 4.666666667 4.833333333 5 5.166666667 5.333333333 5.5 5.666666667 5.833333333 6 6.166666667 6.333333333 6.5 6.666666667 6.833333333 7 7.166666667 7.333333333 7.5 7.666666667 7.833333333 8 8.166666667 8.333333333 8.5 8.666666667 8.833333333 9 9.166666667 9.333333333 9.5 9.666666667 9.833333333 10 10.16666667 10.33333333 10.5 10.66666667 10.83333333 11 11.16666667 11.33333333 11.5 11.66666667 11.83333333 12 12.16666667 12.33333333 12.5 12.66666667 12.83333333 13 13.16666667
3 3.166666667 3.333333333 3.5 3.666666667 3.833333333 4 4.166666667 4.333333333 4.5 4.666666667 4.833333333 5 5.166666667 5.333333333 5.5 5.666666667 5.833333333 6 6.166666667 6.333333333 6.5 6.666666667 6.833333333 7 7.166666667 7.333333333 7.5 7.666666667 7.833333333 8 8.166666667 8.333333333 8.5 8.666666667 8.833333333 9 9.166666667 9.333333333 9.5 9.666666667 9.833333333 10 10.16666667 10.33333333 10.5 10.66666667 10.83333333 11 11.16666667 11.33333333 11.5 11.66666667 11.83333333 12 12.16666667 12.33333333 12.5 12.66666667 12.83333333 13 13.16666667
3 3.166666667 3.333333333 3.5 3.666666667 3.833333333 4 4.166666667 4.333333333 4.5 4.666666667 4.833333333 5 5.166666667 5.333333333 5.5 5.666666667 5.833333333 6 6.166666667 6.333333333 6.5 6.666666667 6.833333333 7 7.166666667 7.333333333 7.5 7.666666667 7.833333333 8 8.166666667 8.333333333 8.5 8.666666667 8.833333333 9 9.166666667 9.333333333 9.5 9.666666667 9.833333333 10 10.16666667 10.33333333 10.5 10.66666667 10.83333333 11 11.16666667 11.33333333 11.5 11.66666667 11.83333333 12 12.16666667 12.33333333 12.5 12.66666667 12.83333333 13 13.16666667
3 3.166666667 3.333333333 3.5 3.666666667 3.833333333 4 4.166666667 4.333333333 4.5 4.666666667 4.833333333 5 5.166666667 5.333333333 5.5 5.666666667 5.833333333 6 6.166666667 6.333333333 6.5 6.666666667 6.833333333 7 7.166666667 7.333333333 7.5 7.666666667 7.833333333 8 8.166666667 8.333333333 8.5 8.666666667 8.833333333 9 9.166666667 9.333333333 9.5 9.666666667 9.833333333 10 10.16666667 10.33333333 10.5 10.66666667 10.83333333 11 11.16666667 11.33333333 11.5 11.66666667 11.83333333 12 12.16666667 12.33333333 12.5 12.66666667 12.83333333 13 13.16666667
