StHelens/input/sthel_res100mDEM.asc
ncols         96
nrows         91
xllcorner     557974.631687
yllcorner     5111446.1291019
cellsize      100
NODATA_value  -9999
[rows 0 to 27 of 91, columns 0 to 62 of 96]
950.2679 954.3484 1008.63 1005.364 1009.342 1010.104 1015.683 1015.225 1010.498 1018.549 1017.762 1021.812 1027.009 1022.567 1034.352 1064.917 1100.696 1166.496 1235.203 1262.661 1231.758 1213.684 1182.015 1108.177 1108.652 1126.399 1158.919 1175.61 1167.787 1181.277 1147.267 1150.172 1114.552 1157.251 1135.251 1148.715 1159.485 1159.654 1163.021 1168.133 1174.497 1177.509 1185.179 1187.343 1185.353 1191.472 1188.655 1194.629 1193.465 1183.757 1193.593 1191.658 1191.533 1190.752 1176.461 1186.188 1189.612 1186.991 1192.723 1200.934 1190.072 1199.794 1201.885
958.0488 961.4271 1014.83 1020.795 1018.986 1016.861 1016.05 1012.512 1013.779 1020.14 1024.29 1028.014 1031.145 1042.286 1047.464 1073.586 1111.188 1161.808 1218.415 1252.882 1214.651 1185.909 1135.223 1100.678 1114.34 1129.019 1165.978 1184.482 1188.535 1198.275 1194.088 1168.383 1125.486 1173.612 1151.867 1164.822 1170.361 1177.42 1180.326 1188.764 1195.31 1202.203 1204.895 1199.429 1206.777 1207.089 1208.631 1210.65 1208.966 1193.519 1205.683 1206.518 1213.413 1202.245 1199.175 1211.884 1206.96 1199.911 1210.644 1212.426 1206.067 1215.549 1215.847
972.327 971.7813 996.9572 1041.421 1029.844 1033.345 1031.922 1036.328 1038.5 1039.462 1039.516 1044.089 1049.7 1047.344 1051.883 1076.138 1113.688 1161.429 1221.157 1263.234 1210.688 1162.079 1140.438 1109.45 1120.795 1131.781 1174.484 1191.517 1193.516 1210.303 1217.161 1189.375 1150.482 1194.981 1169.547 1178.444 1185.406 1188.938 1196.865 1201.916 1210.063 1217.155 1223.856 1219.859 1230.67 1230.254 1225.328 1224.876 1221.613 1211.953 1223.724 1217.231 1222.578 1212.263 1214.458 1218.781 1215.705 1221.109 1221.406 1224.985 1219.822 1228.172 1228.649
977.8392 979.4543 988.1952 1047.295 1046.076 1042.628 1047.686 1032.752 1041.984 1035.43 1049.954 1054.413 1062.341 1054.437 1060.893 1085.427 1125.421 1172.274 1237.78 1269.769 1212.083 1168.808 1159.016 1121.434 1118.424 1142.642 1180.62 1197.472 1209.112 1216.324 1221.868 1209.446 1176.498 1196.213 1185.621 1191.945 1200.068 1206.108 1216.007 1229.4 1235.56 1239.047 1246.32 1240.363 1249.942 1244.976 1240.891 1237.03 1237.44 1225.455 1223.432 1234.026 1233.398 1215.731 1237.3 1235.536 1232.073 1235.839 1232.153 1242.098 1230.38 1240.924 1240.066
986.4683 992.5452 998.5279 1001.354 1062.244 1053.514 1059.542 1061.246 1055.358 1052.032 1057.697 1063.898 1066.814 1070.221 1080.507 1096.128 1137.157 1190.425 1244.813 1267.151 1213.7 1224.026 1200.039 1154.954 1130.514 1176.553 1202.226 1209.218 1225.549 1222.109 1229.502 1225.608 1197.606 1213.925 1208.575 1208.669 1219.03 1224.106 1235.38 1245.526 1254.459 1267.04 1268.883 1261.483 1267.797 1268.077 1260.285 1255.444 1252.33 1236.798 1242.961 1254.259 1254.58 1246.26 1248.792 1245.313 1248.765 1241.99 1253.696 1257.808 1247.8 1258.698 1256.953
1002.824 1000.031 1018.684 1009.718 1031 1071.95 1068.395 1068.063 1069.931 1060.762 1074.844 1069.006 1076.244 1077.828 1093.521 1112.437 1147.672 1203.388 1244.424 1260.484 1252.842 1215.776 1220.438 1191.542 1178.214 1210.797 1210.8 1220.45 1232.938 1238.428 1233.395 1238.5 1212.297 1233.521 1219.672 1220.249 1229.558 1241.422 1246.257 1264.892 1271.797 1282.274 1284.457 1287.906 1284.699 1285.164 1275.516 1272.35 1268.729 1262.688 1262.964 1271.406 1270.938 1273.995 1252.888 1267.031 1266.762 1259.597 1268.391 1268.85 1261.694 1271.438 1268.509
1008.751 1004.905 1046.731 1031.562 1014.771 1078.446 1075.22 1079.194 1079.384 1081.23 1075.158 1088.172 1088.736 1080.261 1130.127 1135.991 1169.793 1191.648 1189.424 1223.308 1233.159 1231.191 1244.495 1217.15 1216.307 1226.399 1202.402 1233.453 1247.523 1250.676 1248.075 1248.801 1223.504 1236.987 1238.012 1243.245 1250.201 1253.536 1264.622 1272.114 1290.052 1301.63 1308.717 1308.388 1309.81 1305.721 1300.572 1294.758 1286.674 1280.672 1278.058 1282.91 1283.792 1287.335 1266.474 1287.947 1284.199 1279.965 1283.097 1283.22 1273.676 1284.213 1277.417
1022.919 1019.392 1060.078 1054.886 1027.626 1073.543 1092.13 1086.942 1095.806 1095.993 1091.668 1102.377 1092.13 1097.672 1105.082 1154.404 1164.534 1145.511 1171.57 1180.801 1221.634 1230.338 1241.364 1246.032 1227.091 1242.575 1214.848 1239.991 1259.095 1265.575 1251.22 1258.212 1237.605 1243.831 1258.89 1263.733 1271.919 1279.924 1288.954 1304.811 1314.973 1328.793 1334.287 1335.244 1331.052 1324.79 1318.214 1306.49 1303.348 1295.282 1300.728 1303.432 1298.502 1308.241 1300.467 1314.605 1301.514 1303.919 1295.709 1301.009 1273.519 1299.351 1291.459
1032.698 1034.906 1051.042 1101.215 1047.438 1065.493 1098.584 1096.656 1104.683 1113.031 1112.172 1094.178 1114.644 1104.516 1120.344 1120.663 1131.484 1176.766 1224.189 1182.875 1204.381 1243.303 1256.141 1266.696 1241.153 1260.078 1225.731 1239.115 1273.625 1271.286 1271.302 1269 1254.348 1265.816 1271.203 1277.961 1287.133 1302.813 1312.388 1325.396 1342.875 1355.104 1358.961 1360.563 1358.667 1348.877 1342.203 1327.344 1318.579 1314.688 1313.405 1316.618 1313.391 1333.285 1314.786 1326.813 1320.457 1319.929 1318.672 1316.249 1299.561 1319.625 1313.028
1045.978 1052.833 1051.354 1089.022 1068.954 1070.648 1128.879 1115.053 1121.625 1123.577 1127.363 1111.6 1128.904 1119.078 1117.363 1122.969 1148.226 1164.099 1176.292 1220.22 1210.416 1233.334 1252.054 1280.227 1263.581 1277.823 1239.519 1242.04 1275.07 1291.713 1299.329 1290.922 1266.498 1278.887 1286.606 1298.57 1305.668 1314.071 1329.093 1346.094 1362.205 1378.596 1383.796 1384.065 1382.642 1373.032 1363.569 1348.492 1354.348 1333.848 1334.472 1342.938 1332.521 1349.925 1338.579 1348.797 1342.365 1336.761 1337.308 1332.284 1333.68 1336.113 1331.977
1049.134 1061.701 1073.226 1114.938 1091.656 1066.179 1131.061 1137.045 1136.505 1128.218 1135.88 1133.805 1133.526 1150.05 1140.757 1135.935 1156.748 1194.548 1210.357 1206.995 1214.644 1233.441 1246.536 1268.316 1281.79 1290.377 1251.332 1268.135 1284.174 1316.859 1324.784 1306.341 1278.236 1303.359 1327.119 1317.736 1330.633 1340.668 1343.385 1376.458 1400.388 1405.443 1413.563 1417.023 1411.368 1403.843 1392.245 1399.105 1400.75 1381.506 1359.854 1369.207 1355.976 1373.068 1360.741 1369.247 1368.075 1357.682 1365.433 1346.505 1348.649 1361.379 1345.573
1057.388 1071.453 1070.993 1094.091 1137.563 1079.071 1103.244 1149.391 1151.799 1143.382 1134.844 1148.422 1147.157 1163.734 1164.88 1155.065 1161.484 1188.259 1223.045 1240.031 1241.964 1237.464 1255.359 1259.095 1295.045 1306.234 1284.324 1286.508 1295.391 1317.596 1339.999 1328.047 1298.943 1334.247 1360.734 1366.642 1355.03 1365.797 1370.177 1407.028 1418.5 1435.438 1447.035 1444.594 1433.571 1428.405 1429.047 1431.244 1440.747 1418.172 1418.207 1392.285 1378.016 1387.328 1384.015 1387.75 1384.942 1375.752 1377.234 1372.483 1371.977 1367.766 1355.601
1067.698 1075.774 1079.581 1093.147 1106.008 1134.919 1086.633 1134.873 1171.255 1166.985 1149.274 1168.72 1165.198 1181.974 1187.048 1182.85 1172.087 1188.382 1219.151 1247.23 1270.442 1272.761 1265.981 1283.521 1288.053 1301.962 1319.059 1310.722 1312.641 1327.466 1367.282 1344.104 1329.959 1354.959 1375.558 1391.293 1395.925 1402.239 1413.573 1436.5 1445.367 1459.961 1470.804 1465.76 1461.501 1457.158 1455.774 1458.956 1476.652 1464.161 1443.835 1415.784 1399.776 1417.327 1391.333 1413.156 1410.181 1395.38 1388.479 1393.514 1378.822 1374.675 1404.166
1078.172 1073.427 1083.068 1101.422 1109.7 1126.663 1098.75 1129.995 1175.076 1180.104 1174.793 1176.851 1198.34 1184.608 1202.478 1196.44 1193.538 1186.615 1204.073 1230.006 1270.642 1289.075 1280.783 1292.149 1300.439 1303.027 1315.941 1317.367 1337.771 1342.222 1374.818 1363.315 1341.262 1392.188 1405.418 1414.609 1424.531 1435.811 1462.416 1466.094 1478.023 1487.106 1499.309 1495.904 1492.852 1491.89 1488.172 1497.224 1502.8 1491.765 1481.446 1415.946 1451.397 1434.136 1438.062 1433.485 1433.35 1420.33 1422.341 1412.632 1402.236 1415.905 1425.472
1095.208 1082.891 1095.219 1102.2 1115.453 1131.131 1143.012 1119.203 1142.033 1141.617 1190.438 1193.782 1201.77 1218 1198.81 1225.951 1231.984 1198.046 1213.776 1233.844 1264.087 1305.345 1304.078 1314.601 1323.48 1317.109 1332.026 1351.793 1338.641 1363.196 1388.341 1392.953 1355.662 1416.679 1426.594 1441.08 1444.635 1468.406 1487.113 1499.14 1508.797 1518.924 1528.596 1529.906 1524.756 1519.477 1523.172 1528.321 1528.146 1516.578 1497.415 1433.783 1498.063 1484.872 1473.047 1455.828 1447.374 1439.008 1444.422 1437.179 1423.322 1447.391 1447.233
1100.353 1090.406 1111.416 1108.798 1121.436 1137.1 1148.211 1148.92 1148.198 1147.424 1158.122 1204.938 1220.3 1234.095 1226.601 1238.885 1247.678 1230.612 1229.307 1227.778 1245.056 1281.458 1327.473 1338.067 1338.113 1346.879 1347.495 1357.837 1356.536 1371.075 1406.707 1411.806 1381.782 1429.927 1447.248 1459.615 1475.603 1493.761 1509.625 1524.287 1535.832 1547.813 1557.943 1557.964 1557.11 1548.692 1552.484 1562.806 1555.292 1545.738 1533.254 1475.236 1551.848 1514.604 1497.767 1484.386 1480.417 1461.874 1458.544 1457.097 1442.465 1467.973 1468.358
1124.121 1104.63 1104.861 1113.641 1128.496 1171.266 1148.028 1170.167 1193.401 1196.245 1158.497 1208.031 1233.965 1246.724 1270.852 1266.609 1264.142 1290.874 1264.365 1230.327 1232.623 1265.88 1319.099 1353.182 1362.819 1370.704 1366.006 1388.973 1391.039 1400.977 1431.575 1436.52 1408.838 1436.288 1471.555 1489.023 1511.321 1521.887 1543.208 1562.079 1571.84 1585.813 1594.799 1595.291 1592.486 1595.252 1595.969 1596.271 1591.324 1576.797 1563.066 1570.149 1564.465 1542.345 1521.307 1514.104 1505.655 1487.987 1490.399 1484.425 1469.57 1493.767 1485.586
1139.694 1123.5 1111.795 1117.98 1155.625 1183.58 1189.05 1174 1205.217 1225.979 1202.344 1206.875 1234.307 1259.625 1270.237 1279.252 1286.063 1284.169 1309.57 1276.422 1243.015 1281.617 1294.5 1373.93 1384.441 1372.25 1398.873 1408.084 1400.266 1424.308 1445.452 1453.766 1432.893 1467.946 1494.281 1510.992 1530.484 1554.016 1569.775 1595.707 1607.422 1619.875 1627.159 1633.328 1647.88 1649.36 1648.172 1649.813 1610.782 1604.281 1575.649 1581.031 1594.156 1574.799 1534.789 1540.188 1493.814 1518.921 1514.906 1512.987 1515.483 1519.297 1496.699
1181.107 1153.519 1124.495 1131.006 1158.631 1184.293 1197.121 1204.089 1212.624 1223.951 1234.54 1232.976 1237.869 1270.293 1284.094 1298.542 1308.581 1312.434 1328.456 1318.47 1277.929 1312.101 1327.93 1340.714 1388.897 1405.686 1411.04 1412.024 1442.765 1436.729 1449.46 1488.231 1469.006 1475.262 1511.291 1547.754 1568.974 1585.429 1605.89 1631.399 1635.229 1661.681 1672.005 1686.392 1686.397 1688.128 1689.634 1689.857 1666.085 1650.877 1603.743 1610.663 1644.241 1592.711 1564.108 1534.563 1561.694 1559.683 1556.267 1549.256 1542.088 1535.291 1521.479
1156.377 1172.796 1143.04 1132.649 1166.947 1182.313 1196.844 1208.898 1219.552 1232.537 1247.111 1264.365 1254.737 1258.993 1291.095 1309.037 1327.235 1335.724 1345.853 1351.796 1290.12 1312.596 1376.204 1370.881 1389.219 1421.184 1438.441 1441.056 1432.868 1468.725 1469.578 1501.658 1503.667 1558.129 1550.432 1582.282 1610.514 1632.591 1652.756 1664.913 1670.922 1701.28 1717.837 1732.149 1740.028 1735.978 1738.007 1728.147 1715.055 1673.837 1670.073 1678.709 1682.227 1640.92 1583.635 1597.483 1615.088 1617.721 1609.194 1591.045 1577.594 1554.071 1555.316
1157.693 1158.484 1172.902 1150.529 1161.156 1182.785 1197.259 1211.531 1223.573 1237.803 1251.266 1270.962 1274.22 1282.828 1288.663 1317.28 1338.641 1350.776 1360.409 1372.406 1330.163 1312.788 1361.688 1406.86 1407.277 1427.188 1456.366 1460.453 1468.547 1459.117 1507.021 1544.328 1551.227 1599.776 1625.484 1621.724 1643.806 1661.438 1683.607 1700.97 1718.688 1734.97 1766.527 1777.328 1782.326 1789.454 1787.281 1754.267 1747.361 1732.141 1717.134 1730.823 1734.984 1664.186 1594.296 1648.281 1674.81 1665.097 1655.234 1631.274 1610.583 1586.391 1592.663
1174.891 1172.825 1178.415 1183.043 1170.098 1175.965 1195.927 1211.697 1226.705 1243.604 1259.207 1275.845 1289.619 1302.131 1301.846 1326.675 1342.42 1361.369 1378.328 1385.083 1380.542 1351.146 1334.021 1388.532 1437.357 1429.033 1469.252 1483.592 1495.078 1508.746 1507.031 1573.947 1596.46 1625.172 1655.958 1673.94 1681.375 1704.273 1731.276 1751.912 1767.725 1791.21 1814.565 1830.606 1828.683 1832.802 1833.643 1819.969 1796.515 1776.874 1782.61 1772.03 1776.23 1691.069 1649.535 1697.01 1738.838 1742.942 1713.608 1681.041 1641.63 1617.281 1622.709
1170.56 1183.887 1178.716 1198.286 1203.254 1207.602 1212.887 1209.972 1224.027 1244.584 1264.691 1280.073 1304.544 1320.583 1328.879 1334.424 1356.273 1374.792 1389.989 1401.672 1410.073 1419.898 1371.09 1379.549 1448.623 1472.574 1481.657 1502.319 1524.249 1536.639 1559.457 1565.64 1611.632 1642.289 1681.64 1706.808 1709.251 1726.207 1770.683 1808.23 1817.162 1848.109 1866.609 1891.598 1903.616 1897.882 1882.113 1885.493 1871.881 1846.432 1849.72 1832.696 1806.874 1749.92 1742.277 1756.241 1802.902 1792.61 1764.571 1738.123 1660.218 1660.513 1668.88
1182.656 1186 1187.635 1188.864 1221.734 1223.58 1227.51 1224.906 1222.049 1241.336 1262.641 1294.56 1304.888 1329.25 1341.733 1356.421 1368.719 1383.998 1402.794 1413.359 1427.002 1439.634 1430.656 1394.45 1486.188 1517 1529.282 1529.04 1541.688 1565.991 1585.127 1607.625 1619.733 1672.526 1706.063 1740.446 1760.591 1787.766 1790.351 1833.44 1867.953 1895.065 1928.381 1943.938 1961.763 1962.856 1955.422 1941.774 1937.484 1913.594 1930.253 1896.053 1856.359 1791.87 1794.845 1796.297 1841.05 1820.435 1780.813 1740.404 1683.655 1670.797 1697.061
1209.773 1200.664 1203.082 1210.856 1212.451 1216.181 1222.942 1230.623 1235.753 1240.266 1285.94 1312.296 1333.891 1332.925 1346.602 1363.046 1378.176 1396.305 1413.404 1429.858 1449.296 1462.436 1458.475 1395.175 1459.3 1523.433 1551.959 1558.891 1555.292 1584.068 1616.294 1645.924 1661.491 1679.457 1728.652 1779.238 1827.547 1829.809 1858.563 1887.663 1913.632 1942.759 1984.983 2005.849 2023.019 2049.024 2014.359 2009.447 2011.903 1983.62 1985.074 1961.053 1895.81 1859.74 1868.41 1856.689 1865.254 1843.803 1814.722 1741.278 1732.855 1721.469 1718.638
1209.606 1216.907 1203.555 1192.822 1220.58 1226.937 1231.663 1232.655 1215.597 1208.691 1223.869 1252.513 1292.759 1324.786 1344.277 1377.408 1398.005 1413.321 1427.663 1445.58 1464.638 1482.609 1494.558 1450.43 1457.213 1509.913 1563.005 1587.702 1605.628 1608.675 1642.646 1673.817 1703.608 1744.097 1775.868 1799.66 1874.17 1897.17 1929.458 1939.872 1965.363 1993.693 2048.515 2074.753 2108.722 2087.426 2106.759 2067.823 2073.89 2054.772 2055.201 2015.997 1970.363 1927.98 1922.378 1898.656 1879.184 1829.798 1815.667 1756.079 1753.804 1777.155 1739.519
1181.332 1172.375 1149.141 1125.644 1173 1199.178 1174.138 1166 1154.821 1148.454 1168.469 1178.773 1210.871 1254.422 1292.459 1343.498 1382.938 1412.645 1438.595 1454.969 1476.784 1499.116 1521.766 1490.776 1505.666 1557.5 1595.278 1620.477 1630.031 1663.596 1677.002 1717.344 1752.332 1796.363 1819.781 1871.969 1903.249 1947.094 1964.06 2002.833 2012.891 2035.33 2101.084 2157.672 2154.843 2146.584 2133.078 2135.568 2104.452 2108.625 2105.913 2096.456 2038.922 2002.66 1983.158 1938.641 1886.71 1878.567 1839.094 1828.23 1787.796 1817.219 1780.323
1127.613 1112.186 1085.703 1101.219 1161.58 1133.425 1107.83 1105.8 1115.474 1130.391 1143.238 1157.279 1168.033 1197.338 1233.944 1278.715 1311.717 1342.406 1369.56 1398.596 1443.297 1488.166 1537.421 1549.452 1523.297 1581.802 1615.607 1644.741 1663.146 1684.327 1725.517 1763.65 1812.439 1847.242 1893.302 1933.076 1974.631 2005.268 2031.492 2069.77 2033.938 2080.837 2129.32 2223.687 2221.11 2187.289 2187.519 2170.178 2168.162 2162.326 2155.496 2146.75 2118.947 2082.681 2027.553 1983.07 1935.077 1910.02 1887.075 1862.05 1830.999 1842.645 1803.628
