StHelens/input/sthel_res100mDEM.asc
ncols         96
nrows         91
xllcorner     557974.631687
yllcorner     5111446.1291019
cellsize      100
NODATA_value  -9999
[rows 28 to 55 of 91, columns 0 to 62 of 96]
1070.306 1046.385 1044.784 1093.053 1094.006 1074.448 1081.586 1095.951 1115.665 1153.026 1193.86 1227.969 1243.996 1205.372 1207.517 1222.437 1240.181 1275.713 1293.123 1322.286 1371.599 1420.407 1479.375 1547.164 1571.229 1574.662 1630.358 1672.889 1698.626 1705.861 1753.285 1824.192 1879.901 1929.748 1956.999 1999.704 2031.263 2052.108 2072.848 2111.339 2104.633 2130.138 2146.272 2222.864 2289.477 2265.54 2268.938 2245.862 2238.494 2219.88 2222.373 2193.667 2170.737 2133.048 2089.184 2039.932 1999.338 1949.406 1912.91 1894.677 1882.117 1884.171 1868.913
1021.418 1026.375 1043.933 1044.455 1063.797 1095.515 1092.002 1117.453 1112.742 1162.944 1220.313 1233.558 1278.932 1287.047 1277.107 1291.086 1304.891 1319.758 1326.13 1341.875 1330.804 1375.222 1415.344 1480.361 1549.666 1593.625 1637.099 1684.011 1724.781 1743.321 1785.261 1839.094 1914.245 1981.547 2023.453 2061.816 2103.628 2087.953 2118.916 2170.516 2186.438 2202.636 2225.505 2286.734 2328.229 2362.925 2313.953 2314.119 2302.696 2299.063 2289.082 2263.966 2241.609 2181.775 2159.543 2088.125 2034.146 1986.91 1945.734 1950.353 1947.156 1934.313 1906.049
1013.988 1021.736 1048.232 1079.897 1121.024 1170.245 1126.6 1166.49 1126.617 1142.079 1211.095 1274.025 1303.106 1333.104 1343.161 1358.62 1372.81 1391.446 1433.457 1428.146 1415.46 1405.498 1399.62 1431.31 1476.407 1538.326 1572.353 1641.846 1704.549 1757.531 1795.589 1852.99 1928.111 2018.231 2099.521 2102.436 2124.94 2133.72 2153.395 2222.642 2259.689 2249.248 2298.317 2340.235 2370.018 2375.531 2380.75 2382.041 2377.865 2355.608 2335.737 2316.774 2293.87 2251.111 2214.668 2151.263 2078.01 2022.052 1984.838 1991.43 2003.602 1981.835 1960.778
1016.954 1034.902 1040.667 1091.977 1152.614 1206.505 1145.464 1176.109 1194.869 1169.287 1221.797 1267.728 1320.332 1374.822 1374.822 1418.266 1444.656 1454.366 1482.791 1507.046 1507.652 1508.614 1474.669 1466.406 1494.504 1550.1 1591.128 1674.596 1718.57 1751.589 1798.482 1846.272 1900.647 1990.079 2068.545 2131.765 2150.506 2179.569 2199.818 2262.553 2308.701 2320.809 2375.925 2410.078 2420.399 2435.641 2448.027 2442.406 2431.076 2420.146 2402.607 2368.981 2343.386 2288.933 2249.634 2196.133 2114.353 2069.482 2032.674 2033.186 2064.537 2052.065 2004.162
1082.786 1099.25 1087.099 1103.755 1130.781 1174.339 1215.777 1207.938 1252.964 1213.226 1238.469 1285.105 1326.405 1381.281 1417.995 1428.995 1459.25 1491.744 1502.817 1527.438 1551.191 1576.924 1584.328 1553.763 1519.332 1583.313 1686.201 1732.184 1763.563 1794.958 1826.97 1876.953 1920.239 1975.945 2035.188 2090.642 2154.451 2205.031 2240.063 2295.459 2366.063 2381.626 2414.025 2490.766 2493.098 2500.308 2508.141 2510.384 2500.245 2491.047 2455.799 2426.961 2412.703 2348.142 2281.764 2219.797 2163.661 2096.888 2059.781 2100.994 2137.929 2099.688 2025.35
1145.779 1132.701 1121.435 1157.619 1180.819 1213.128 1244.665 1270.526 1286.68 1287.691 1238.276 1308.237 1328.484 1389.7 1435.577 1464.009 1489.47 1516.649 1534.545 1553.503 1572.901 1603.15 1625.427 1640.923 1603.498 1603.439 1666.936 1772.078 1806.315 1833.218 1870.519 1908.885 1952.563 2017.524 2035.432 2099.081 2166.6 2240.334 2273.735 2330.922 2377.339 2405.925 2459.011 2535.366 2543.625 2564.878 2571.164 2594.695 2570.54 2533.79 2514.837 2461.321 2451.532 2401.969 2297.611 2259.643 2219.064 2117.124 2195.8 2189.686 2176.487 2102.689 2035.712
1096.96 1147.977 1192.893 1198.053 1220.407 1248.648 1270.633 1311.843 1317.223 1352.591 1296.815 1288.453 1342.574 1386.138 1425.596 1477.574 1518.286 1553.228 1571.649 1583.88 1596.212 1626.548 1656.399 1675.898 1683.617 1670.34 1718.167 1749.151 1821.157 1863.072 1911.319 1955.591 2000.249 2035.801 2087.935 2136.571 2199.245 2251.717 2313.32 2363.535 2420.335 2460.42 2490.985 2537.318 2600.689 2623.72 2630.616 2631.512 2633.536 2601.185 2565.035 2505.803 2489.589 2423.876 2350.039 2288.902 2234.727 2225.083 2311.458 2269.719 2213.581 2125.697 2054.036
1045.503 1093.297 1129.649 1191.083 1225.547 1254.355 1287.917 1307.5 1340.587 1342.651 1378.313 1348.557 1335.537 1363.234 1392.345 1444.705 1496.125 1545.152 1580.821 1612.719 1628.425 1649.383 1680.984 1705.503 1729.068 1741.188 1760.592 1794.918 1835.063 1888.145 1941.545 1994.078 2040.861 2093.778 2123.234 2170.498 2247.921 2289.969 2346.26 2400.379 2445.578 2506.634 2535.679 2576.328 2622.373 2670.28 2686.938 2672.595 2691.038 2625.984 2590.715 2546.375 2538.344 2445.006 2387.812 2322.094 2319.198 2340.739 2334.563 2289.589 2223.287 2147.438 2077.175
1066.277 1068.716 1104.894 1148.032 1206.01 1253.623 1275.109 1306.304 1341.335 1376.988 1390.843 1411.745 1399.634 1408.832 1425.504 1438.212 1456.808 1488.608 1532.342 1580.58 1641.551 1682.028 1704.813 1734.42 1758.721 1781.493 1793.444 1845.877 1870.367 1906.874 1954.258 2006.293 2075.398 2129.89 2175.948 2223.042 2286.826 2320.766 2364.891 2442.26 2496.823 2555.711 2585.147 2626.949 2664.32 2697.034 2724.276 2727.602 2703.185 2659.709 2630.821 2602.292 2551.113 2487.871 2437.638 2396.028 2385.389 2371.708 2326.447 2273.109 2212.159 2154.965 2117.816
1126.055 1139.46 1149.527 1151.911 1208.92 1258.676 1288.943 1320.063 1348.355 1371.71 1393.02 1424.58 1439.354 1449.399 1469.687 1496.662 1518.109 1537.979 1552.794 1565.307 1605.881 1659.377 1727.058 1763.831 1790.058 1823.444 1849.157 1881.936 1913.633 1946.208 1985.736 2033.505 2086.343 2142.148 2209.038 2278.227 2320.454 2362.482 2431.226 2496.752 2538.495 2592.556 2628.544 2640.093 2685.436 2738.634 2754.274 2719.107 2692.215 2657.793 2655.321 2630.164 2561.772 2509.178 2496.57 2451.869 2440.629 2394.955 2342.91 2290.435 2251.572 2178.621 2124.678
1120.56 1177.422 1222.34 1198.355 1196.297 1258.784 1300.392 1326.016 1349.964 1374.149 1398.125 1414.718 1446.663 1463.141 1480.497 1505.768 1531.109 1566.869 1603.82 1632.422 1652.997 1677.211 1706.172 1775.487 1815.538 1842.5 1878.264 1912.071 1939.313 1980.491 2021.253 2060.656 2106.619 2155.351 2217.453 2290.62 2364.836 2418.797 2467.991 2523.625 2566.844 2606.192 2673.465 2698.469 2719.85 2732.444 2735.578 2690.616 2684.425 2682.75 2671.045 2640.959 2611.781 2580.52 2565.758 2506.266 2480.864 2442.611 2361.266 2296.858 2227.743 2178.063 2130.437
1175.874 1224.155 1241.434 1247.585 1234.084 1269.803 1296.802 1326.441 1349.203 1370.174 1389.923 1410.935 1441.842 1469.041 1485.362 1508.141 1530.576 1552.753 1585.509 1621.015 1659.767 1727.299 1768.461 1799.464 1823.935 1880.354 1904.581 1940.501 1975.675 2013.675 2050.888 2089.553 2134.155 2181.483 2236.618 2317.48 2374.741 2446.433 2503.023 2558.297 2588.623 2630.373 2696.792 2736.971 2731.526 2746.412 2743.002 2703.83 2722.851 2726.366 2708.1 2689.246 2671.842 2641.605 2601.269 2544.633 2515.844 2469.311 2389.762 2311.803 2239.626 2186.611 2127.494
1214.928 1237.943 1248.341 1258.955 1270.797 1283.389 1300.63 1325.307 1347.67 1376.641 1399.796 1416.153 1439.055 1466.918 1495.548 1522.851 1540.117 1554.647 1588.981 1630.186 1681.962 1737.979 1797.606 1845.326 1875.668 1891.588 1922.752 1968.15 2003.495 2033.285 2074.665 2113.631 2153.413 2203.199 2274.068 2323.251 2390.676 2459.18 2527.373 2606.381 2624.129 2661.624 2705.072 2737.742 2711.414 2690.947 2692.88 2680.648 2751.947 2750.389 2752.445 2733.162 2727.796 2696.382 2642.961 2594.563 2541.496 2479.965 2427.125 2344.153 2246.582 2215.703 2148.091
1220.823 1241.734 1256.437 1271.641 1279.953 1303.99 1327.714 1346.422 1359.352 1378.381 1394.031 1397.861 1389.71 1426.516 1463.965 1496.096 1523.141 1551.005 1578.918 1630.453 1676.274 1736.916 1791.078 1856.458 1926.042 1937.609 1938.424 1972.545 2017.516 2048.449 2092.873 2139.094 2184.438 2228.932 2286.906 2349.817 2416.13 2469.391 2546.5 2614.303 2681.047 2695.033 2719.214 2750.297 2674.874 2657.708 2705.31 2736.668 2765.756 2771.016 2777.79 2759.25 2769.547 2703.336 2633.072 2576.875 2519.002 2474.22 2422.25 2360.361 2279.065 2231.906 2183.733
1228.071 1245.178 1263.146 1276.217 1293.211 1308.748 1317.844 1325.938 1334.25 1333.393 1349.953 1351.318 1398.836 1431.163 1456.652 1487.73 1519.436 1557.701 1588.207 1627.624 1677.514 1732.106 1791.817 1852.415 1927.008 1982.749 1966.551 1987.793 2031.88 2064.656 2103.784 2142.457 2200.957 2255.098 2298.375 2351.572 2425.246 2486.87 2547.116 2627.019 2694.037 2755.438 2772.464 2810.354 2739.214 2729.287 2752.541 2808.894 2814.108 2784.579 2820.094 2825.342 2776.216 2705.326 2618.36 2569.905 2511.933 2456.655 2407.013 2356.747 2292.2 2246.893 2194.875
1201.071 1220.178 1233.878 1242.318 1258.585 1270.546 1281.872 1293.032 1313.873 1335.409 1348.683 1366.462 1400.093 1427.12 1450.592 1492.197 1532.547 1565.382 1603.095 1639.11 1667.928 1724.796 1776.135 1837.432 1897.686 1963.628 2007.753 2016.645 2035.585 2081.024 2113.406 2158.625 2208.381 2269.823 2315.944 2361.469 2429.278 2493.54 2564.012 2632.736 2702.275 2774.462 2846.083 2859.567 2834.5 2822.198 2869.7 2891.549 2886.603 2862.936 2819.855 2801.208 2765.193 2692.22 2618.956 2558.183 2505.768 2442.993 2389.308 2330.57 2267.699 2200.273 2159.477
1204.039 1219.094 1227.189 1241.303 1259.906 1278.498 1309.995 1330.813 1350.281 1366.018 1380.188 1382.44 1397.704 1432.984 1467.641 1500.979 1525.453 1547.799 1577.98 1628.563 1659.163 1714.234 1760.406 1815.617 1873.252 1922.609 1973.665 2018.134 2048.453 2077.646 2119.131 2156.438 2200.368 2257.008 2305.625 2356.502 2430.046 2489.844 2565.968 2633.742 2697.984 2759.78 2847.239 2909.625 2928.884 2928.019 2913.469 2874.447 2841.652 2798.406 2762.299 2746.366 2708.219 2683.661 2608.347 2540.922 2487.719 2422.879 2373.594 2310.008 2251.404 2198.875 2134.533
1231.893 1241.052 1257.422 1266.357 1277.267 1295.704 1308.078 1337.038 1365.785 1386.034 1410.109 1432.633 1436.777 1440.163 1479.99 1520.523 1550.013 1577.407 1614.435 1641.067 1672.228 1707.413 1749.109 1788.581 1834.784 1877.877 1920.069 1967.598 2019.925 2067.836 2120.094 2156.325 2194.449 2246.905 2308.256 2361.135 2422.698 2471.987 2551.905 2623.2 2679.538 2748.322 2816.823 2879.128 2905.476 2922.326 2890.984 2850.52 2804.026 2745.34 2698.497 2665.444 2655.308 2605.919 2565.797 2547.229 2474.488 2399.33 2325.972 2301.707 2258.111 2176.268 2137.465
1226.457 1242.741 1254.026 1271.944 1286.363 1300.245 1316.257 1335.819 1358.849 1384.398 1404.477 1436.388 1458.733 1481.352 1500.471 1511.867 1533.248 1556.45 1586.049 1627.78 1654.197 1691.01 1719.763 1774.928 1831.65 1875.4 1910.37 1968.887 2018.527 2067.424 2119.27 2152.396 2194.948 2245.151 2294.903 2346.704 2406.59 2463.725 2526.952 2595.824 2659.985 2724.34 2787.412 2832.896 2860.237 2883.893 2893.03 2845.784 2801.153 2720.89 2657.368 2607.816 2572.315 2511.758 2465.915 2438.31 2429.572 2357.77 2298.899 2242.96 2211.414 2156.133 2099.583
1216.007 1236.406 1252.347 1265.68 1313.125 1321.256 1335.81 1352.25 1374.267 1394.706 1416.563 1436.936 1460.602 1479.313 1506.947 1537.839 1561.063 1585.742 1614.995 1649.203 1679.735 1707.209 1756.984 1791.371 1833.757 1860.141 1896.375 1964.273 2010.906 2061.796 2110.175 2141.141 2183.204 2229.323 2284.016 2341.531 2389.603 2444.859 2510.395 2581.2 2627.547 2680.716 2746.006 2784.766 2808.054 2824.525 2840.531 2848.168 2794.348 2720.906 2637.236 2552.473 2490.281 2430.328 2376.717 2358.016 2356.687 2330.475 2261.516 2206.164 2154.546 2120 2056.768
1225.51 1239.64 1252.911 1269.318 1282.643 1295.719 1325.249 1354.023 1366.275 1387.242 1408.469 1430.683 1458.982 1478.093 1502.32 1531.484 1557.185 1579.718 1604.807 1643.01 1672.568 1693.782 1727.847 1784.421 1800.322 1839.444 1873.64 1945.085 2003.08 2047.379 2099.965 2134.455 2179.696 2226.855 2278.488 2332.745 2385.41 2432.603 2494.38 2547.453 2598.31 2643.376 2688.788 2728.425 2748.507 2765.054 2775.213 2786.764 2771.684 2723.434 2637.506 2560.483 2478.644 2406.936 2338.333 2290.2 2258.358 2234.399 2226.911 2166.81 2116.626 2070.542 2023.631
1225.921 1233.595 1249.658 1264.271 1275.797 1304.932 1344.047 1382.155 1391.944 1413.589 1423.575 1440.069 1460.524 1475.815 1488.654 1507.863 1534.342 1561.407 1565.994 1601.315 1634.478 1691.202 1718.44 1750.827 1803.176 1845.58 1879.034 1922.166 1969.479 2013.674 2069.996 2114.595 2160.502 2205.011 2264.818 2315.204 2368.993 2421.946 2456.405 2504.384 2549.977 2593.483 2641.539 2667.4 2686.604 2698.384 2706.126 2719.691 2716.377 2712.255 2691.036 2628.243 2550.069 2449.652 2372.456 2286.979 2235.944 2170.182 2132.595 2133.967 2133.275 2060.249 1996.823
1227.414 1240.328 1245.243 1249.207 1265.828 1324.153 1383.216 1395.094 1397.187 1408.887 1410.609 1424.868 1436.076 1462.703 1485.159 1505.597 1509.938 1499.902 1532.661 1568.906 1624.218 1677.678 1742.656 1777.612 1814.897 1844.234 1875.009 1919.027 1952.453 1991.859 2046.435 2107.719 2146.739 2183.897 2226.047 2278.375 2356.65 2404.891 2436.253 2463.735 2501.703 2555.233 2590.378 2613.281 2627.602 2637.782 2642.063 2647.902 2646.253 2641.266 2633.333 2607.447 2550.406 2493.646 2416.565 2325.5 2248.38 2163.274 2109.172 2072.746 2046.645 2053.078 1995.977
1219.618 1221.765 1228.484 1238.316 1265.491 1307.36 1355.105 1363.815 1359.641 1371.244 1379.516 1400.031 1427.998 1428.643 1436.543 1442.444 1473.88 1515.34 1551.834 1575.686 1610.92 1669.35 1711.977 1747.973 1794.891 1836.167 1864.591 1900.193 1910.427 1969.847 2032.894 2086.119 2106.854 2132.38 2178.981 2249.047 2327.951 2377.947 2406.127 2435.072 2469.357 2512.43 2539.476 2558.726 2570.019 2577.423 2583.587 2585.074 2583.79 2574.72 2565.483 2539.485 2506.838 2452.617 2393.149 2345.394 2268.517 2177.517 2105.19 2044.369 2007.642 1972.325 1965.549
1205.939 1223.367 1236.263 1250.621 1261.531 1273.272 1299.372 1316.06 1335.236 1354.336 1371.629 1370.743 1390.135 1421.431 1438.951 1474.738 1478.808 1501.661 1540.566 1581.141 1616.462 1643.07 1681.455 1732.095 1781.806 1807.209 1831.114 1842.925 1902.994 1939.713 1986.752 2016.318 2036.318 2082.819 2143.546 2225.716 2300.822 2333.797 2357.708 2387.417 2426.536 2460.705 2490.217 2497.637 2507.671 2517.831 2525.536 2524.787 2515.733 2508.421 2486.233 2470.308 2449.922 2416.284 2357.774 2310.789 2260.459 2207.921 2138.397 2055.388 1986.13 1952.759 1926.305
1207.553 1225.766 1238.622 1249.647 1259.672 1270.618 1293.024 1309.156 1327.247 1329.818 1348.859 1376.63 1398.552 1405.047 1418.963 1447.84 1480.297 1506.192 1548.571 1585.688 1614.384 1640.531 1674.875 1713.817 1751.711 1765.719 1772.73 1823.813 1862.469 1895.015 1943.86 1957.844 1993.519 2060.695 2140.031 2243.315 2268.661 2298.438 2324.064 2351.571 2390.375 2414.222 2442.942 2457.063 2460.464 2465.84 2475.156 2477.553 2477.939 2465.906 2443.011 2414.939 2393.203 2387.697 2351.109 2301.328 2252.089 2191.413 2143.25 2095.806 2037.097 1981.328 1898.063
1210.407 1219.571 1230.368 1241.898 1251.186 1269.161 1286.074 1298.084 1317.606 1336.95 1351.711 1354.064 1381.731 1401.523 1424.477 1468.477 1487.177 1516.172 1546.788 1577.637 1601.096 1626.698 1652.741 1685.419 1706.968 1715.228 1725.669 1775.524 1802.03 1848.537 1894.374 1921.636 1978.526 2055.755 2136.367 2201.274 2239.28 2266.537 2281.752 2309.312 2348.739 2372.357 2393.182 2409.406 2419.782 2424.348 2432.493 2434.095 2425.697 2415.147 2392.019 2365.917 2351.315 2332.002 2328.648 2288.083 2234.859 2174.232 2121.369 2069.52 2017.734 1989.024 1941.013
1207.269 1213.704 1223.323 1234.108 1247.559 1257.417 1280.467 1296.195 1310.523 1310.317 1330.347 1367.079 1383.38 1393.87 1414.244 1460.629 1478.369 1506.959 1532.709 1544.274 1568.844 1593.527 1620.125 1649.158 1672.38 1677.137 1712.133 1736.313 1783.275 1821.56 1852.131 1897.998 1952.458 2021.342 2083.91 2137.697 2184.435 2213.782 2238.483 2270.431 2297.889 2318.809 2336.546 2335.27 2360.984 2379.293 2390.613 2389.913 2374.417 2353.233 2327.4 2311.291 2292.874 2276.593 2262.92 2255.572 2204.907 2147.11 2091.777 2040.12 1992.8 1944.788 1912.878
