StHelens/input/sthel_res100mDEM.asc
ncols         96
nrows         91
xllcorner     557974.631687
yllcorner     5111446.1291019
cellsize      100
NODATA_value  -9999
[rows 56 to 83 of 91, columns 0 to 62 of 96]
1199.665 1205.828 1219.281 1230.302 1243.328 1255.55 1270.352 1283.016 1288.396 1310.218 1345.766 1363.486 1368.918 1405.469 1436.053 1448.839 1459.25 1472.743 1498.64 1531.75 1547.597 1553.931 1615.219 1626.942 1633.321 1651.031 1680.307 1733.004 1789.703 1801.462 1844.459 1895.609 1942.336 1994.822 2057.531 2112.394 2148.457 2183.609 2210.108 2228.784 2252.297 2269.682 2290.248 2300.859 2324.042 2345.2 2356.5 2350.192 2338.059 2305.781 2278.078 2262.496 2240.313 2224.552 2209.633 2208 2179.286 2119.524 2066.578 2010.276 1963.718 1930.781 1879.756
1193.82 1204.488 1213.169 1225.411 1231.697 1242.752 1243.669 1268.626 1290.501 1323.614 1354.833 1372.014 1389.018 1405.634 1420.69 1422.795 1426.366 1458.056 1488.848 1504.161 1510.54 1535.791 1586.377 1604.009 1613.187 1644.978 1684.769 1740.93 1766.943 1769.424 1846.659 1902.89 1943.327 1996.318 2037.4 2085.713 2125.932 2162.907 2185.484 2196.101 2211.421 2231.903 2257.21 2274.219 2288.868 2309.721 2320.356 2315.854 2292.962 2266.736 2235.777 2217.782 2209.66 2189.265 2164.98 2156.222 2140.809 2123.512 2078.917 2009.333 1941.92 1896.953 1847.025
1188.316 1193.155 1200.412 1209.798 1223.97 1220.775 1249.152 1279.72 1286.491 1324.254 1354.693 1368.467 1381.548 1393.599 1386.042 1397.91 1417.747 1445.648 1467.168 1465.398 1498.133 1534.92 1552.834 1579.255 1617.224 1642.509 1676.286 1739.852 1716.079 1755.505 1815.333 1871.062 1931.538 1995.942 2029.326 2062.215 2091.011 2120.268 2133.42 2157.595 2170.363 2191.533 2223.226 2241.489 2249.395 2262.034 2270.641 2265.27 2242.098 2216.973 2196.138 2177.508 2171.389 2156.106 2128.861 2109.755 2086.866 2083.86 2069.993 2017.243 1949.157 1893.503 1852.172
1174.936 1182.891 1189.144 1200.016 1207.672 1233.359 1257.216 1264.938 1277.577 1313.153 1341.766 1375.682 1354.442 1353.859 1375.124 1384.337 1412.688 1436.802 1454.012 1474.016 1482.427 1508.98 1552.5 1583.811 1618.767 1640.078 1675.194 1688.359 1691.609 1736.757 1785.344 1845.969 1895.344 1946.95 1979.234 2012.262 2041.724 2084.781 2106.724 2111.929 2123.016 2145.879 2198.871 2210.625 2212.795 2211.787 2234.438 2218.439 2190.417 2169.422 2152.795 2130.582 2120.219 2128.479 2109.007 2082.172 2067.781 2034.534 2016.438 2014.085 1948.058 1899.953 1852.936
1165.524 1171.823 1182.596 1188.825 1228.175 1243.532 1252.888 1263.644 1276.77 1284.807 1319.391 1332.934 1333.167 1351.97 1356.775 1395.711 1419.563 1440.484 1457.922 1458.664 1482.722 1525.045 1563.494 1592.104 1610.808 1630.218 1657.562 1664.432 1700.453 1729.601 1773.731 1824.703 1871.141 1908.516 1934.026 1968.279 2009.831 2051.924 2057.479 2073.238 2079.685 2111.018 2160.112 2169.565 2172.404 2170.523 2203.237 2167.508 2131.792 2131.586 2107.771 2087.373 2085.992 2100.606 2081.94 2066.896 2037.145 1998.4 1966.926 1960.768 1950.164 1892.385 1845.094
1154.349 1165.138 1173.206 1188.998 1204.007 1226.535 1238.682 1238.944 1253.722 1269.061 1286.065 1306.051 1313.853 1337.454 1378.069 1402.839 1426.133 1432.223 1432.817 1450.431 1457.469 1509.92 1543.289 1550.464 1598.801 1623.892 1610.436 1658.505 1675.607 1701.886 1742.9 1799.365 1825.967 1857.294 1897.79 1932.94 1970.784 1990.927 2000.716 2028.044 2064.058 2085.344 2127.959 2126.704 2127.628 2130.562 2164.636 2116.603 2074.996 2080.056 2073.07 2056.445 2037.68 2038.777 2049.409 2036.119 2006.936 1963.116 1926.759 1905.195 1889.7 1856.933 1810.996
1143.826 1154.5 1173.86 1183.465 1194.719 1205.9 1221.689 1240.344 1251.433 1270.659 1283.453 1296.77 1339.304 1361.016 1381.176 1400.473 1413.766 1414.826 1429.313 1426 1435.859 1480.34 1520.016 1548.753 1588.49 1589.281 1592.856 1632.81 1646.25 1675.678 1721.663 1759.078 1789.369 1825.487 1861.297 1916.438 1937.513 1943.766 1961.186 2015.469 2035.266 2050.571 2077.322 2080.047 2069.114 2082.037 2133.922 2081.586 2030.095 2011.375 2039.943 2013.741 2002.078 1973.946 2018.518 1998.328 1974.325 1934.589 1895.281 1874.674 1844.406 1815.906 1782.099
1148.567 1162.389 1171.097 1177.861 1186.821 1192.032 1218.809 1231.113 1241.111 1254.982 1288.829 1327.05 1342.808 1356.954 1375.694 1396.186 1383.858 1403.803 1394.61 1409.33 1431.953 1455.602 1491.06 1522.954 1560.827 1563.131 1600.629 1584.241 1606.969 1641.13 1694.819 1730.973 1764.385 1794.147 1833.008 1874.068 1906.31 1912.286 1942.999 1964.361 1993.249 2003.435 2022.591 2023.665 2022.127 2043.451 2099.421 2050.863 2000.556 1982.082 1995.73 1967.719 1932.785 1938.773 1952.137 1969.299 1939.397 1907.782 1878.095 1843.644 1809.832 1781.281 1746.423
1139.766 1148.555 1157.663 1170.931 1175.042 1198.372 1211.241 1214.807 1236.016 1276.352 1309.404 1324.052 1337.663 1356.995 1376.358 1364.448 1366.167 1372.748 1377.536 1389.188 1427.276 1453.346 1474.254 1500.201 1503.372 1549.981 1561.859 1562.438 1591.556 1625.341 1661.435 1684.664 1717.863 1757.813 1795.835 1828.499 1858.975 1878.495 1904.908 1922.434 1934.925 1955.178 1969.66 1962.056 1969.137 2006.106 2062.231 2038.519 1998.073 1963.698 1950.389 1934.745 1887.653 1892.21 1893.334 1937.042 1915.365 1889.653 1862.779 1822.758 1788.825 1763.594 1737.216
1132.909 1143.969 1151.06 1156.289 1167.781 1188.442 1199.188 1211.703 1245.081 1274.745 1298.047 1316.024 1328.693 1327.875 1308.09 1337.729 1355.563 1365.724 1376.755 1390.406 1407.605 1432.517 1448.422 1466.807 1490.888 1536.609 1536.483 1552.094 1576.563 1593.34 1639.144 1660.109 1662.814 1723.661 1766.641 1777.726 1801.933 1836.313 1860.661 1877.039 1885.516 1903.42 1929.526 1929.594 1931.12 1980.03 2017.672 2010.752 1964.655 1935.75 1917.678 1910.763 1884.656 1830.072 1847.288 1877.656 1892.883 1866.621 1840.984 1809.939 1773.962 1744.203 1728.586
1124.558 1129.596 1144.26 1157.414 1174.008 1187.514 1192.006 1229.673 1250.072 1264.651 1274.98 1286.458 1282.529 1303.341 1331.212 1333.603 1354.175 1367.603 1380.069 1391.14 1406.565 1426.952 1443.02 1446.492 1501.297 1515.166 1512.117 1533.275 1551.635 1572.621 1597.752 1612.545 1649.114 1693.317 1703.493 1717.701 1768.06 1793.999 1815.595 1834.959 1842.892 1855.073 1886.667 1900.943 1920.348 1960.771 1989.336 1970.322 1916.35 1876.723 1887.538 1871.239 1857.858 1815.684 1778.673 1808.634 1833.813 1823.613 1795.59 1782.46 1757.162 1708.226 1717.689
1120.909 1129.292 1142.681 1149.917 1159.83 1172.892 1208.637 1220.381 1236.495 1246.646 1246.249 1245.011 1270.844 1290.123 1306.001 1341.621 1353.613 1361.963 1380.718 1396.448 1406.94 1423.451 1429.415 1451.955 1472.844 1480.517 1490.265 1505.948 1519.523 1538.589 1572.738 1605.934 1622.922 1643.146 1659.821 1688.575 1720.986 1745.267 1771.322 1791.28 1797.405 1817.075 1842.695 1858.854 1894.687 1929.211 1943.176 1920.958 1863.613 1825.055 1820.717 1820.313 1817.033 1785.232 1723.969 1756.208 1781.481 1772.789 1736.978 1728.021 1723.102 1703.043 1669.872
1105.471 1120.531 1127.033 1137.146 1150.422 1157.366 1200.54 1207.797 1218.253 1206.52 1210.297 1271.623 1307.927 1332.516 1343.116 1357.155 1362.797 1378.871 1379.662 1392.844 1404.55 1413.249 1422.719 1442.73 1453.036 1461.547 1475.399 1490.745 1498.797 1522.918 1557.366 1579.188 1587.278 1603.549 1628.219 1654.766 1692.986 1723.234 1743.253 1760.694 1763.859 1782.608 1793.645 1830.281 1868.911 1876.492 1897.531 1872.248 1828.99 1795.75 1793.52 1782.28 1784.547 1769.416 1697.04 1717.031 1725.041 1730.775 1714.109 1673.538 1682.76 1632.516 1635.271
1103.074 1113.702 1123.149 1133.35 1136.948 1174.523 1184.503 1197.614 1185.227 1187.376 1257.697 1307.486 1369.149 1430.961 1442.784 1433.883 1442.318 1379.114 1382.759 1387.194 1397.184 1406.266 1410.105 1419.389 1433.57 1448.434 1465.716 1464.407 1494.291 1516.85 1527.219 1542.48 1558.989 1582.682 1611.716 1637.306 1673.21 1697.975 1711.16 1717.635 1743.909 1756.109 1764.075 1796.157 1846.31 1847.001 1851.238 1835.482 1796.126 1780.59 1753.553 1749.088 1740.825 1721.11 1684.624 1654.68 1676.198 1677.384 1679.976 1620.442 1633.962 1595.649 1568.266
1093.61 1101.043 1109.409 1131.462 1162.463 1170.825 1170.504 1179.041 1140.734 1206.548 1275.697 1335.217 1412.188 1466.334 1444.243 1436.013 1432.63 1381.934 1384.017 1385.872 1391.182 1398.9 1402.323 1412.84 1422.291 1434.435 1438.457 1458.518 1490.035 1475.458 1491.705 1508.211 1525.644 1563.203 1588.666 1619.247 1646.913 1661.698 1679.004 1698.451 1718.411 1704.778 1749.163 1777.678 1801.317 1823.935 1820.433 1776.86 1760.323 1747.503 1728.166 1713.879 1673.527 1696.859 1676.469 1597.873 1621.499 1613.958 1636.064 1617.018 1585.715 1561.285 1516.971
1081.784 1092.922 1096.774 1137.814 1149.609 1167.414 1154.485 1141.219 1139.97 1195.571 1253.063 1317.126 1403.519 1430.563 1443.611 1427.952 1419 1393.378 1384.844 1383.922 1386.92 1389.43 1393.25 1403.239 1406.558 1417.906 1416.771 1454.677 1466.516 1458.609 1461.74 1470.203 1513.648 1544.972 1575.578 1591.608 1598.279 1634.266 1635.523 1680.123 1683.953 1690.006 1716.668 1767.781 1769.007 1798.117 1771.109 1713.111 1706.086 1694.5 1685.503 1668.285 1642.078 1655.059 1638.616 1608.547 1567.711 1572.289 1588.219 1593.34 1542.448 1539.281 1510.759
1071.634 1088.554 1115.978 1135.004 1144.891 1140.022 1127.853 1122.114 1139.555 1159.906 1232.364 1280.957 1371.22 1389.399 1388.312 1352.955 1343.109 1333.652 1388.08 1384.525 1384.667 1381.049 1375.176 1376.387 1394.584 1400.506 1417.232 1438.188 1431.619 1429.274 1448.93 1462.943 1487.18 1525.06 1543.076 1557.331 1566.541 1592.326 1644.695 1645.35 1645.915 1657.613 1699.849 1731.567 1748.733 1799.24 1730.464 1670.965 1655.599 1643.753 1632.359 1611.755 1586.105 1599.949 1610.485 1580.003 1540.624 1535.207 1542.077 1574.195 1552.945 1488.11 1493.609
1069.985 1088.305 1108.477 1113.545 1115.784 1104.791 1110.499 1114.148 1119.67 1186.643 1243.608 1305.394 1374.741 1381.018 1347.503 1299.623 1286.667 1284.503 1343.507 1411.451 1377.904 1369.94 1361.023 1366.304 1382.63 1386.892 1398.125 1408.531 1409.921 1413.445 1413.914 1438.496 1470.748 1483.158 1498.027 1521.114 1537.581 1563.957 1596.87 1607.457 1619.024 1615.998 1673.418 1688.931 1681.888 1701.167 1731.343 1624.463 1596.997 1583.12 1570.262 1559.18 1531.664 1542.559 1551.808 1532.999 1508.071 1475.152 1504.585 1514.136 1526.957 1497.894 1438.353
1052.484 1062.203 1094.628 1092.894 1088.063 1098.011 1100.466 1111.359 1144.723 1223.381 1290.094 1349.362 1400.123 1396.797 1341.262 1260.309 1209.203 1252.925 1314.995 1348.438 1340.355 1360.762 1355.656 1358.31 1366.515 1374.453 1379.418 1398.146 1388.172 1403.034 1401.47 1413.438 1429.809 1454.437 1469.625 1495.333 1515.517 1519.266 1550.691 1567.615 1569.422 1580.492 1634.061 1646.719 1628.182 1610.97 1678.766 1625.911 1555.885 1534.703 1515.603 1528.598 1481.5 1479.498 1488.51 1482.141 1468.846 1447.576 1451.891 1461.616 1479.565 1478.047 1426.506
1038.455 1030.959 1087.262 1068.917 1081.483 1087.563 1089.448 1111.36 1179.844 1252.368 1304.375 1391.568 1434.752 1400.074 1326.855 1247.754 1210.622 1223.342 1280.134 1282.668 1295.289 1337.905 1339.289 1336.434 1345.96 1352.086 1357.578 1369.569 1374.586 1377.891 1382.261 1403.846 1420.487 1443.34 1456.248 1482.592 1488.631 1499.198 1511.854 1521.403 1531.74 1547.44 1589.238 1630.682 1614.723 1560.59 1602.403 1599.764 1536.208 1516.378 1475.68 1459.616 1421.456 1428.38 1436.468 1429.667 1428.932 1420.039 1413.395 1403.083 1421.642 1446.26 1427.356
1033.224 1031.716 1043.047 1057.466 1068.291 1077.095 1078.417 1119.401 1187.457 1274.748 1323.3 1372.984 1404.645 1387.528 1297.665 1220.266 1209.679 1214.128 1217.945 1246.701 1280.669 1307.191 1314.993 1308.827 1329.747 1333.675 1347.629 1347.139 1356.082 1358.421 1362.251 1402.364 1414.069 1427.776 1449.561 1459.794 1473.421 1465.14 1459.084 1488.398 1500.802 1515.73 1563.358 1612.122 1575.055 1511.885 1533.709 1523.393 1503.406 1462.842 1453.929 1429.026 1390.95 1377.381 1399.419 1398.837 1385.431 1380.987 1372.466 1364.178 1365.816 1418.672 1436.23
1017.263 1035.219 1044.243 1048.557 1057.531 1057.641 1066.802 1100.234 1167.34 1257.37 1297.906 1320.751 1338.405 1329.641 1290.196 1212.52 1214.391 1213.206 1217.411 1219.391 1243.08 1276.494 1290.75 1280.682 1298.925 1317.547 1322.918 1332.69 1333.109 1330.263 1349.272 1383.906 1389.355 1406.575 1424.406 1432.98 1428.234 1432.422 1435.078 1457.122 1465.422 1492.711 1536.468 1569.578 1542.535 1476.829 1483.188 1466.027 1454.347 1432.203 1431.839 1396.11 1372.125 1346.976 1378.237 1374.281 1352.499 1350.935 1338.422 1314.088 1334.131 1375.078 1396.799
1008.785 1023.737 1032.489 1039.193 1047.806 1053.546 1057.384 1101.466 1150.579 1239.307 1225.98 1249.452 1274.407 1286.729 1254.21 1205.641 1206.233 1213.999 1216.512 1223.062 1227.078 1263.159 1267.897 1273.285 1282.001 1296.959 1304.42 1311.663 1312.332 1308.781 1326.285 1354.152 1369.623 1380.427 1395.373 1399.13 1385.692 1394.924 1419.314 1437.953 1455.174 1473.339 1519.516 1527.802 1499.769 1461.096 1451.627 1418.33 1418.072 1402.74 1408.531 1373.485 1352.876 1343.932 1356.111 1351.488 1337.592 1317.499 1310.279 1294.947 1306.709 1330.199 1361.843
1016.902 1020.535 1026.455 1025.566 1031.933 1035.208 1028.953 1063.935 1094.253 1112.761 1126.134 1138.933 1155.808 1208.044 1186.267 1194.24 1199.881 1202.785 1208.484 1212.625 1221.235 1235.721 1250.731 1255.913 1259.446 1266.611 1278.331 1276.34 1284.854 1302.307 1313.315 1335.829 1350.156 1354.816 1360.83 1363.421 1362.336 1378.999 1392.312 1440.486 1436.027 1474.402 1453.177 1467.046 1479.877 1448.159 1433.667 1387.391 1384.034 1359.089 1384.208 1355.388 1334.218 1311.397 1325.669 1325.217 1299.097 1289.187 1287.198 1279.97 1281.783 1317.471 1328.558
1009.214 1014.797 1015.843 1025.802 1019.875 1029.692 1020.607 1022.109 1047.92 1064.019 1060.109 1091.535 1107.674 1143.531 1164.119 1176.122 1191.953 1195.45 1200.696 1202.563 1206.539 1215.858 1227.703 1238.096 1237.014 1244.172 1246.568 1246.507 1274.281 1284.098 1294.804 1312.016 1324.998 1324.232 1337.234 1343.012 1354.762 1351.438 1378.235 1396.168 1425.938 1456.325 1426.811 1444.406 1444.671 1429.756 1433.078 1376.783 1338.751 1351.844 1357.713 1356.806 1330.172 1304.646 1251.527 1300.25 1259.41 1256.329 1271.547 1253.748 1263.887 1290.297 1284.736
996.7848 1004.836 1006.519 1006.97 1009.188 1016.817 1015.213 1000.185 1011.345 1019.903 1044.661 1062.807 1091.466 1124.151 1150.51 1161.42 1171.035 1183.683 1187.31 1183.776 1192.055 1197.222 1204.159 1204.539 1213.049 1223.782 1223.046 1237.871 1254.359 1253.508 1271.406 1291.943 1296.565 1304.791 1324.333 1318.072 1333.23 1335.633 1361.369 1382.468 1401.644 1436.549 1407.64 1428.328 1425.006 1387.062 1403.745 1354.905 1307.826 1343.344 1337.494 1349.932 1308.833 1256.724 1218.083 1253.466 1243.662 1242.601 1252.513 1240.858 1247.661 1250.964 1273.022
989.6145 996.9114 996.9321 1000.639 1009.92 1004.239 1005.967 998.7257 1000.716 1019.774 1044.127 1066.682 1091.759 1123.974 1138.806 1149.557 1142.887 1158.238 1151.781 1164.922 1176.53 1173.294 1172.567 1180.005 1199.909 1199.392 1206.632 1220.547 1230.101 1238.074 1245.548 1263.395 1267.328 1289.069 1285.809 1293.253 1305.197 1324.898 1331.666 1336.27 1369.38 1414.989 1409.477 1423.246 1396.359 1350.053 1326.183 1312.688 1272.917 1330.731 1340.033 1326.779 1276.612 1218.285 1210.455 1196.075 1234.963 1231.863 1223.264 1231.271 1245.846 1237.001 1256.454
988.0012 993.1719 993.7575 993.3195 997.4688 994.0145 997.563 989.1875 998.9138 1015.536 1041.672 1067.685 1090.921 1109.703 1129.167 1141.385 1130.719 1130.809 1137.657 1145.078 1160.878 1154.973 1155.625 1167.439 1189.188 1180.766 1194.019 1200.273 1213.672 1214.066 1226.8 1238.078 1252.447 1264.831 1259.641 1278.562 1286.343 1295.469 1302.359 1299.802 1339.781 1399.651 1408.012 1387.563 1356.584 1326.015 1292.969 1246.165 1273.201 1305 1306.242 1302.434 1249 1197.037 1198.262 1185.563 1217.614 1224.444 1205.141 1212.373 1211.49 1210.781 1216.839
