Cone/input/cone1000DEM.asc
ncols            97
nrows            97
xllcorner           0.0000
yllcorner           0.0000
cellsize        43.3014
NODATA_value  -9999.0000
[rows 19 to 37 of 97, columns 0 to 43 of 97]
0.00000000000000 0.00000000000000 0.00000000000000 0.00000000000000 0.00000000000000 0.00000000000000 0.00000000000000 0.00000000000000 0.00000000000000 0.00000000000000 0.00000000000000 0.00000000000000 0.00000000000000 0.00000000000000 0.00000000000000 0.00000000000000 0.00000000000000 0.00000000000000 0.00000000000000 0.00000000000000 0.00000000000000 9.41936219205230 26.28289529247751 42.79051404616752 58.92348876406417 74.66222383391241 89.98626383993502 104.87431050159190 119.30425230957300 133.25320883201400 146.69759170619920 159.61318430141920 171.97524191604010 183.75861413427440 194.93789059476900 205.48757089646460 215.38225867623910 224.59687903645880 233.10691749110160 240.88867746555100 247.91955217543360 254.17830549118490 259.64535525195750 264.30305152189180
0.00000000000000 0.00000000000000 0.00000000000000 0.00000000000000 0.00000000000000 0.00000000000000 0.00000000000000 0.00000000000000 0.00000000000000 0.00000000000000 0.00000000000000 0.00000000000000 0.00000000000000 0.00000000000000 0.00000000000000 0.00000000000000 0.00000000000000 0.00000000000000 0.00000000000000 0.00000000000000 10.05050633883331 27.56748306116363 44.75134127285985 61.58378104382689 78.04555427071113 94.11645340032791 109.77530926175700 124.99999999999980 139.76747329573720 154.05378421556830 167.83415114533800 181.08303229203990 193.77422517014490 205.88099128657020 217.37620787507340 228.23254797834320 238.42268941360900 247.91955217543370 256.69656263407470 264.72794150736280 271.98901107194810 278.45651551690920 284.10894683618230 288.92686733360530
0.00000000000000 0.00000000000000 0.00000000000000 0.00000000000000 0.00000000000000 0.00000000000000 0.00000000000000 0.00000000000000 0.00000000000000 0.00000000000000 0.00000000000000 0.00000000000000 0.00000000000000 0.00000000000000 0.00000000000000 0.00000000000000 0.00000000000000 0.00000000000000 0.00000000000000 9.41936219205230 27.56748306116363 45.40584539816061 62.91675930043428 80.08152535129499 96.88040659057762 113.29260745158990 129.29626163659990 144.86843117564630 159.98511917942770 174.62129903904100 188.75096302060230 202.34719332280910 215.38225867623910 227.82773942597490 239.65468371272240 250.83379681141510 261.33566486529200 271.13101314433750 280.19099755560150 288.48752646211460 295.99360798356380 302.68371595093230 308.53416570303340 313.52348911270070
0.00000000000000 0.00000000000000 0.00000000000000 0.00000000000000 0.00000000000000 0.00000000000000 0.00000000000000 0.00000000000000 0.00000000000000 0.00000000000000 0.00000000000000 0.00000000000000 0.00000000000000 0.00000000000000 0.00000000000000 0.00000000000000 0.00000000000000 0.00000000000000 7.52833793603946 26.28289529247751 44.75134127285985 62.91675930043428 80.76118445748815 98.26556015642828 115.40969935229320 132.17225211451080 148.53068170367990 164.46125164657970 179.93902665716370 194.93789059476910 209.43058495790520 223.38877164954660 236.78312387631250 249.58344900981820 261.75884698832990 273.27790731256820 284.10894683618230 294.22028932534470 303.58058614079400 312.15917539011970 319.92647456322780 326.85439910818690 332.91679679368320 338.08988525631350
0.00000000000000 0.00000000000000 0.00000000000000 0.00000000000000 0.00000000000000 0.00000000000000 0.00000000000000 0.00000000000000 0.00000000000000 0.00000000000000 0.00000000000000 0.00000000000000 0.00000000000000 0.00000000000000 0.00000000000000 0.00000000000000 0.00000000000000 4.38461241300614 23.71879051166803 42.79051404616752 61.58378104382689 80.08152535129499 98.26556015642828 116.11652351681560 133.61382744182710 150.73561242684840 167.45870973266430 183.75861413427450 199.60947032089380 214.98407659462080 229.85390996253190 244.18917710845130 257.95889601720830 271.13101314433750 283.67256090527980 295.54985981973130 306.72876880689750 317.17498581261680 326.85439910818690 335.73348722067880 343.77976257966570 350.96225071264140 357.25199339087800 362.62256080090200
0.00000000000000 0.00000000000000 0.00000000000000 0.00000000000000 0.00000000000000 0.00000000000000 0.00000000000000 0.00000000000000 0.00000000000000 0.00000000000000 0.00000000000000 0.00000000000000 0.00000000000000 0.00000000000000 0.00000000000000 0.00000000000000 0.00000000000000 19.88521080436689 39.53136438507254 58.92348876406417 78.04555427071113 96.88040659057762 115.40969935229320 133.61382744182710 151.47186257614260 168.96149307026680 186.05897019501450 202.73906404490110 218.97503240933450 234.73860674930150 249.99999999999990 264.72794150736280 278.88974490720190 292.45141509575450 305.37780052750950 317.63279680219070 329.17960675006290 339.98106087779560 349.99999999999980 359.19971910118500 367.54446796632400 374.99999999999990 381.53415615735090 387.11746639343670
0.00000000000000 0.00000000000000 0.00000000000000 0.00000000000000 0.00000000000000 0.00000000000000 0.00000000000000 0.00000000000000 0.00000000000000 0.00000000000000 0.00000000000000 0.00000000000000 0.00000000000000 0.00000000000000 0.00000000000000 0.00000000000000 14.79697523809831 34.98704671906061 54.94709142820997 74.66222383391241 94.11645340032791 113.29260745158990 132.17225211451080 150.73561242684840 168.96149307026680 186.82720163547020 204.30847685802250 221.37942488012800 238.01246729359130 254.17830549118500 269.84590667448830 284.98251769624540 299.55371369390480 313.52348911270070 326.85439910818690 339.50775931885460 351.44391144635760 362.62256080090170 373.00318980077730 382.54554823857640 391.21021690570390 398.95923599143450 405.75678379976430 411.56988520300890
0.00000000000000 0.00000000000000 0.00000000000000 0.00000000000000 0.00000000000000 0.00000000000000 0.00000000000000 0.00000000000000 0.00000000000000 0.00000000000000 0.00000000000000 0.00000000000000 0.00000000000000 0.00000000000000 0.00000000000000 8.47339924740287 29.17560805261987 49.67110956258924 69.94623811308619 89.98626383993502 109.77530926175700 129.29626163659990 148.53068170367990 167.45870973266430 186.05897019501450 204.30847685802250 222.18254069479770 239.65468371272240 256.69656263407470 273.27790731256820 289.36647982240520 304.92806127710770 319.92647456322780 334.32365221528260 348.07975947973500 361.15338304096800 373.50179569291650 385.08130618755760 395.84770132027140 405.75678379976430 414.76500446401860 422.83018096924020 429.91228745043100 435.97429136607600
0.00000000000000 0.00000000000000 0.00000000000000 0.00000000000000 0.00000000000000 0.00000000000000 0.00000000000000 0.00000000000000 0.00000000000000 0.00000000000000 0.00000000000000 0.00000000000000 0.00000000000000 0.00000000000000 0.93793986559565 22.11963921960258 43.11703954976798 63.91773865754702 84.50832881997217 104.87431050159190 124.99999999999980 144.86843117564630 164.46125164657970 183.75861413427450 202.73906404490110 221.37942488012800 239.65468371272240 257.53787975412490 274.99999999999980 292.00988707468510 308.53416570303330 324.53719569468510 339.98106087779560 354.82560497180280 369.02852679380170 382.54554823857630 395.33066887760860 407.33652044351500 418.51483251934950 428.81701706020690 438.19487364389400 446.60140947053350 453.99175830396090 460.32417137692740
0.00000000000000 0.00000000000000 0.00000000000000 0.00000000000000 0.00000000000000 0.00000000000000 0.00000000000000 0.00000000000000 0.00000000000000 0.00000000000000 0.00000000000000 0.00000000000000 0.00000000000000 0.00000000000000 13.84585383419901 35.31093092126303 56.60188679433942 77.70666271516392 98.61218113400259 119.30425230957300 139.76747329573720 159.98511917942770 179.93902665716370 199.60947032089380 218.97503240933450 238.01246729359130 256.69656263407470 274.99999999999980 292.89321881345220 310.34428879331370 327.31879764631430 343.77976257966550 359.68757625671500 374.99999999999990 389.67221921331480 403.65697790617170 416.90481051546980 429.36438947433350 440.98300562505250 451.70719501346710 461.48351928654940 470.25949748957260 477.98467455447240 484.61179679779230
0.00000000000000 0.00000000000000 0.00000000000000 0.00000000000000 0.00000000000000 0.00000000000000 0.00000000000000 0.00000000000000 0.00000000000000 0.00000000000000 0.00000000000000 0.00000000000000 0.00000000000000 4.38461241300603 26.28289529247763 48.02836176701142 69.61029670358011 91.01705186510767 112.23595477176470 133.25320883201400 154.05378421556830 174.62129903904100 194.93789059476910 214.98407659462080 234.73860674930150 254.17830549118500 273.27790731256820 292.00988707468510 310.34428879331370 328.24855787277970 345.68738358487980 362.62256080090200 379.01288258128880 394.81407815448950 409.97881393970260 424.45677833893290 438.19487364389400 451.13753999749630 463.22723616040270 474.40509895928390 484.61179679779230 493.78858171708520 501.87852887071810 508.82793239028730
0.00000000000000 0.00000000000000 0.00000000000000 0.00000000000000 0.00000000000000 0.00000000000000 0.00000000000000 0.00000000000000 0.00000000000000 0.00000000000000 0.00000000000000 0.00000000000000 0.00000000000000 16.06656729227862 38.23079691643271 60.25269353937491 82.12201246570881 103.82758355325380 125.35721577320490 146.69759170619920 167.83415114533800 188.75096302060230 209.43058495790520 229.85390996253190 249.99999999999990 269.84590667448830 289.36647982240520 308.53416570303330 327.31879764631430 345.68738358487980 363.60389693210720 381.02907984300260 397.92027106038510 414.23127430700080 429.91228745043100 444.90991722063700 459.16730868040170 472.62442225677520 485.21849295064990 496.88470506254730 507.55710991019470 517.16980210430070 525.65835097474300 532.96145769326470
0.00000000000000 0.00000000000000 0.00000000000000 0.00000000000000 0.00000000000000 0.00000000000000 0.00000000000000 0.00000000000000 0.00000000000000 0.00000000000000 0.00000000000000 0.00000000000000 4.69853813028076 27.24617708281396 49.67110956258936 71.96444033647076 94.11645340032791 116.11652351681550 137.95301752166660 159.61318430141920 181.08303229203990 202.34719332280910 223.38877164954660 244.18917710845130 264.72794150736280 284.98251769624540 304.92806127710770 324.53719569468510 343.77976257966550 362.62256080090200 381.02907984300260 398.95923599143460 416.36912350356230 433.21079756226820 449.43211136136900 464.97663602418240 479.78369883287960 493.78858171708520 506.92292691709950 519.11539845821640 530.29264429860150 540.38059222874410 549.30609056700130 556.99887133326600
0.00000000000000 0.00000000000000 0.00000000000000 0.00000000000000 0.00000000000000 0.00000000000000 0.00000000000000 0.00000000000000 0.00000000000000 0.00000000000000 0.00000000000000 0.00000000000000 15.11421982038941 37.90592975530694 60.58528859720314 83.14395895538750 105.57280900008390 127.86182287437950 149.99999999999990 171.97524191604010 193.77422517014490 215.38225867623910 236.78312387631250 257.95889601720830 278.88974490720190 299.55371369390480 319.92647456322780 339.98106087779560 359.68757625671500 379.01288258128880 397.92027106038510 416.36912350356230 434.31457505076180 451.70719501346710 468.49270936326730 484.61179679779210 499.99999999999970 514.58780402630970 528.30094339716970 541.06100623285440 552.78640450004200 563.39377008567530 572.79981273412330 580.92363464399450
0.00000000000000 0.00000000000000 0.00000000000000 0.00000000000000 0.00000000000000 0.00000000000000 0.00000000000000 0.00000000000000 0.00000000000000 0.00000000000000 0.00000000000000 1.87676111614343 24.99999999999991 48.02836176701129 70.95479119689752 93.77155198040699 116.47014764638530 139.04123211387160 161.47450843757870 183.75861413427440 205.88099128657020 227.82773942597490 249.58344900981820 271.13101314433750 292.45141509575450 313.52348911270070 334.32365221528260 354.82560497180280 374.99999999999990 394.81407815448950 414.23127430700080 433.21079756226820 451.70719501346710 469.66991411008920 487.04288678292020 503.76416896801970 519.76568219253630 534.97311905654290 549.30609056700130 562.67860788660240 574.99999999999990 586.17636606882860 596.11263946491220 604.71529247895250
0.00000000000000 0.00000000000000 0.00000000000000 0.00000000000000 0.00000000000000 0.00000000000000 0.00000000000000 0.00000000000000 0.00000000000000 0.00000000000000 0.00000000000000 10.99797775737577 34.33960420860161 57.59615875146173 80.76118445748815 103.82758355325390 126.78754017135090 149.63243241525250 172.35273213765760 194.93789059476900 217.37620787507340 239.65468371272240 261.75884698832990 283.67256090527980 305.37780052750950 326.85439910818690 348.07975947973500 369.02852679380170 389.67221921331480 409.97881393970260 429.91228745043100 449.43211136136900 468.49270936326730 487.04288678292020 505.02525316941660 522.37567063642980 539.02277713535560 554.88765463087850 569.88373664786870 583.91707557266890 596.88711258507240 608.68810393753670 619.21134470680470 628.34828131703730
0.00000000000000 0.00000000000000 0.00000000000000 0.00000000000000 0.00000000000000 0.00000000000000 0.00000000000000 0.00000000000000 0.00000000000000 0.00000000000000 0.00000000000000 19.56642244362083 43.11703954976798 66.59226487027648 89.98626383993514 113.29260745159000 136.50419804147260 159.61318430141920 182.61086378640910 205.48757089646460 228.23254797834320 250.83379681141510 273.27790731256820 295.54985981973130 317.63279680219070 339.50775931885460 361.15338304096800 382.54554823857630 403.65697790617170 424.45677833893290 444.90991722063700 464.97663602418240 484.61179679779210 503.76416896801970 522.37567063642980 540.38059222874400 557.70484967614650 574.26534085183990 589.96951332858170 604.71529247895240 618.39156193815610 630.87942349416480 642.05447341809100 651.79029307039680
0.00000000000000 0.00000000000000 0.00000000000000 0.00000000000000 0.00000000000000 0.00000000000000 0.00000000000000 0.00000000000000 0.00000000000000 0.00000000000000 3.75705774143620 27.56748306116363 51.31670194948613 74.99999999999984 98.61218113400259 122.14750669602800 145.59962546824680 168.96149307026680 192.22527892982420 215.38225867623910 238.42268941360900 261.33566486529200 284.10894683618230 306.72876880689750 329.17960675006290 351.44391144635760 373.50179569291650 395.33066887760860 416.90481051546980 438.19487364389400 459.16730868040170 479.78369883287960 499.99999999999970 519.76568219253630 539.02277713535560 557.70484967614650 575.73593128807130 593.02948509750710 609.48751620466710 624.99999999999990 639.44487245360090 652.68890026375470 664.58980337503140 674.99999999999960
0.00000000000000 0.00000000000000 0.00000000000000 0.00000000000000 0.00000000000000 0.00000000000000 0.00000000000000 0.00000000000000 0.00000000000000 0.00000000000000 10.99797775737577 34.98704671906061 58.92348876406439 82.80318360779280 106.62158073971790 130.37364345369560 154.05378421556830 177.65578983007360 201.17273456647710 224.59687903645880 247.91955217543370 271.13101314433750 294.22028932534470 317.17498581261680 339.98106087779560 362.62256080090170 385.08130618755760 407.33652044351500 429.36438947433350 451.13753999749630 472.62442225677520 493.78858171708520 514.58780402630970 534.97311905654290 554.88765463087850 574.26534085183990 593.02948509750710 611.09127034739880 628.34828131703730 644.68323991120260 659.96323728161370 674.03987973986750 686.75089784645830 697.92385066013550
