Cone/input/cone1000DEM.asc
ncols            97
nrows            97
xllcorner           0.0000
yllcorner           0.0000
cellsize        43.3014
NODATA_value  -9999.0000
[rows 57 to 75 of 97, columns 44 to 87 of 97]
753.77855495509730 762.82917548737150 769.51138856767770 773.61537154656460 774.99999999999990 773.61537154656460 769.51138856767780 762.82917548737150 753.77855495509740 742.60924647532500 729.58365434020080 714.95614372521540 698.96013553019270 681.80194846605350 663.65939882315740 644.68323991120280 625.00000000000010 604.71529247895270 583.91707557266910 562.67860788660260 541.06100623285440 519.11539845821650 496.88470506254740 474.40509895928420 451.70719501346750 428.81701706020690 405.75678379976430 382.54554823857650 359.19971910118520 335.73348722067880 312.15917539012000 288.48752646211480 264.72794150736300 240.88867746555120 216.97701183170880 192.99938042155140 168.96149307026700 144.86843117564660 120.72473024655140 96.53445002036751 72.30123423602651 48.02836176701164 23.71879051166814 0.00000000000000
730.74175964327490 738.99233727723640 745.04902432036090 748.75310947197790 750.00000000000040 748.75310947197790 745.04902432036090 738.99233727723640 730.74175964327500 720.49150281252650 708.45240525773520 694.83610960665740 679.84378812835770 663.65939882315740 646.44660940672650 628.34828131703770 609.48751620466760 589.96951332858200 569.88373664786880 549.30609056700150 528.30094339716990 506.92292691709980 485.21849295065020 463.22723616040310 440.98300562505280 418.51483251934990 395.84770132027160 373.00318980077760 350.00000000000010 326.85439910818700 303.58058614079420 280.19099755560180 256.69656263407490 233.10691749110180 209.43058495790540 185.67512625488350 161.84726928798950 137.95301752166690 113.99774266653270 89.98626383993546 65.92291538653005 41.81160516316018 17.65586478057501 0.00000000000000
707.38250223200950 714.95614372521570 720.49150281252650 723.86597457031860 725.00000000000010 723.86597457031860 720.49150281252650 714.95614372521570 707.38250223200960 697.92385066013600 686.75089784645840 674.03987973986790 659.96323728161390 644.68323991120280 628.34828131703770 611.09127034739900 593.02948509750750 574.26534085184020 554.88765463087870 534.97311905654320 514.58780402631010 493.78858171708560 472.62442225677560 451.13753999749650 429.36438947433380 407.33652044351520 385.08130618755800 362.62256080090200 339.98106087779570 317.17498581261690 294.22028932534500 271.13101314433770 247.91955217543400 224.59687903645900 201.17273456647720 177.65578983007370 154.05378421556850 130.37364345369600 106.62158073971830 82.80318360779315 58.92348876406460 34.98704671906105 10.99797775737588 0.00000000000000
683.77223398316210 690.76707807867560 695.86187348508920 698.96013553019270 700.00000000000040 698.96013553019280 695.86187348508920 690.76707807867570 683.77223398316220 675.00000000000010 664.58980337503170 652.68890026375500 639.44487245360130 625.00000000000010 609.48751620466760 593.02948509750750 575.73593128807170 557.70484967614690 539.02277713535560 519.76568219253640 500.00000000000000 479.78369883287990 459.16730868040190 438.19487364389440 416.90481051547010 395.33066887760890 373.50179569291670 351.44391144635770 329.17960675006320 306.72876880689770 284.10894683618260 261.33566486529220 238.42268941360930 215.38225867623930 192.22527892982460 168.96149307026710 145.59962546824690 122.14750669602840 98.61218113400282 75.00000000000017 51.31670194948635 27.56748306116386 3.75705774143631 0.00000000000000
659.96323728161390 666.45839839684170 671.17633905085250 674.03987973986790 675.00000000000000 674.03987973986790 671.17633905085250 666.45839839684170 659.96323728161390 651.79029307039720 642.05447341809130 630.87942349416510 618.39156193815630 604.71529247895270 589.96951332858200 574.26534085184020 557.70484967614690 540.38059222874430 522.37567063643010 503.76416896801990 484.61179679779240 464.97663602418280 444.90991722063720 424.45677833893320 403.65697790617210 382.54554823857680 361.15338304096810 339.50775931885470 317.63279680219100 295.54985981973150 273.27790731256850 250.83379681141540 228.23254797834360 205.48757089646510 182.61086378640930 159.61318430141960 136.50419804147280 113.29260745159020 89.98626383993535 66.59226487027669 43.11703954976831 19.56642244362128 0.00000000000000 0.00000000000000
635.99450553597410 642.05447341809130 646.44660940672620 649.10827880954520 650.00000000000010 649.10827880954520 646.44660940672620 642.05447341809130 635.99450553597410 628.34828131703750 619.21134470680470 608.68810393753690 596.88711258507260 583.91707557266910 569.88373664786880 554.88765463087870 539.02277713535560 522.37567063643010 505.02525316941680 487.04288678292030 468.49270936326760 449.43211136136910 429.91228745043120 409.97881393970270 389.67221921331510 369.02852679380190 348.07975947973520 326.85439910818700 305.37780052751000 283.67256090527990 261.75884698833020 239.65468371272280 217.37620787507380 194.93789059476920 172.35273213765770 149.63243241525270 126.78754017135100 103.82758355325430 80.76118445748836 57.59615875146196 34.33960420860183 10.99797775737599 0.00000000000000 0.00000000000000
611.89563259349940 617.57353648054120 621.68135123946110 624.16759054067730 625.00000000000000 624.16759054067730 621.68135123946110 617.57353648054130 611.89563259349940 604.71529247895270 596.11263946491240 586.17636606882890 575.00000000000000 562.67860788660260 549.30609056700150 534.97311905654320 519.76568219253640 503.76416896801990 487.04288678292030 469.66991411008940 451.70719501346750 433.21079756226850 414.23127430700110 394.81407815449000 375.00000000000010 354.82560497180300 334.32365221528270 313.52348911270100 292.45141509575470 271.13101314433750 249.58344900981840 227.82773942597510 205.88099128657050 183.75861413427460 161.47450843757900 139.04123211387190 116.47014764638540 93.77155198040722 70.95479119689784 48.02836176701164 25.00000000000013 1.87676111614365 0.00000000000000 0.00000000000000
587.68943743823400 593.02948509750730 596.88711258507260 599.21951145296490 600.00000000000000 599.21951145296490 596.88711258507260 593.02948509750730 587.68943743823400 580.92363464399480 572.79981273412340 563.39377008567540 552.78640450004200 541.06100623285440 528.30094339716990 514.58780402631010 500.00000000000000 484.61179679779240 468.49270936326760 451.70719501346750 434.31457505076190 416.36912350356250 397.92027106038530 379.01288258128910 359.68757625671520 339.98106087779570 319.92647456322790 299.55371369390500 278.88974490720220 257.95889601720850 236.78312387631270 215.38225867623930 193.77422517014520 171.97524191604040 150.00000000000000 127.86182287437960 105.57280900008400 83.14395895538773 60.58528859720336 37.90592975530738 15.11421982038963 0.00000000000000 0.00000000000000 0.00000000000000
563.39377008567570 568.43308745919860 572.06893078440800 574.26534085184030 575.00000000000040 574.26534085184030 572.06893078440800 568.43308745919860 563.39377008567570 556.99887133326650 549.30609056700150 540.38059222874440 530.29264429860180 519.11539845821650 506.92292691709980 493.78858171708560 479.78369883287990 464.97663602418280 449.43211136136910 433.21079756226850 416.36912350356250 398.95923599143490 381.02907984300290 362.62256080090210 343.77976257966600 324.53719569468530 304.92806127710810 284.98251769624560 264.72794150736300 244.18917710845140 223.38877164954690 202.34719332280940 181.08303229204030 159.61318430141970 137.95301752166680 116.11652351681570 94.11645340032823 71.96444033647099 49.67110956258969 27.24617708281429 4.69853813028098 0.00000000000000 0.00000000000000 0.00000000000000
539.02277713535560 543.79281022763370 547.23074309312940 549.30609056700150 550.00000000000040 549.30609056700150 547.23074309312940 543.79281022763370 539.02277713535580 532.96145769326500 525.65835097474340 517.16980210430110 507.55710991019500 496.88470506254740 485.21849295065020 472.62442225677560 459.16730868040190 444.90991722063720 429.91228745043120 414.23127430700110 397.92027106038530 381.02907984300290 363.60389693210750 345.68738358488020 327.31879764631470 308.53416570303360 289.36647982240540 269.84590667448850 250.00000000000020 229.85390996253190 209.43058495790550 188.75096302060270 167.83415114533840 146.69759170619950 125.35721577320510 103.82758355325420 82.12201246570903 60.25269353937523 38.23079691643295 16.06656729227884 0.00000000000000 0.00000000000000 0.00000000000000 0.00000000000000
514.58780402631020 519.11539845821650 522.37567063643020 524.34256023898910 525.00000000000010 524.34256023898910 522.37567063643020 519.11539845821670 514.58780402631020 508.82793239028780 501.87852887071820 493.78858171708550 484.61179679779270 474.40509895928420 463.22723616040310 451.13753999749650 438.19487364389440 424.45677833893320 409.97881393970270 394.81407815449000 379.01288258128910 362.62256080090210 345.68738358488020 328.24855787278010 310.34428879331420 292.00988707468530 273.27790731256850 254.17830549118530 234.73860674930170 214.98407659462100 194.93789059476940 174.62129903904130 154.05378421556870 133.25320883201440 112.23595477176500 91.01705186510801 69.61029670358032 48.02836176701176 26.28289529247796 4.38461241300636 0.00000000000000 0.00000000000000 0.00000000000000 0.00000000000000
490.09804864072170 494.40628959608300 497.50621894395560 499.37539013748060 500.00000000000010 499.37539013748060 497.50621894395560 494.40628959608300 490.09804864072170 484.61179679779270 477.98467455447270 470.25949748957290 461.48351928654970 451.70719501346750 440.98300562505280 429.36438947433380 416.90481051547010 403.65697790617210 389.67221921331510 375.00000000000010 359.68757625671520 343.77976257966600 327.31879764631470 310.34428879331420 292.89321881345270 275.00000000000010 256.69656263407490 238.01246729359160 218.97503240933470 199.60947032089390 179.93902665716400 159.98511917942810 139.76747329573760 119.30425230957330 98.61218113400273 77.70666271516435 56.60188679433975 35.31093092126336 13.84585383419912 0.00000000000000 0.00000000000000 0.00000000000000 0.00000000000000 0.00000000000000
465.56104183920130 469.66991411008940 472.62442225677540 474.40509895928410 475.00000000000010 474.40509895928410 472.62442225677550 469.66991411008950 465.56104183920130 460.32417137692750 453.99175830396120 446.60140947053370 438.19487364389430 428.81701706020690 418.51483251934990 407.33652044351520 395.33066887760890 382.54554823857680 369.02852679380190 354.82560497180300 339.98106087779570 324.53719569468530 308.53416570303360 292.00988707468530 275.00000000000010 257.53787975412520 239.65468371272270 221.37942488012830 202.73906404490140 183.75861413427460 164.46125164658000 144.86843117564660 125.00000000000010 104.87431050159230 84.50832881997240 63.91773865754735 43.11703954976820 22.11963921960280 0.93793986559598 0.00000000000000 0.00000000000000 0.00000000000000 0.00000000000000 0.00000000000000
440.98300562505260 444.90991722063710 447.73194914063690 449.43211136136910 450.00000000000010 449.43211136136910 447.73194914063710 444.90991722063710 440.98300562505260 435.97429136607610 429.91228745043110 422.83018096924030 414.76500446401880 405.75678379976430 395.84770132027160 385.08130618755800 373.50179569291670 361.15338304096810 348.07975947973520 334.32365221528270 319.92647456322790 304.92806127710810 289.36647982240540 273.27790731256850 256.69656263407490 239.65468371272270 222.18254069479780 204.30847685802260 186.05897019501470 167.45870973266440 148.53068170368010 129.29626163660020 109.77530926175740 89.98626383993525 69.94623811308642 49.67110956258936 29.17560805262009 8.47339924740309 0.00000000000000 0.00000000000000 0.00000000000000 0.00000000000000 0.00000000000000 0.00000000000000
416.36912350356240 420.12932476283980 422.83018096924020 424.45677833893310 425.00000000000010 424.45677833893310 422.83018096924030 420.12932476283980 416.36912350356240 411.56988520300900 405.75678379976430 398.95923599143470 391.21021690570400 382.54554823857650 373.00318980077760 362.62256080090200 351.44391144635770 339.50775931885470 326.85439910818700 313.52348911270100 299.55371369390500 284.98251769624560 269.84590667448850 254.17830549118530 238.01246729359160 221.37942488012830 204.30847685802260 186.82720163547040 168.96149307026710 150.73561242684850 132.17225211451110 113.29260745159020 94.11645340032823 74.66222383391264 54.94709142821008 34.98704671906094 14.79697523809853 0.00000000000000 0.00000000000000 0.00000000000000 0.00000000000000 0.00000000000000 0.00000000000000 0.00000000000000
391.72374697017810 395.33066887760880 397.92027106038520 399.47939252678440 400.00000000000000 399.47939252678440 397.92027106038530 395.33066887760890 391.72374697017810 387.11746639343690 381.53415615735100 375.00000000000010 367.54446796632420 359.19971910118520 350.00000000000010 339.98106087779570 329.17960675006320 317.63279680219100 305.37780052751000 292.45141509575470 278.88974490720220 264.72794150736300 250.00000000000020 234.73860674930170 218.97503240933470 202.73906404490140 186.05897019501470 168.96149307026710 151.47186257614310 133.61382744182730 115.40969935229360 96.88040659057807 78.04555427071136 58.92348876406450 39.53136438507276 19.88521080436711 0.00000000000000 0.00000000000000 0.00000000000000 0.00000000000000 0.00000000000000 0.00000000000000 0.00000000000000 0.00000000000000
367.05055494139190 370.51608439929140 373.00318980077730 374.50019984015970 375.00000000000000 374.50019984015990 373.00318980077740 370.51608439929140 367.05055494139190 362.62256080090200 357.25199339087800 350.96225071264140 343.77976257966570 335.73348722067880 326.85439910818700 317.17498581261690 306.72876880689770 295.54985981973150 283.67256090527990 271.13101314433750 257.95889601720850 244.18917710845140 229.85390996253190 214.98407659462100 199.60947032089390 183.75861413427460 167.45870973266440 150.73561242684850 133.61382744182730 116.11652351681560 98.26556015642840 80.08152535129520 61.58378104382701 42.79051404616763 23.71879051166814 4.38461241300614 0.00000000000000 0.00000000000000 0.00000000000000 0.00000000000000 0.00000000000000 0.00000000000000 0.00000000000000 0.00000000000000
342.35267810170490 345.68738358488020 348.07975947973520 349.51940843711570 350.00000000000020 349.51940843711580 348.07975947973540 345.68738358488020 342.35267810170490 338.08988525631380 332.91679679368350 326.85439910818710 319.92647456322800 312.15917539012000 303.58058614079420 294.22028932534500 284.10894683618260 273.27790731256850 261.75884698833020 249.58344900981840 236.78312387631270 223.38877164954690 209.43058495790550 194.93789059476940 179.93902665716400 164.46125164658000 148.53068170368010 132.17225211451110 115.40969935229360 98.26556015642840 80.76118445748850 62.91675930043472 44.75134127286018 26.28289529247774 7.52833793603969 0.00000000000000 0.00000000000000 0.00000000000000 0.00000000000000 0.00000000000000 0.00000000000000 0.00000000000000 0.00000000000000 0.00000000000000
317.63279680219110 320.84611463969400 323.15068146595600 324.53719569468530 325.00000000000020 324.53719569468530 323.15068146595600 320.84611463969400 317.63279680219110 313.52348911270110 308.53416570303360 302.68371595093250 295.99360798356400 288.48752646211480 280.19099755560180 271.13101314433770 261.33566486529220 250.83379681141540 239.65468371272280 227.82773942597510 215.38225867623930 202.34719332280940 188.75096302060270 174.62129903904130 159.98511917942810 144.86843117564660 129.29626163660020 113.29260745159020 96.88040659057807 80.08152535129520 62.91675930043472 45.40584539816106 27.56748306116397 9.41936219205264 0.00000000000000 0.00000000000000 0.00000000000000 0.00000000000000 0.00000000000000 0.00000000000000 0.00000000000000 0.00000000000000 0.00000000000000 0.00000000000000
