Cone/input/cone1000DEM.asc
ncols            97
nrows            97
xllcorner           0.0000
yllcorner           0.0000
cellsize        43.3014
NODATA_value  -9999.0000
[rows 38 to 56 of 97, columns 0 to 43 of 97]
0.00000000000000 0.00000000000000 0.00000000000000 0.00000000000000 0.00000000000000 0.00000000000000 0.00000000000000 0.00000000000000 0.00000000000000 0.00000000000000 17.65586478057490 41.81160516315996 65.92291538652972 89.98626383993514 113.99774266653240 137.95301752166660 161.84726928798930 185.67512625488340 209.43058495790500 233.10691749110160 256.69656263407470 280.19099755560150 303.58058614079400 326.85439910818690 349.99999999999980 373.00318980077730 395.84770132027140 418.51483251934950 440.98300562505250 463.22723616040270 485.21849295064990 506.92292691709950 528.30094339716970 549.30609056700130 569.88373664786870 589.96951332858170 609.48751620466710 628.34828131703730 646.44660940672600 663.65939882315720 679.84378812835750 694.83610960665730 708.45240525773500 720.49150281252620
0.00000000000000 0.00000000000000 0.00000000000000 0.00000000000000 0.00000000000000 0.00000000000000 0.00000000000000 0.00000000000000 0.00000000000000 0.00000000000000 23.71879051166814 48.02836176701129 72.30123423602630 96.53445002036730 120.72473024655130 144.86843117564650 168.96149307026680 192.99938042155120 216.97701183170860 240.88867746555100 264.72794150736280 288.48752646211460 312.15917539011970 335.73348722067880 359.19971910118500 382.54554823857640 405.75678379976430 428.81701706020690 451.70719501346710 474.40509895928390 496.88470506254730 519.11539845821640 541.06100623285440 562.67860788660240 583.91707557266890 604.71529247895240 624.99999999999990 644.68323991120260 663.65939882315720 681.80194846605350 698.96013553019260 714.95614372521540 729.58365434020080 742.60924647532490
0.00000000000000 0.00000000000000 0.00000000000000 0.00000000000000 0.00000000000000 0.00000000000000 0.00000000000000 0.00000000000000 0.00000000000000 4.69853813028076 29.17560805262009 53.62533846261487 78.04555427071113 102.43384644918780 126.78754017135100 151.10365768251770 175.37887487646760 199.60947032089380 223.79126518699870 247.91955217543360 271.98901107194810 295.99360798356380 319.92647456322780 343.77976257966570 367.54446796632400 391.21021690570390 414.76500446401860 438.19487364389400 461.48351928654940 484.61179679779230 507.55710991019470 530.29264429860150 552.78640450004200 574.99999999999990 596.88711258507240 618.39156193815610 639.44487245360090 659.96323728161370 679.84378812835750 698.96013553019260 717.15728752538070 734.24635468163370 749.99999999999960 764.15047169858470
0.00000000000000 0.00000000000000 0.00000000000000 0.00000000000000 0.00000000000000 0.00000000000000 0.00000000000000 0.00000000000000 0.00000000000000 9.41936219205242 34.01604568191718 58.59148081186339 83.14395895538750 107.67158512126260 132.17225211451100 156.64361032834990 181.08303229203980 205.48757089646460 229.85390996253170 254.17830549118490 278.45651551690920 302.68371595093230 326.85439910818690 350.96225071264140 374.99999999999990 398.95923599143450 422.83018096924020 446.60140947053350 470.25949748957260 493.78858171708520 517.16980210430070 540.38059222874410 563.39377008567530 586.17636606882860 608.68810393753670 630.87942349416480 652.68890026375470 674.03987973986750 694.83610960665730 714.95614372521540 734.24635468163370 752.51262658470810 769.51138856767760 784.94186832393420
0.00000000000000 0.00000000000000 0.00000000000000 0.00000000000000 0.00000000000000 0.00000000000000 0.00000000000000 0.00000000000000 0.00000000000000 13.52901715255705 38.23079691643271 62.91675930043428 87.58562045526698 112.23595477176470 136.86617491839660 161.47450843757880 186.05897019501450 210.61732980765270 235.14707296108210 259.64535525195750 284.10894683618230 308.53416570303340 332.91679679368320 357.25199339087800 381.53415615735090 405.75678379976430 429.91228745043100 453.99175830396090 477.98467455447240 501.87852887071810 525.65835097474300 549.30609056700130 572.79981273412330 596.11263946491220 619.21134470680470 642.05447341809100 664.58980337503140 686.75089784645830 708.45240525773500 729.58365434020080 749.99999999999960 769.51138856767760 787.86796564403560 804.74375810233350
0.00000000000000 0.00000000000000 0.00000000000000 0.00000000000000 0.00000000000000 0.00000000000000 0.00000000000000 0.00000000000000 0.00000000000000 17.01983743312485 41.81160516315996 66.59226487027648 91.36090773068750 116.11652351681550 140.85798612802090 165.58403658606810 190.29326296491740 214.98407659462080 239.65468371272240 264.30305152189180 288.92686733360530 313.52348911270070 338.08988525631350 362.62256080090200 387.11746639343670 411.56988520300890 435.97429136607600 460.32417137692740 484.61179679779230 508.82793239028730 532.96145769326470 556.99887133326600 580.92363464399450 604.71529247895250 628.34828131703730 651.79029307039680 674.99999999999960 697.92385066013550 720.49150281252620 742.60924647532490 764.15047169858470 784.94186832393420 804.74375810233350 823.22330470336290
0.00000000000000 0.00000000000000 0.00000000000000 0.00000000000000 0.00000000000000 0.00000000000000 0.00000000000000 0.00000000000000 0.00000000000000 19.88521080436689 44.75134127285996 69.61029670358011 94.46148618625825 119.30425230957310 144.13786156881550 168.96149307026700 193.77422517014490 218.57501959561070 243.36270247892220 268.13594158477740 292.89321881345230 317.63279680219090 342.35267810170470 367.05055494139190 391.72374697017780 416.36912350356230 440.98300562505250 465.56104183920100 490.09804864072140 514.58780402630970 539.02277713535560 563.39377008567540 587.68943743823380 611.89563259349930 635.99450553597400 659.96323728161370 683.77223398316170 707.38250223200930 730.74175964327470 753.77855495509730 776.39320225002080 798.44355629253620 819.72243622680040 839.92189406417860
0.00000000000000 0.00000000000000 0.00000000000000 0.00000000000000 0.00000000000000 0.00000000000000 0.00000000000000 0.00000000000000 0.00000000000000 22.11963921960258 47.04407237270415 71.96444033647064 96.88040659057773 121.79159648748510 146.69759170619930 171.59792371095540 196.49206600059000 221.37942488012800 246.25932841593320 271.13101314433720 295.99360798356380 320.84611463969360 345.68738358487980 370.51608439929140 395.33066887760860 420.12932476283980 444.90991722063700 469.66991411008920 494.40628959608280 519.11539845821630 543.79281022763330 568.43308745919830 593.02948509750720 617.57353648054090 642.05447341809110 666.45839839684160 690.76707807867520 714.95614372521540 738.99233727723630 762.82917548737150 786.39990636706160 809.60567235340210 832.29490168751570 854.22620262886730
0.00000000000000 0.00000000000000 0.00000000000000 0.00000000000000 0.00000000000000 0.00000000000000 0.00000000000000 0.00000000000000 0.00000000000000 23.71879051166803 48.68512047797757 73.64963431755467 98.61218113400259 123.57259285209470 148.53068170367990 173.48623725917310 198.43902290593000 223.38877164954650 248.33518108135450 273.27790731256820 298.21655761908980 323.15068146595560 348.07975947973500 373.00318980077730 397.92027106038510 422.83018096924000 447.73194914063690 472.62442225677510 497.50621894395520 522.37567063642980 547.23074309312910 572.06893078440780 596.88711258507240 621.68135123946100 646.44660940672610 671.17633905085220 695.86187348508880 720.49150281252620 745.04902432036070 769.51138856767770 793.84471871911680 817.99725276798710 841.88611699158110 865.37087982163730
0.00000000000000 0.00000000000000 0.00000000000000 0.00000000000000 0.00000000000000 0.00000000000000 0.00000000000000 0.00000000000000 0.00000000000000 24.67953984344184 49.67110956258936 74.66222383391252 99.65284473154457 124.64292999942020 149.63243241525260 174.62129903904110 199.60947032089380 224.59687903645880 249.58344900981820 274.56909357265440 299.55371369390480 324.53719569468510 349.51940843711560 374.50019984015970 399.47939252678420 424.45677833893300 449.43211136136900 474.40509895928380 499.37539013748020 524.34256023898880 549.30609056700130 574.26534085183990 599.21951145296490 624.16759054067710 649.10827880954490 674.03987973986750 698.96013553019250 723.86597457031840 748.75310947197780 773.61537154656460 798.44355629253620 823.22330470336310 847.93093674254450 872.52451216018030
0.00000000000000 0.00000000000000 0.00000000000000 0.00000000000000 0.00000000000000 0.00000000000000 0.00000000000000 0.00000000000000 0.00000000000000 24.99999999999991 49.99999999999995 74.99999999999984 99.99999999999989 124.99999999999990 149.99999999999990 174.99999999999990 199.99999999999990 224.99999999999990 249.99999999999990 274.99999999999980 299.99999999999980 325.00000000000000 350.00000000000000 375.00000000000000 399.99999999999990 424.99999999999990 449.99999999999990 474.99999999999990 499.99999999999990 524.99999999999990 549.99999999999990 575.00000000000000 599.99999999999990 624.99999999999990 649.99999999999990 674.99999999999960 699.99999999999990 724.99999999999990 750.00000000000000 774.99999999999990 799.99999999999960 825.00000000000000 849.99999999999980 874.99999999999980
0.00000000000000 0.00000000000000 0.00000000000000 0.00000000000000 0.00000000000000 0.00000000000000 0.00000000000000 0.00000000000000 0.00000000000000 24.67953984344184 49.67110956258936 74.66222383391252 99.65284473154457 124.64292999942020 149.63243241525260 174.62129903904110 199.60947032089380 224.59687903645880 249.58344900981820 274.56909357265440 299.55371369390490 324.53719569468510 349.51940843711560 374.50019984015990 399.47939252678420 424.45677833893300 449.43211136136900 474.40509895928380 499.37539013748020 524.34256023898880 549.30609056700130 574.26534085183990 599.21951145296490 624.16759054067710 649.10827880954520 674.03987973986750 698.96013553019250 723.86597457031840 748.75310947197780 773.61537154656460 798.44355629253620 823.22330470336310 847.93093674254450 872.52451216018030
0.00000000000000 0.00000000000000 0.00000000000000 0.00000000000000 0.00000000000000 0.00000000000000 0.00000000000000 0.00000000000000 0.00000000000000 23.71879051166803 48.68512047797757 73.64963431755467 98.61218113400259 123.57259285209470 148.53068170367990 173.48623725917310 198.43902290593010 223.38877164954650 248.33518108135450 273.27790731256820 298.21655761909000 323.15068146595570 348.07975947973510 373.00318980077740 397.92027106038510 422.83018096924020 447.73194914063690 472.62442225677520 497.50621894395540 522.37567063642980 547.23074309312910 572.06893078440780 596.88711258507240 621.68135123946100 646.44660940672610 671.17633905085220 695.86187348508880 720.49150281252630 745.04902432036070 769.51138856767780 793.84471871911680 817.99725276798710 841.88611699158110 865.37087982163730
0.00000000000000 0.00000000000000 0.00000000000000 0.00000000000000 0.00000000000000 0.00000000000000 0.00000000000000 0.00000000000000 0.00000000000000 22.11963921960258 47.04407237270415 71.96444033647064 96.88040659057773 121.79159648748510 146.69759170619930 171.59792371095540 196.49206600059000 221.37942488012820 246.25932841593320 271.13101314433750 295.99360798356380 320.84611463969360 345.68738358487990 370.51608439929140 395.33066887760860 420.12932476283980 444.90991722063700 469.66991411008920 494.40628959608280 519.11539845821640 543.79281022763330 568.43308745919830 593.02948509750720 617.57353648054090 642.05447341809120 666.45839839684160 690.76707807867540 714.95614372521540 738.99233727723630 762.82917548737150 786.39990636706170 809.60567235340210 832.29490168751590 854.22620262886750
0.00000000000000 0.00000000000000 0.00000000000000 0.00000000000000 0.00000000000000 0.00000000000000 0.00000000000000 0.00000000000000 0.00000000000000 19.88521080436689 44.75134127285996 69.61029670358011 94.46148618625825 119.30425230957310 144.13786156881550 168.96149307026700 193.77422517014490 218.57501959561070 243.36270247892220 268.13594158477740 292.89321881345230 317.63279680219090 342.35267810170470 367.05055494139190 391.72374697017780 416.36912350356230 440.98300562505250 465.56104183920110 490.09804864072140 514.58780402630970 539.02277713535560 563.39377008567540 587.68943743823380 611.89563259349930 635.99450553597410 659.96323728161370 683.77223398316200 707.38250223200930 730.74175964327480 753.77855495509740 776.39320225002100 798.44355629253630 819.72243622680040 839.92189406417860
0.00000000000000 0.00000000000000 0.00000000000000 0.00000000000000 0.00000000000000 0.00000000000000 0.00000000000000 0.00000000000000 0.00000000000000 17.01983743312485 41.81160516315996 66.59226487027648 91.36090773068750 116.11652351681550 140.85798612802090 165.58403658606810 190.29326296491760 214.98407659462080 239.65468371272250 264.30305152189180 288.92686733360530 313.52348911270090 338.08988525631370 362.62256080090200 387.11746639343680 411.56988520300900 435.97429136607610 460.32417137692740 484.61179679779230 508.82793239028740 532.96145769326500 556.99887133326630 580.92363464399450 604.71529247895250 628.34828131703740 651.79029307039690 674.99999999999960 697.92385066013570 720.49150281252630 742.60924647532500 764.15047169858490 784.94186832393420 804.74375810233370 823.22330470336310
0.00000000000000 0.00000000000000 0.00000000000000 0.00000000000000 0.00000000000000 0.00000000000000 0.00000000000000 0.00000000000000 0.00000000000000 13.52901715255705 38.23079691643271 62.91675930043428 87.58562045526698 112.23595477176470 136.86617491839660 161.47450843757880 186.05897019501450 210.61732980765270 235.14707296108210 259.64535525195750 284.10894683618230 308.53416570303340 332.91679679368320 357.25199339087800 381.53415615735090 405.75678379976430 429.91228745043100 453.99175830396090 477.98467455447240 501.87852887071810 525.65835097474300 549.30609056700130 572.79981273412340 596.11263946491220 619.21134470680470 642.05447341809110 664.58980337503140 686.75089784645830 708.45240525773500 729.58365434020080 750.00000000000000 769.51138856767770 787.86796564403570 804.74375810233370
0.00000000000000 0.00000000000000 0.00000000000000 0.00000000000000 0.00000000000000 0.00000000000000 0.00000000000000 0.00000000000000 0.00000000000000 9.41936219205242 34.01604568191718 58.59148081186339 83.14395895538750 107.67158512126260 132.17225211451100 156.64361032834990 181.08303229203980 205.48757089646470 229.85390996253190 254.17830549118500 278.45651551690930 302.68371595093230 326.85439910818690 350.96225071264140 374.99999999999990 398.95923599143460 422.83018096924020 446.60140947053350 470.25949748957260 493.78858171708520 517.16980210430080 540.38059222874410 563.39377008567530 586.17636606882860 608.68810393753670 630.87942349416480 652.68890026375490 674.03987973986750 694.83610960665740 714.95614372521540 734.24635468163370 752.51262658470830 769.51138856767780 784.94186832393420
0.00000000000000 0.00000000000000 0.00000000000000 0.00000000000000 0.00000000000000 0.00000000000000 0.00000000000000 0.00000000000000 0.00000000000000 4.69853813028076 29.17560805262009 53.62533846261487 78.04555427071113 102.43384644918780 126.78754017135100 151.10365768251770 175.37887487646780 199.60947032089380 223.79126518699880 247.91955217543360 271.98901107194810 295.99360798356380 319.92647456322780 343.77976257966570 367.54446796632400 391.21021690570390 414.76500446401860 438.19487364389400 461.48351928654940 484.61179679779230 507.55710991019470 530.29264429860150 552.78640450004200 575.00000000000000 596.88711258507250 618.39156193815610 639.44487245360100 659.96323728161390 679.84378812835750 698.96013553019270 717.15728752538070 734.24635468163370 750.00000000000000 764.15047169858470
