Cone/input/cone1000DEM.asc
ncols            97
nrows            97
xllcorner           0.0000
yllcorner           0.0000
cellsize        43.3014
NODATA_value  -9999.0000
[rows 19 to 37 of 97, columns 44 to 87 of 97]
268.13594158477740 271.13101314433720 273.27790731256820 274.56909357265440 274.99999999999980 274.56909357265440 273.27790731256820 271.13101314433750 268.13594158477740 264.30305152189180 259.64535525195750 254.17830549118500 247.91955217543360 240.88867746555100 233.10691749110160 224.59687903645880 215.38225867623910 205.48757089646460 194.93789059476910 183.75861413427450 171.97524191604010 159.61318430141950 146.69759170619930 133.25320883201420 119.30425230957310 104.87431050159220 89.98626383993514 74.66222383391252 58.92348876406439 42.79051404616752 26.28289529247763 9.41936219205253 0.00000000000000 0.00000000000000 0.00000000000000 0.00000000000000 0.00000000000000 0.00000000000000 0.00000000000000 0.00000000000000 0.00000000000000 0.00000000000000 0.00000000000000 0.00000000000000
292.89321881345230 295.99360798356380 298.21655761908980 299.55371369390480 299.99999999999980 299.55371369390490 298.21655761909000 295.99360798356380 292.89321881345230 288.92686733360530 284.10894683618230 278.45651551690930 271.98901107194810 264.72794150736280 256.69656263407470 247.91955217543370 238.42268941360900 228.23254797834340 217.37620787507350 205.88099128657040 193.77422517014490 181.08303229203990 167.83415114533810 154.05378421556850 139.76747329573740 125.00000000000000 109.77530926175730 94.11645340032791 78.04555427071125 61.58378104382689 44.75134127286006 27.56748306116386 10.05050633883342 0.00000000000000 0.00000000000000 0.00000000000000 0.00000000000000 0.00000000000000 0.00000000000000 0.00000000000000 0.00000000000000 0.00000000000000 0.00000000000000 0.00000000000000
317.63279680219090 320.84611463969360 323.15068146595560 324.53719569468510 325.00000000000000 324.53719569468510 323.15068146595570 320.84611463969360 317.63279680219090 313.52348911270090 308.53416570303340 302.68371595093230 295.99360798356380 288.48752646211460 280.19099755560160 271.13101314433750 261.33566486529200 250.83379681141520 239.65468371272250 227.82773942597490 215.38225867623910 202.34719332280910 188.75096302060250 174.62129903904110 159.98511917942780 144.86843117564640 129.29626163660000 113.29260745159000 96.88040659057773 80.08152535129499 62.91675930043450 45.40584539816082 27.56748306116386 9.41936219205253 0.00000000000000 0.00000000000000 0.00000000000000 0.00000000000000 0.00000000000000 0.00000000000000 0.00000000000000 0.00000000000000 0.00000000000000 0.00000000000000
342.35267810170470 345.68738358487980 348.07975947973500 349.51940843711560 350.00000000000000 349.51940843711560 348.07975947973510 345.68738358487990 342.35267810170470 338.08988525631370 332.91679679368320 326.85439910818690 319.92647456322780 312.15917539011970 303.58058614079410 294.22028932534470 284.10894683618240 273.27790731256840 261.75884698832990 249.58344900981830 236.78312387631260 223.38877164954660 209.43058495790520 194.93789059476920 179.93902665716380 164.46125164657990 148.53068170367990 132.17225211451100 115.40969935229340 98.26556015642828 80.76118445748836 62.91675930043450 44.75134127286006 26.28289529247763 7.52833793603958 0.00000000000000 0.00000000000000 0.00000000000000 0.00000000000000 0.00000000000000 0.00000000000000 0.00000000000000 0.00000000000000 0.00000000000000
367.05055494139190 370.51608439929140 373.00318980077730 374.50019984015970 375.00000000000000 374.50019984015990 373.00318980077740 370.51608439929140 367.05055494139190 362.62256080090200 357.25199339087800 350.96225071264140 343.77976257966570 335.73348722067880 326.85439910818700 317.17498581261690 306.72876880689770 295.54985981973150 283.67256090527990 271.13101314433750 257.95889601720850 244.18917710845140 229.85390996253190 214.98407659462100 199.60947032089390 183.75861413427460 167.45870973266440 150.73561242684850 133.61382744182730 116.11652351681560 98.26556015642840 80.08152535129520 61.58378104382701 42.79051404616763 23.71879051166814 4.38461241300614 0.00000000000000 0.00000000000000 0.00000000000000 0.00000000000000 0.00000000000000 0.00000000000000 0.00000000000000 0.00000000000000
391.72374697017780 395.33066887760860 397.92027106038510 399.47939252678420 399.99999999999990 399.47939252678420 397.92027106038510 395.33066887760860 391.72374697017780 387.11746639343680 381.53415615735090 374.99999999999990 367.54446796632400 359.19971910118500 350.00000000000000 339.98106087779570 329.17960675006300 317.63279680219090 305.37780052750960 292.45141509575450 278.88974490720200 264.72794150736280 249.99999999999990 234.73860674930160 218.97503240933460 202.73906404490120 186.05897019501450 168.96149307026680 151.47186257614300 133.61382744182710 115.40969935229340 96.88040659057794 78.04555427071125 58.92348876406439 39.53136438507266 19.88521080436689 0.00000000000000 0.00000000000000 0.00000000000000 0.00000000000000 0.00000000000000 0.00000000000000 0.00000000000000 0.00000000000000
416.36912350356230 420.12932476283980 422.83018096924000 424.45677833893300 424.99999999999990 424.45677833893300 422.83018096924020 420.12932476283980 416.36912350356230 411.56988520300900 405.75678379976430 398.95923599143460 391.21021690570390 382.54554823857640 373.00318980077740 362.62256080090200 351.44391144635770 339.50775931885460 326.85439910818690 313.52348911270090 299.55371369390490 284.98251769624550 269.84590667448840 254.17830549118520 238.01246729359140 221.37942488012820 204.30847685802260 186.82720163547030 168.96149307026680 150.73561242684840 132.17225211451100 113.29260745159010 94.11645340032823 74.66222383391264 54.94709142821008 34.98704671906094 14.79697523809842 0.00000000000000 0.00000000000000 0.00000000000000 0.00000000000000 0.00000000000000 0.00000000000000 0.00000000000000
440.98300562505250 444.90991722063700 447.73194914063690 449.43211136136900 449.99999999999990 449.43211136136900 447.73194914063690 444.90991722063700 440.98300562505250 435.97429136607610 429.91228745043100 422.83018096924020 414.76500446401860 405.75678379976430 395.84770132027150 385.08130618755780 373.50179569291660 361.15338304096810 348.07975947973510 334.32365221528260 319.92647456322780 304.92806127710790 289.36647982240540 273.27790731256850 256.69656263407480 239.65468371272270 222.18254069479770 204.30847685802260 186.05897019501470 167.45870973266430 148.53068170368000 129.29626163660010 109.77530926175740 89.98626383993525 69.94623811308619 49.67110956258936 29.17560805262009 8.47339924740298 0.00000000000000 0.00000000000000 0.00000000000000 0.00000000000000 0.00000000000000 0.00000000000000
465.56104183920100 469.66991411008920 472.62442225677510 474.40509895928380 474.99999999999990 474.40509895928380 472.62442225677520 469.66991411008920 465.56104183920110 460.32417137692740 453.99175830396090 446.60140947053350 438.19487364389400 428.81701706020690 418.51483251934960 407.33652044351500 395.33066887760880 382.54554823857640 369.02852679380170 354.82560497180280 339.98106087779570 324.53719569468520 308.53416570303350 292.00988707468530 275.00000000000000 257.53787975412500 239.65468371272250 221.37942488012820 202.73906404490120 183.75861413427450 164.46125164657990 144.86843117564650 125.00000000000000 104.87431050159220 84.50832881997226 63.91773865754713 43.11703954976808 22.11963921960280 0.93793986559576 0.00000000000000 0.00000000000000 0.00000000000000 0.00000000000000 0.00000000000000
490.09804864072140 494.40628959608280 497.50621894395520 499.37539013748020 499.99999999999990 499.37539013748020 497.50621894395540 494.40628959608280 490.09804864072140 484.61179679779230 477.98467455447240 470.25949748957260 461.48351928654940 451.70719501346710 440.98300562505250 429.36438947433370 416.90481051547000 403.65697790617180 389.67221921331490 375.00000000000000 359.68757625671500 343.77976257966580 327.31879764631450 310.34428879331390 292.89321881345260 275.00000000000000 256.69656263407470 238.01246729359140 218.97503240933450 199.60947032089380 179.93902665716380 159.98511917942780 139.76747329573740 119.30425230957310 98.61218113400273 77.70666271516413 56.60188679433964 35.31093092126325 13.84585383419912 0.00000000000000 0.00000000000000 0.00000000000000 0.00000000000000 0.00000000000000
514.58780402630970 519.11539845821630 522.37567063642980 524.34256023898880 524.99999999999990 524.34256023898880 522.37567063642980 519.11539845821640 514.58780402630970 508.82793239028740 501.87852887071810 493.78858171708520 484.61179679779230 474.40509895928390 463.22723616040290 451.13753999749630 438.19487364389420 424.45677833893310 409.97881393970270 394.81407815448980 379.01288258128880 362.62256080090200 345.68738358487990 328.24855787277990 310.34428879331390 292.00988707468530 273.27790731256840 254.17830549118500 234.73860674930160 214.98407659462080 194.93789059476920 174.62129903904110 154.05378421556850 133.25320883201420 112.23595477176480 91.01705186510788 69.61029670358021 48.02836176701164 26.28289529247774 4.38461241300625 0.00000000000000 0.00000000000000 0.00000000000000 0.00000000000000
539.02277713535560 543.79281022763330 547.23074309312910 549.30609056700130 549.99999999999990 549.30609056700130 547.23074309312910 543.79281022763330 539.02277713535560 532.96145769326500 525.65835097474300 517.16980210430080 507.55710991019470 496.88470506254730 485.21849295065000 472.62442225677540 459.16730868040170 444.90991722063710 429.91228745043100 414.23127430700100 397.92027106038520 381.02907984300280 363.60389693210740 345.68738358488020 327.31879764631450 308.53416570303350 289.36647982240520 269.84590667448840 249.99999999999990 229.85390996253190 209.43058495790540 188.75096302060250 167.83415114533830 146.69759170619950 125.35721577320500 103.82758355325390 82.12201246570903 60.25269353937512 38.23079691643295 16.06656729227884 0.00000000000000 0.00000000000000 0.00000000000000 0.00000000000000
563.39377008567540 568.43308745919830 572.06893078440780 574.26534085183990 575.00000000000000 574.26534085183990 572.06893078440780 568.43308745919830 563.39377008567540 556.99887133326630 549.30609056700130 540.38059222874410 530.29264429860150 519.11539845821640 506.92292691709970 493.78858171708540 479.78369883287980 464.97663602418260 449.43211136136910 433.21079756226840 416.36912350356240 398.95923599143480 381.02907984300280 362.62256080090200 343.77976257966580 324.53719569468520 304.92806127710790 284.98251769624550 264.72794150736280 244.18917710845130 223.38877164954680 202.34719332280930 181.08303229204010 159.61318430141960 137.95301752166660 116.11652351681570 94.11645340032804 71.96444033647087 49.67110956258958 27.24617708281418 4.69853813028098 0.00000000000000 0.00000000000000 0.00000000000000
587.68943743823380 593.02948509750720 596.88711258507240 599.21951145296490 599.99999999999990 599.21951145296490 596.88711258507240 593.02948509750720 587.68943743823380 580.92363464399450 572.79981273412340 563.39377008567530 552.78640450004200 541.06100623285440 528.30094339716980 514.58780402631010 500.00000000000000 484.61179679779230 468.49270936326750 451.70719501346710 434.31457505076190 416.36912350356240 397.92027106038530 379.01288258128900 359.68757625671510 339.98106087779570 319.92647456322780 299.55371369390490 278.88974490720220 257.95889601720830 236.78312387631270 215.38225867623930 193.77422517014520 171.97524191604040 149.99999999999990 127.86182287437950 105.57280900008400 83.14395895538773 60.58528859720324 37.90592975530716 15.11421982038952 0.00000000000000 0.00000000000000 0.00000000000000
611.89563259349930 617.57353648054090 621.68135123946100 624.16759054067710 624.99999999999990 624.16759054067710 621.68135123946100 617.57353648054090 611.89563259349930 604.71529247895250 596.11263946491220 586.17636606882860 575.00000000000000 562.67860788660240 549.30609056700130 534.97311905654320 519.76568219253640 503.76416896801970 487.04288678292020 469.66991411008920 451.70719501346710 433.21079756226850 414.23127430700110 394.81407815448990 375.00000000000010 354.82560497180300 334.32365221528260 313.52348911270090 292.45141509575470 271.13101314433750 249.58344900981830 227.82773942597500 205.88099128657050 183.75861413427460 161.47450843757880 139.04123211387180 116.47014764638540 93.77155198040722 70.95479119689784 48.02836176701164 25.00000000000013 1.87676111614365 0.00000000000000 0.00000000000000
635.99450553597400 642.05447341809110 646.44660940672610 649.10827880954490 649.99999999999990 649.10827880954520 646.44660940672610 642.05447341809120 635.99450553597410 628.34828131703740 619.21134470680470 608.68810393753670 596.88711258507250 583.91707557266890 569.88373664786880 554.88765463087870 539.02277713535560 522.37567063642980 505.02525316941670 487.04288678292020 468.49270936326750 449.43211136136910 429.91228745043110 409.97881393970270 389.67221921331500 369.02852679380190 348.07975947973510 326.85439910818690 305.37780052750980 283.67256090527980 261.75884698833000 239.65468371272270 217.37620787507370 194.93789059476920 172.35273213765770 149.63243241525260 126.78754017135100 103.82758355325420 80.76118445748836 57.59615875146196 34.33960420860183 10.99797775737588 0.00000000000000 0.00000000000000
659.96323728161370 666.45839839684160 671.17633905085220 674.03987973986750 674.99999999999960 674.03987973986750 671.17633905085220 666.45839839684160 659.96323728161370 651.79029307039690 642.05447341809110 630.87942349416480 618.39156193815610 604.71529247895240 589.96951332858180 574.26534085183990 557.70484967614670 540.38059222874410 522.37567063642980 503.76416896801970 484.61179679779230 464.97663602418260 444.90991722063710 424.45677833893310 403.65697790617180 382.54554823857640 361.15338304096800 339.50775931885460 317.63279680219090 295.54985981973130 273.27790731256850 250.83379681141520 228.23254797834340 205.48757089646470 182.61086378640920 159.61318430141950 136.50419804147280 113.29260745159010 89.98626383993525 66.59226487027658 43.11703954976820 19.56642244362117 0.00000000000000 0.00000000000000
683.77223398316170 690.76707807867520 695.86187348508880 698.96013553019250 699.99999999999990 698.96013553019250 695.86187348508880 690.76707807867540 683.77223398316200 674.99999999999960 664.58980337503140 652.68890026375490 639.44487245360100 624.99999999999990 609.48751620466740 593.02948509750730 575.73593128807130 557.70484967614670 539.02277713535560 519.76568219253630 499.99999999999990 479.78369883287980 459.16730868040170 438.19487364389430 416.90481051547000 395.33066887760880 373.50179569291660 351.44391144635770 329.17960675006300 306.72876880689750 284.10894683618250 261.33566486529220 238.42268941360930 215.38225867623910 192.22527892982430 168.96149307026700 145.59962546824680 122.14750669602830 98.61218113400273 75.00000000000007 51.31670194948635 27.56748306116386 3.75705774143631 0.00000000000000
707.38250223200930 714.95614372521540 720.49150281252620 723.86597457031840 724.99999999999990 723.86597457031840 720.49150281252630 714.95614372521540 707.38250223200930 697.92385066013570 686.75089784645830 674.03987973986750 659.96323728161390 644.68323991120260 628.34828131703750 611.09127034739900 593.02948509750740 574.26534085183990 554.88765463087870 534.97311905654300 514.58780402630970 493.78858171708540 472.62442225677550 451.13753999749640 429.36438947433370 407.33652044351510 385.08130618755780 362.62256080090200 339.98106087779570 317.17498581261680 294.22028932534490 271.13101314433770 247.91955217543400 224.59687903645900 201.17273456647720 177.65578983007370 154.05378421556830 130.37364345369570 106.62158073971830 82.80318360779304 58.92348876406450 34.98704671906094 10.99797775737588 0.00000000000000
