StHelens/input/PrePro/Case1.asc~
ncols            96
nrows            91
xllcorner     557974.631687                                 
yllcorner     5111446.1291019                               
cellsize       100.0000
NODATA_value  -9999.0000
[rows 27 to 53 of 91, columns 0 to 58 of 96]
1127.6130 1112.1860 1085.7030 1101.2190 1161.5800 1133.4250 1107.8300 1105.8000 1115.4740 1130.3910 1143.2380 1157.2790 1168.0330 1197.3380 1233.9440 1278.7150 1311.7170 1342.4060 1369.5600 1398.5960 1443.2970 1488.1660 1537.4210 1549.4520 1523.2970 1581.8020 1615.6070 1644.7410 1663.1460 1684.3270 1725.5170 1763.6500 1812.4390 1847.2420 1893.3020 1933.0760 1974.6310 2005.2680 2031.4920 2069.7700 2033.9380 2080.8370 2129.3200 2223.6870 2221.1100 2187.2890 2187.5190 2170.1780 2168.1620 2162.3260 2155.4960 2146.7500 2118.9470 2082.6810 2027.5530 1983.0700 1935.0770 1910.0200 1887.0750
1070.3060 1046.3850 1044.7840 1093.0530 1094.0060 1074.4480 1081.5860 1095.9510 1115.6650 1153.0260 1193.8600 1227.9690 1243.9960 1205.3720 1207.5170 1222.4370 1240.1810 1275.7130 1293.1230 1322.2860 1371.5990 1420.4070 1479.3750 1547.1640 1571.2290 1574.6620 1630.3580 1672.8890 1698.6260 1705.8610 1753.2850 1824.1920 1879.9010 1929.7480 1956.9990 1999.7040 2031.2630 2052.1080 2072.8480 2111.3390 2104.6330 2130.1380 2146.2720 2222.8640 2289.4770 2265.5400 2268.9380 2245.8620 2238.4940 2219.8800 2222.3730 2193.6670 2170.7370 2133.0480 2089.1840 2039.9320 1999.3380 1949.4060 1912.9100
1021.4180 1026.3750 1043.9330 1044.4550 1063.7970 1095.5150 1092.0020 1117.4530 1112.7420 1162.9440 1220.3130 1233.5580 1278.9320 1287.0470 1277.1070 1291.0860 1304.8910 1319.7580 1326.1300 1341.8750 1330.8040 1375.2220 1415.3440 1480.3610 1549.6660 1593.6250 1637.0990 1684.0110 1724.7810 1743.3210 1785.2610 1839.0940 1914.2450 1981.5470 2023.4530 2061.8160 2103.6280 2087.9530 2118.9160 2170.5160 2186.4380 2202.6360 2225.5050 2286.7340 2328.2290 2362.9250 2313.9530 2314.1190 2302.6960 2299.0630 2289.0820 2263.9660 2241.6090 2181.7750 2159.5430 2088.1250 2034.1460 1986.9100 1945.7340
1013.9880 1021.7360 1048.2320 1079.8970 1121.0240 1170.2450 1126.6000 1166.4900 1126.6170 1142.0790 1211.0950 1274.0250 1303.1060 1333.1040 1343.1610 1358.6200 1372.8100 1391.4460 1433.4570 1428.1460 1415.4600 1405.4980 1399.6200 1431.3100 1476.4070 1538.3260 1572.3530 1641.8460 1704.5490 1757.5310 1795.5890 1852.9900 1928.1110 2018.2310 2099.5210 2102.4360 2124.9400 2133.7200 2153.3950 2222.6420 2259.6890 2249.2480 2298.3170 2340.2350 2370.0180 2375.5310 2380.7500 2382.0410 2377.8650 2355.6080 2335.7370 2316.7740 2293.8700 2251.1110 2214.6680 2151.2630 2078.0100 2022.0520 1984.8380
1016.9540 1034.9020 1040.6670 1091.9770 1152.6140 1206.5050 1145.4640 1176.1090 1194.8690 1169.2870 1221.7970 1267.7280 1320.3320 1374.8220 1374.8220 1418.2660 1444.6560 1454.3660 1482.7910 1507.0460 1507.6520 1508.6140 1474.6690 1466.4060 1494.5040 1550.1000 1591.1280 1674.5960 1718.5700 1751.5890 1798.4820 1846.2720 1900.6470 1990.0790 2068.5450 2131.7650 2150.5060 2179.5690 2199.8180 2262.5530 2308.7010 2320.8090 2375.9250 2410.0780 2420.3990 2435.6410 2448.0270 2442.4060 2431.0760 2420.1460 2402.6070 2368.9810 2343.3860 2288.9330 2249.6340 2196.1330 2114.3530 2069.4820 2032.6740
1082.7860 1099.2500 1087.0990 1103.7550 1130.7810 1174.3390 1215.7770 1207.9380 1252.9640 1213.2260 1238.4690 1285.1050 1326.4050 1381.2810 1417.9950 1428.9950 1459.2500 1491.7440 1502.8170 1527.4380 1551.1910 1576.9240 1584.3280 1553.7630 1519.3320 1583.3130 1686.2010 1732.1840 1763.5630 1794.9580 1826.9700 1876.9530 1920.2390 1975.9450 2035.1880 2090.6420 2154.4510 2205.0310 2240.0630 2295.4590 2366.0630 2381.6260 2414.0250 2458.5162 2482.8066 2500.3080 2508.1410 2510.3840 2500.2450 2491.0470 2455.7990 2426.9610 2412.7030 2348.1420 2281.7640 2219.7970 2163.6610 2096.8880 2059.7810
1145.7790 1132.7010 1121.4350 1157.6190 1180.8190 1213.1280 1244.6650 1270.5260 1286.6800 1287.6910 1238.2760 1308.2370 1328.4840 1389.7000 1435.5770 1464.0090 1489.4700 1516.6490 1534.5450 1553.5030 1572.9010 1603.1500 1625.4270 1640.9230 1603.4980 1603.4390 1666.9360 1772.0780 1806.3150 1833.2180 1870.5190 1908.8850 1952.5630 2017.5240 2035.4320 2099.0810 2166.6000 2240.3340 2273.7350 2330.9220 2377.3390 2405.9250 2459.0110 2494.0825 2543.6250 2564.8780 2571.1640 2594.6950 2570.5400 2533.7900 2514.8370 2461.3210 2451.5320 2401.9690 2297.6110 2259.6430 2219.0640 2117.1240 2195.8000
1096.9600 1147.9770 1192.8930 1198.0530 1220.4070 1248.6480 1270.6330 1311.8430 1317.2230 1352.5910 1296.8150 1288.4530 1342.5740 1386.1380 1425.5960 1477.5740 1518.2860 1553.2280 1571.6490 1583.8800 1596.2120 1626.5480 1656.3990 1675.8980 1683.6170 1670.3400 1718.1670 1749.1510 1821.1570 1863.0720 1911.3190 1955.5910 2000.2490 2035.8010 2087.9350 2136.5710 2199.2450 2251.7170 2313.3200 2363.5350 2420.3350 2460.4200 2490.9850 2537.3180 2600.6890 2623.7200 2630.6160 2631.5120 2633.5360 2601.1850 2565.0350 2505.8030 2489.5890 2423.8760 2350.0390 2288.9020 2234.7270 2225.0830 2311.4580
1045.5030 1093.2970 1129.6490 1191.0830 1225.5470 1254.3550 1287.9170 1307.5000 1340.5870 1342.6510 1378.3130 1348.5570 1335.5370 1363.2340 1392.3450 1444.7050 1496.1250 1545.1520 1580.8210 1612.7190 1628.4250 1649.3830 1680.9840 1705.5030 1729.0680 1741.1880 1760.5920 1794.9180 1835.0630 1888.1450 1941.5450 1994.0780 2040.8610 2093.7780 2123.2340 2170.4980 2247.9210 2289.9690 2346.2600 2400.3790 2445.5780 2506.6340 2535.6790 2576.3280 2622.3730 2670.2800 2686.9380 2672.5950 2691.0380 2625.9840 2590.7150 2546.3750 2538.3440 2445.0060 2387.8120 2322.0940 2319.1980 2340.7390 2334.5630
1066.2770 1068.7160 1104.8940 1148.0320 1206.0100 1253.6230 1275.1090 1306.3040 1341.3350 1376.9880 1390.8430 1411.7450 1399.6340 1408.8320 1425.5040 1438.2120 1456.8080 1488.6080 1532.3420 1580.5800 1641.5510 1682.0280 1704.8130 1734.4200 1758.7210 1781.4930 1793.4440 1845.8770 1870.3670 1906.8740 1954.2580 2006.2930 2075.3980 2129.8900 2175.9480 2223.0420 2286.8260 2320.7660 2364.8910 2442.2600 2496.8230 2555.7110 2585.1470 2626.9490 2664.3200 2697.0340 2724.2760 2727.6020 2703.1850 2659.7090 2630.8210 2602.2920 2551.1130 2487.8710 2437.6380 2396.0280 2385.3890 2371.7080 2326.4470
1126.0550 1139.4600 1149.5270 1151.9110 1208.9200 1258.6760 1288.9430 1320.0630 1348.3550 1371.7100 1393.0200 1424.5800 1439.3540 1449.3990 1469.6870 1496.6620 1518.1090 1537.9790 1552.7940 1565.3070 1605.8810 1659.3770 1727.0580 1763.8310 1790.0580 1823.4440 1849.1570 1881.9360 1913.6330 1946.2080 1985.7360 2033.5050 2086.3430 2142.1480 2209.0380 2278.2270 2320.4540 2362.4820 2431.2260 2496.7520 2538.4950 2592.5560 2628.5440 2640.0930 2685.4360 2738.6340 2754.2740 2719.1070 2692.2150 2657.7930 2655.3210 2630.1640 2561.7720 2509.1780 2496.5700 2451.8690 2440.6290 2394.9550 2342.9100
1120.5600 1177.4220 1222.3400 1198.3550 1196.2970 1258.7840 1300.3920 1326.0160 1349.9640 1374.1490 1398.1250 1414.7180 1446.6630 1463.1410 1480.4970 1505.7680 1531.1090 1566.8690 1603.8200 1632.4220 1652.9970 1677.2110 1706.1720 1775.4870 1815.5380 1842.5000 1878.2640 1912.0710 1939.3130 1980.4910 2021.2530 2060.6560 2106.6190 2155.3510 2217.4530 2290.6200 2364.8360 2418.7970 2467.9910 2523.6250 2566.8440 2606.1920 2673.4650 2698.4690 2719.8500 2732.4440 2735.5780 2690.6160 2684.4250 2682.7500 2671.0450 2640.9590 2611.7810 2580.5200 2565.7580 2506.2660 2480.8640 2442.6110 2361.2660
1175.8740 1224.1550 1241.4340 1247.5850 1234.0840 1269.8030 1296.8020 1326.4410 1349.2030 1370.1740 1389.9230 1410.9350 1441.8420 1469.0410 1485.3620 1508.1410 1530.5760 1552.7530 1585.5090 1621.0150 1659.7670 1727.2990 1768.4610 1799.4640 1823.9350 1880.3540 1904.5810 1940.5010 1975.6750 2013.6750 2050.8880 2089.5530 2134.1550 2181.4830 2236.6180 2317.4800 2374.7410 2446.4330 2503.0230 2558.2970 2588.6230 2630.3730 2696.7920 2736.9710 2731.5260 2746.4120 2743.0020 2703.8300 2722.8510 2726.3660 2708.1000 2689.2460 2671.8420 2641.6050 2601.2690 2544.6330 2515.8440 2469.3110 2389.7620
1214.9280 1237.9430 1248.3410 1258.9550 1270.7970 1283.3890 1300.6300 1325.3070 1347.6700 1376.6410 1399.7960 1416.1530 1439.0550 1466.9180 1495.5480 1522.8510 1540.1170 1554.6470 1588.9810 1630.1860 1681.9620 1737.9790 1797.6060 1845.3260 1875.6680 1891.5880 1922.7520 1968.1500 2003.4950 2033.2850 2074.6650 2113.6310 2153.4130 2203.1990 2274.0680 2323.2510 2390.6760 2459.1800 2527.3730 2606.3810 2624.1290 2661.6240 2705.0720 2737.7420 2711.4140 2690.9470 2692.8800 2680.6480 2751.9470 2750.3890 2752.4450 2733.1620 2727.7960 2696.3820 2642.9610 2594.5630 2541.4960 2479.9650 2427.1250
1220.8230 1241.7340 1256.4370 1271.6410 1279.9530 1303.9900 1327.7140 1346.4220 1359.3520 1378.3810 1394.0310 1397.8610 1389.7100 1426.5160 1463.9650 1496.0960 1523.1410 1551.0050 1578.9180 1630.4530 1676.2740 1736.9160 1791.0780 1856.4580 1926.0420 1937.6090 1938.4240 1972.5450 2017.5160 2048.4490 2092.8730 2139.0940 2184.4380 2228.9320 2286.9060 2349.8170 2416.1300 2469.3910 2546.5000 2614.3030 2681.0470 2695.0330 2719.2140 2750.2970 2674.8740 2657.7080 2705.3100 2736.6680 2765.7560 2771.0160 2777.7900 2759.2500 2769.5470 2703.3360 2633.0720 2576.8750 2519.0020 2474.2200 2422.2500
1228.0710 1245.1780 1263.1460 1276.2170 1293.2110 1308.7480 1317.8440 1325.9380 1334.2500 1333.3930 1349.9530 1351.3180 1398.8360 1431.1630 1456.6520 1487.7300 1519.4360 1557.7010 1588.2070 1627.6240 1677.5140 1732.1060 1791.8170 1852.4150 1927.0080 1982.7490 1966.5510 1987.7930 2031.8800 2064.6560 2103.7840 2142.4570 2200.9570 2255.0980 2298.3750 2351.5720 2425.2460 2486.8700 2547.1160 2627.0190 2694.0370 2755.4380 2772.4640 2810.3540 2739.2140 2729.2870 2752.5410 2808.8940 2814.1080 2784.5790 2820.0940 2825.3420 2776.2160 2705.3260 2618.3600 2569.9050 2511.9330 2456.6550 2407.0130
1201.0710 1220.1780 1233.8780 1242.3180 1258.5850 1270.5460 1281.8720 1293.0320 1313.8730 1335.4090 1348.6830 1366.4620 1400.0930 1427.1200 1450.5920 1492.1970 1532.5470 1565.3820 1603.0950 1639.1100 1667.9280 1724.7960 1776.1350 1837.4320 1897.6860 1963.6280 2007.7530 2016.6450 2035.5850 2081.0240 2113.4060 2158.6250 2208.3810 2269.8230 2315.9440 2361.4690 2429.2780 2493.5400 2564.0120 2632.7360 2702.2750 2774.4620 2846.0830 2859.5670 2834.5000 2822.1980 2869.7000 2891.5490 2886.6030 2862.9360 2819.8550 2801.2080 2765.1930 2692.2200 2618.9560 2558.1830 2505.7680 2442.9930 2389.3080
1204.0390 1219.0940 1227.1890 1241.3030 1259.9060 1278.4980 1309.9950 1330.8130 1350.2810 1366.0180 1380.1880 1382.4400 1397.7040 1432.9840 1467.6410 1500.9790 1525.4530 1547.7990 1577.9800 1628.5630 1659.1630 1714.2340 1760.4060 1815.6170 1873.2520 1922.6090 1973.6650 2018.1340 2048.4530 2077.6460 2119.1310 2156.4380 2200.3680 2257.0080 2305.6250 2356.5020 2430.0460 2489.8440 2565.9680 2633.7420 2697.9840 2759.7800 2847.2390 2909.6250 2928.8840 2928.0190 2913.4690 2874.4470 2841.6520 2798.4060 2762.2990 2746.3660 2708.2190 2683.6610 2608.3470 2540.9220 2487.7190 2422.8790 2373.5940
1231.8930 1241.0520 1257.4220 1266.3570 1277.2670 1295.7040 1308.0780 1337.0380 1365.7850 1386.0340 1410.1090 1432.6330 1436.7770 1440.1630 1479.9900 1520.5230 1550.0130 1577.4070 1614.4350 1641.0670 1672.2280 1707.4130 1749.1090 1788.5810 1834.7840 1877.8770 1920.0690 1967.5980 2019.9250 2067.8360 2120.0940 2156.3250 2194.4490 2246.9050 2308.2560 2361.1350 2422.6980 2471.9870 2551.9050 2623.2000 2679.5380 2748.3220 2816.8230 2879.1280 2905.4760 2922.3260 2890.9840 2850.5200 2804.0260 2745.3400 2698.4970 2665.4440 2655.3080 2605.9190 2565.7970 2547.2290 2474.4880 2399.3300 2325.9720
1226.4570 1242.7410 1254.0260 1271.9440 1286.3630 1300.2450 1316.2570 1335.8190 1358.8490 1384.3980 1404.4770 1436.3880 1458.7330 1481.3520 1500.4710 1511.8670 1533.2480 1556.4500 1586.0490 1627.7800 1654.1970 1691.0100 1719.7630 1774.9280 1831.6500 1875.4000 1910.3700 1968.8870 2018.5270 2067.4240 2119.2700 2152.3960 2194.9480 2245.1510 2294.9030 2346.7040 2406.5900 2463.7250 2526.9520 2595.8240 2659.9850 2724.3400 2787.4120 2832.8960 2860.2370 2883.8930 2893.0300 2845.7840 2801.1530 2720.8900 2657.3680 2607.8160 2572.3150 2511.7580 2465.9150 2438.3100 2429.5720 2357.7700 2298.8990
1216.0070 1236.4060 1252.3470 1265.6800 1313.1250 1321.2560 1335.8100 1352.2500 1374.2670 1394.7060 1416.5630 1436.9360 1460.6020 1479.3130 1506.9470 1537.8390 1561.0630 1585.7420 1614.9950 1649.2030 1679.7350 1707.2090 1756.9840 1791.3710 1833.7570 1860.1410 1896.3750 1964.2730 2010.9060 2061.7960 2110.1750 2141.1410 2183.2040 2229.3230 2284.0160 2341.5310 2389.6030 2444.8590 2510.3950 2581.2000 2627.5470 2680.7160 2746.0060 2784.7660 2808.0540 2824.5250 2840.5310 2848.1680 2794.3480 2720.9060 2637.2360 2552.4730 2490.2810 2430.3280 2376.7170 2358.0160 2356.6870 2330.4750 2261.5160
1225.5100 1239.6400 1252.9110 1269.3180 1282.6430 1295.7190 1325.2490 1354.0230 1366.2750 1387.2420 1408.4690 1430.6830 1458.9820 1478.0930 1502.3200 1531.4840 1557.1850 1579.7180 1604.8070 1643.0100 1672.5680 1693.7820 1727.8470 1784.4210 1800.3220 1839.4440 1873.6400 1945.0850 2003.0800 2047.3790 2099.9650 2134.4550 2179.6960 2226.8550 2278.4880 2332.7450 2385.4100 2432.6030 2494.3800 2547.4530 2598.3100 2643.3760 2688.7880 2728.4250 2748.5070 2765.0540 2775.2130 2786.7640 2771.6840 2723.4340 2637.5060 2560.4830 2478.6440 2406.9360 2338.3330 2290.2000 2258.3580 2234.3990 2226.9110
1225.9210 1233.5950 1249.6580 1264.2710 1275.7970 1304.9320 1344.0470 1382.1550 1391.9440 1413.5890 1423.5750 1440.0690 1460.5240 1475.8150 1488.6540 1507.8630 1534.3420 1561.4070 1565.9940 1601.3150 1634.4780 1691.2020 1718.4400 1750.8270 1803.1760 1845.5800 1879.0340 1922.1660 1969.4790 2013.6740 2069.9960 2114.5950 2160.5020 2205.0110 2264.8180 2315.2040 2368.9930 2421.9460 2456.4050 2504.3840 2549.9770 2593.4830 2641.5390 2667.4000 2686.6040 2698.3840 2706.1260 2719.6910 2716.3770 2712.2550 2691.0360 2628.2430 2550.0690 2449.6520 2372.4560 2286.9790 2235.9440 2170.1820 2132.5950
1227.4140 1240.3280 1245.2430 1249.2070 1265.8280 1324.1530 1383.2160 1395.0940 1397.1870 1408.8870 1410.6090 1424.8680 1436.0760 1462.7030 1485.1590 1505.5970 1509.9380 1499.9020 1532.6610 1568.9060 1624.2180 1677.6780 1742.6560 1777.6120 1814.8970 1844.2340 1875.0090 1919.0270 1952.4530 1991.8590 2046.4350 2107.7190 2146.7390 2183.8970 2226.0470 2278.3750 2356.6500 2404.8910 2436.2530 2463.7350 2501.7030 2555.2330 2590.3780 2613.2810 2627.6020 2637.7820 2642.0630 2647.9020 2646.2530 2641.2660 2633.3330 2607.4470 2550.4060 2493.6460 2416.5650 2325.5000 2248.3800 2163.2740 2109.1720
1219.6180 1221.7650 1228.4840 1238.3160 1265.4910 1307.3600 1355.1050 1363.8150 1359.6410 1371.2440 1379.5160 1400.0310 1427.9980 1428.6430 1436.5430 1442.4440 1473.8800 1515.3400 1551.8340 1575.6860 1610.9200 1669.3500 1711.9770 1747.9730 1794.8910 1836.1670 1864.5910 1900.1930 1910.4270 1969.8470 2032.8940 2086.1190 2106.8540 2132.3800 2178.9810 2249.0470 2327.9510 2377.9470 2406.1270 2435.0720 2469.3570 2512.4300 2539.4760 2558.7260 2570.0190 2577.4230 2583.5870 2585.0740 2583.7900 2574.7200 2565.4830 2539.4850 2506.8380 2452.6170 2393.1490 2345.3940 2268.5170 2177.5170 2105.1900
1205.9390 1223.3670 1236.2630 1250.6210 1261.5310 1273.2720 1299.3720 1316.0600 1335.2360 1354.3360 1371.6290 1370.7430 1390.1350 1421.4310 1438.9510 1474.7380 1478.8080 1501.6610 1540.5660 1581.1410 1616.4620 1643.0700 1681.4550 1732.0950 1781.8060 1807.2090 1831.1140 1842.9250 1902.9940 1939.7130 1986.7520 2016.3180 2036.3180 2082.8190 2143.5460 2225.7160 2300.8220 2333.7970 2357.7080 2387.4170 2426.5360 2460.7050 2490.2170 2497.6370 2507.6710 2517.8310 2525.5360 2524.7870 2515.7330 2508.4210 2486.2330 2470.3080 2449.9220 2416.2840 2357.7740 2310.7890 2260.4590 2207.9210 2138.3970
1207.5530 1225.7660 1238.6220 1249.6470 1259.6720 1270.6180 1293.0240 1309.1560 1327.2470 1329.8180 1348.8590 1376.6300 1398.5520 1405.0470 1418.9630 1447.8400 1480.2970 1506.1920 1548.5710 1585.6880 1614.3840 1640.5310 1674.8750 1713.8170 1751.7110 1765.7190 1772.7300 1823.8130 1862.4690 1895.0150 1943.8600 1957.8440 1993.5190 2060.6950 2140.0310 2243.3150 2268.6610 2298.4380 2324.0640 2351.5710 2390.3750 2414.2220 2442.9420 2457.0630 2460.4640 2465.8400 2475.1560 2477.5530 2477.9390 2465.9060 2443.0110 2414.9390 2393.2030 2387.6970 2351.1090 2301.3280 2252.0890 2191.4130 2143.2500
