StHelens/input/PrePro/Case1.asc~
ncols            96
nrows            91
xllcorner     557974.631687                                 
yllcorner     5111446.1291019                               
cellsize       100.0000
NODATA_value  -9999.0000
[rows 0 to 26 of 91, columns 0 to 58 of 96]
950.2679 954.3484 1008.6300 1005.3640 1009.3420 1010.1040 1015.6830 1015.2250 1010.4980 1018.5490 1017.7620 1021.8120 1027.0090 1022.5670 1034.3520 1064.9170 1100.6960 1166.4960 1235.2030 1262.6610 1231.7580 1213.6840 1182.0150 1108.1770 1108.6520 1126.3990 1158.9190 1175.6100 1167.7870 1181.2770 1147.2670 1150.1720 1114.5520 1157.2510 1135.2510 1148.7150 1159.4850 1159.6540 1163.0210 1168.1330 1174.4970 1177.5090 1185.1790 1187.3430 1185.3530 1191.4720 1188.6550 1194.6290 1193.4650 1183.7570 1193.5930 1191.6580 1191.5330 1190.7520 1176.4610 1186.1880 1189.6120 1186.9910 1192.7230
958.0488 961.4271 1014.8300 1020.7950 1018.9860 1016.8610 1016.0500 1012.5120 1013.7790 1020.1400 1024.2900 1028.0140 1031.1450 1042.2860 1047.4640 1073.5860 1111.1880 1161.8080 1218.4150 1252.8820 1214.6510 1185.9090 1135.2230 1100.6780 1114.3400 1129.0190 1165.9780 1184.4820 1188.5350 1198.2750 1194.0880 1168.3830 1125.4860 1173.6120 1151.8670 1164.8220 1170.3610 1177.4200 1180.3260 1188.7640 1195.3100 1202.2030 1204.8950 1199.4290 1206.7770 1207.0890 1208.6310 1210.6500 1208.9660 1193.5190 1205.6830 1206.5180 1213.4130 1202.2450 1199.1750 1211.8840 1206.9600 1199.9110 1210.6440
972.3270 971.7813 996.9572 1041.4210 1029.8440 1033.3450 1031.9220 1036.3280 1038.5000 1039.4620 1039.5160 1044.0890 1049.7000 1047.3440 1051.8830 1076.1380 1113.6880 1161.4290 1221.1570 1263.2340 1210.6880 1162.0790 1140.4380 1109.4500 1120.7950 1131.7810 1174.4840 1191.5170 1193.5160 1210.3030 1217.1610 1189.3750 1150.4820 1194.9810 1169.5470 1178.4440 1185.4060 1188.9380 1196.8650 1201.9160 1210.0630 1217.1550 1223.8560 1219.8590 1230.6700 1230.2540 1225.3280 1224.8760 1221.6130 1211.9530 1223.7240 1217.2310 1222.5780 1212.2630 1214.4580 1218.7810 1215.7050 1221.1090 1221.4060
977.8392 979.4543 988.1952 1047.2950 1046.0760 1042.6280 1047.6860 1032.7520 1041.9840 1035.4300 1049.9540 1054.4130 1062.3410 1054.4370 1060.8930 1085.4270 1125.4210 1172.2740 1237.7800 1269.7690 1212.0830 1168.8080 1159.0160 1121.4340 1118.4240 1142.6420 1180.6200 1197.4720 1209.1120 1216.3240 1221.8680 1209.4460 1176.4980 1196.2130 1185.6210 1191.9450 1200.0680 1206.1080 1216.0070 1229.4000 1235.5600 1239.0470 1246.3200 1240.3630 1249.9420 1244.9760 1240.8910 1237.0300 1237.4400 1225.4550 1223.4320 1234.0260 1233.3980 1215.7310 1237.3000 1235.5360 1232.0730 1235.8390 1232.1530
986.4683 992.5452 998.5279 1001.3540 1062.2440 1053.5140 1059.5420 1061.2460 1055.3580 1052.0320 1057.6970 1063.8980 1066.8140 1070.2210 1080.5070 1096.1280 1137.1570 1190.4250 1244.8130 1267.1510 1213.7000 1224.0260 1200.0390 1154.9540 1130.5140 1176.5530 1202.2260 1209.2180 1225.5490 1222.1090 1229.5020 1225.6080 1197.6060 1213.9250 1208.5750 1208.6690 1219.0300 1224.1060 1235.3800 1245.5260 1254.4590 1267.0400 1268.8830 1261.4830 1267.7970 1268.0770 1260.2850 1255.4440 1252.3300 1236.7980 1242.9610 1254.2590 1254.5800 1246.2600 1248.7920 1245.3130 1248.7650 1241.9900 1253.6960
1002.8240 1000.0310 1018.6840 1009.7180 1031.0000 1071.9500 1068.3950 1068.0630 1069.9310 1060.7620 1074.8440 1069.0060 1076.2440 1077.8280 1093.5210 1112.4370 1147.6720 1203.3880 1244.4240 1260.4840 1252.8420 1215.7760 1220.4380 1191.5420 1178.2140 1210.7970 1210.8000 1220.4500 1232.9380 1238.4280 1233.3950 1238.5000 1212.2970 1233.5210 1219.6720 1220.2490 1229.5580 1241.4220 1246.2570 1264.8920 1271.7970 1282.2740 1284.4570 1287.9060 1284.6990 1285.1640 1275.5160 1272.3500 1268.7290 1262.6880 1262.9640 1271.4060 1270.9380 1273.9950 1252.8880 1267.0310 1266.7620 1259.5970 1268.3910
1008.7510 1004.9050 1046.7310 1031.5620 1014.7710 1078.4460 1075.2200 1079.1940 1079.3840 1081.2300 1075.1580 1088.1720 1088.7360 1080.2610 1130.1270 1135.9910 1169.7930 1191.6480 1189.4240 1223.3080 1233.1590 1231.1910 1244.4950 1217.1500 1216.3070 1226.3990 1202.4020 1233.4530 1247.5230 1250.6760 1248.0750 1248.8010 1223.5040 1236.9870 1238.0120 1243.2450 1250.2010 1253.5360 1264.6220 1272.1140 1290.0520 1301.6300 1308.7170 1308.3880 1309.8100 1305.7210 1300.5720 1294.7580 1286.6740 1280.6720 1278.0580 1282.9100 1283.7920 1287.3350 1266.4740 1287.9470 1284.1990 1279.9650 1283.0970
1022.9190 1019.3920 1060.0780 1054.8860 1027.6260 1073.5430 1092.1300 1086.9420 1095.8060 1095.9930 1091.6680 1102.3770 1092.1300 1097.6720 1105.0820 1154.4040 1164.5340 1145.5110 1171.5700 1180.8010 1221.6340 1230.3380 1241.3640 1246.0320 1227.0910 1242.5750 1214.8480 1239.9910 1259.0950 1265.5750 1251.2200 1258.2120 1237.6050 1243.8310 1258.8900 1263.7330 1271.9190 1279.9240 1288.9540 1304.8110 1314.9730 1328.7930 1334.2870 1335.2440 1331.0520 1324.7900 1318.2140 1306.4900 1303.3480 1295.2820 1300.7280 1303.4320 1298.5020 1308.2410 1300.4670 1314.6050 1301.5140 1303.9190 1295.7090
1032.6980 1034.9060 1051.0420 1101.2150 1047.4380 1065.4930 1098.5840 1096.6560 1104.6830 1113.0310 1112.1720 1094.1780 1114.6440 1104.5160 1120.3440 1120.6630 1131.4840 1176.7660 1224.1890 1182.8750 1204.3810 1243.3030 1256.1410 1266.6960 1241.1530 1260.0780 1225.7310 1239.1150 1273.6250 1271.2860 1271.3020 1269.0000 1254.3480 1265.8160 1271.2030 1277.9610 1287.1330 1302.8130 1312.3880 1325.3960 1342.8750 1355.1040 1358.9610 1360.5630 1358.6670 1348.8770 1342.2030 1327.3440 1318.5790 1314.6880 1313.4050 1316.6180 1313.3910 1333.2850 1314.7860 1326.8130 1320.4570 1319.9290 1318.6720
1045.9780 1052.8330 1051.3540 1089.0220 1068.9540 1070.6480 1128.8790 1115.0530 1121.6250 1123.5770 1127.3630 1111.6000 1128.9040 1119.0780 1117.3630 1122.9690 1148.2260 1164.0990 1176.2920 1220.2200 1210.4160 1233.3340 1252.0540 1280.2270 1263.5810 1277.8230 1239.5190 1242.0400 1275.0700 1291.7130 1299.3290 1290.9220 1266.4980 1278.8870 1286.6060 1298.5700 1305.6680 1314.0710 1329.0930 1346.0940 1362.2050 1378.5960 1383.7960 1384.0650 1382.6420 1373.0320 1363.5690 1348.4920 1354.3480 1333.8480 1334.4720 1342.9380 1332.5210 1349.9250 1338.5790 1348.7970 1342.3650 1336.7610 1337.3080
1049.1340 1061.7010 1073.2260 1114.9380 1091.6560 1066.1790 1131.0610 1137.0450 1136.5050 1128.2180 1135.8800 1133.8050 1133.5260 1150.0500 1140.7570 1135.9350 1156.7480 1194.5480 1210.3570 1206.9950 1214.6440 1233.4410 1246.5360 1268.3160 1281.7900 1290.3770 1251.3320 1268.1350 1284.1740 1316.8590 1324.7840 1306.3410 1278.2360 1303.3590 1327.1190 1317.7360 1330.6330 1340.6680 1343.3850 1376.4580 1400.3880 1405.4430 1413.5630 1417.0230 1411.3680 1403.8430 1392.2450 1399.1050 1400.7500 1381.5060 1359.8540 1369.2070 1355.9760 1373.0680 1360.7410 1369.2470 1368.0750 1357.6820 1365.4330
1057.3880 1071.4530 1070.9930 1094.0910 1137.5630 1079.0710 1103.2440 1149.3910 1151.7990 1143.3820 1134.8440 1148.4220 1147.1570 1163.7340 1164.8800 1155.0650 1161.4840 1188.2590 1223.0450 1240.0310 1241.9640 1237.4640 1255.3590 1259.0950 1295.0450 1306.2340 1284.3240 1286.5080 1295.3910 1317.5960 1339.9990 1328.0470 1298.9430 1334.2470 1360.7340 1366.6420 1355.0300 1365.7970 1370.1770 1407.0280 1418.5000 1435.4380 1447.0350 1444.5940 1433.5710 1428.4050 1429.0470 1431.2440 1440.7470 1418.1720 1418.2070 1392.2850 1378.0160 1387.3280 1384.0150 1387.7500 1384.9420 1375.7520 1377.2340
1067.6980 1075.7740 1079.5810 1093.1470 1106.0080 1134.9190 1086.6330 1134.8730 1171.2550 1166.9850 1149.2740 1168.7200 1165.1980 1181.9740 1187.0480 1182.8500 1172.0870 1188.3820 1219.1510 1247.2300 1270.4420 1272.7610 1265.9810 1283.5210 1288.0530 1301.9620 1319.0590 1310.7220 1312.6410 1327.4660 1367.2820 1344.1040 1329.9590 1354.9590 1375.5580 1391.2930 1395.9250 1402.2390 1413.5730 1436.5000 1445.3670 1459.9610 1470.8040 1465.7600 1461.5010 1457.1580 1455.7740 1458.9560 1476.6520 1464.1610 1443.8350 1415.7840 1399.7760 1417.3270 1391.3330 1413.1560 1410.1810 1395.3800 1388.4790
1078.1720 1073.4270 1083.0680 1101.4220 1109.7000 1126.6630 1098.7500 1129.9950 1175.0760 1180.1040 1174.7930 1176.8510 1198.3400 1184.6080 1202.4780 1196.4400 1193.5380 1186.6150 1204.0730 1230.0060 1270.6420 1289.0750 1280.7830 1292.1490 1300.4390 1303.0270 1315.9410 1317.3670 1337.7710 1342.2220 1374.8180 1363.3150 1341.2620 1392.1880 1405.4180 1414.6090 1424.5310 1435.8110 1462.4160 1466.0940 1478.0230 1487.1060 1499.3090 1495.9040 1492.8520 1491.8900 1488.1720 1497.2240 1502.8000 1491.7650 1481.4460 1415.9460 1451.3970 1434.1360 1438.0620 1433.4850 1433.3500 1420.3300 1422.3410
1095.2080 1082.8910 1095.2190 1102.2000 1115.4530 1131.1310 1143.0120 1119.2030 1142.0330 1141.6170 1190.4380 1193.7820 1201.7700 1218.0000 1198.8100 1225.9510 1231.9840 1198.0460 1213.7760 1233.8440 1264.0870 1305.3450 1304.0780 1314.6010 1323.4800 1317.1090 1332.0260 1351.7930 1338.6410 1363.1960 1388.3410 1392.9530 1355.6620 1416.6790 1426.5940 1441.0800 1444.6350 1468.4060 1487.1130 1499.1400 1508.7970 1518.9240 1528.5960 1529.9060 1524.7560 1519.4770 1523.1720 1528.3210 1528.1460 1516.5780 1497.4150 1433.7830 1498.0630 1484.8720 1473.0470 1455.8280 1447.3740 1439.0080 1444.4220
1100.3530 1090.4060 1111.4160 1108.7980 1121.4360 1137.1000 1148.2110 1148.9200 1148.1980 1147.4240 1158.1220 1204.9380 1220.3000 1234.0950 1226.6010 1238.8850 1247.6780 1230.6120 1229.3070 1227.7780 1245.0560 1281.4580 1327.4730 1338.0670 1338.1130 1346.8790 1347.4950 1357.8370 1356.5360 1371.0750 1406.7070 1411.8060 1381.7820 1429.9270 1447.2480 1459.6150 1475.6030 1493.7610 1509.6250 1524.2870 1535.8320 1547.8130 1557.9430 1557.9640 1557.1100 1548.6920 1552.4840 1562.8060 1555.2920 1545.7380 1533.2540 1475.2360 1551.8480 1514.6040 1497.7670 1484.3860 1480.4170 1461.8740 1458.5440
1124.1210 1104.6300 1104.8610 1113.6410 1128.4960 1171.2660 1148.0280 1170.1670 1193.4010 1196.2450 1158.4970 1208.0310 1233.9650 1246.7240 1270.8520 1266.6090 1264.1420 1290.8740 1264.3650 1230.3270 1232.6230 1265.8800 1319.0990 1353.1820 1362.8190 1370.7040 1366.0060 1388.9730 1391.0390 1400.9770 1431.5750 1436.5200 1408.8380 1436.2880 1471.5550 1489.0230 1511.3210 1521.8870 1543.2080 1562.0790 1571.8400 1585.8130 1594.7990 1595.2910 1592.4860 1595.2520 1595.9690 1596.2710 1591.3240 1576.7970 1563.0660 1570.1490 1564.4650 1542.3450 1521.3070 1514.1040 1505.6550 1487.9870 1490.3990
1139.6940 1123.5000 1111.7950 1117.9800 1155.6250 1183.5800 1189.0500 1174.0000 1205.2170 1225.9790 1202.3440 1206.8750 1234.3070 1259.6250 1270.2370 1279.2520 1286.0630 1284.1690 1309.5700 1276.4220 1243.0150 1281.6170 1294.5000 1373.9300 1384.4410 1372.2500 1398.8730 1408.0840 1400.2660 1424.3080 1445.4520 1453.7660 1432.8930 1467.9460 1494.2810 1510.9920 1530.4840 1554.0160 1569.7750 1595.7070 1607.4220 1619.8750 1627.1590 1633.3280 1647.8800 1649.3600 1648.1720 1649.8130 1610.7820 1604.2810 1575.6490 1581.0310 1594.1560 1574.7990 1534.7890 1540.1880 1493.8140 1518.9210 1514.9060
1181.1070 1153.5190 1124.4950 1131.0060 1158.6310 1184.2930 1197.1210 1204.0890 1212.6240 1223.9510 1234.5400 1232.9760 1237.8690 1270.2930 1284.0940 1298.5420 1308.5810 1312.4340 1328.4560 1318.4700 1277.9290 1312.1010 1327.9300 1340.7140 1388.8970 1405.6860 1411.0400 1412.0240 1442.7650 1436.7290 1449.4600 1488.2310 1469.0060 1475.2620 1511.2910 1547.7540 1568.9740 1585.4290 1605.8900 1631.3990 1635.2290 1661.6810 1672.0050 1686.3920 1686.3970 1688.1280 1689.6340 1689.8570 1666.0850 1650.8770 1603.7430 1610.6630 1644.2410 1592.7110 1564.1080 1534.5630 1561.6940 1559.6830 1556.2670
1156.3770 1172.7960 1143.0400 1132.6490 1166.9470 1182.3130 1196.8440 1208.8980 1219.5520 1232.5370 1247.1110 1264.3650 1254.7370 1258.9930 1291.0950 1309.0370 1327.2350 1335.7240 1345.8530 1351.7960 1290.1200 1312.5960 1376.2040 1370.8810 1389.2190 1421.1840 1438.4410 1441.0560 1432.8680 1468.7250 1469.5780 1501.6580 1503.6670 1558.1290 1550.4320 1582.2820 1610.5140 1632.5910 1652.7560 1664.9130 1670.9220 1701.2800 1717.8370 1732.1490 1740.0280 1735.9780 1738.0070 1728.1470 1715.0550 1673.8370 1670.0730 1678.7090 1682.2270 1640.9200 1583.6350 1597.4830 1615.0880 1617.7210 1609.1940
1157.6930 1158.4840 1172.9020 1150.5290 1161.1560 1182.7850 1197.2590 1211.5310 1223.5730 1237.8030 1251.2660 1270.9620 1274.2200 1282.8280 1288.6630 1317.2800 1338.6410 1350.7760 1360.4090 1372.4060 1330.1630 1312.7880 1361.6880 1406.8600 1407.2770 1427.1880 1456.3660 1460.4530 1468.5470 1459.1170 1507.0210 1544.3280 1551.2270 1599.7760 1625.4840 1621.7240 1643.8060 1661.4380 1683.6070 1700.9700 1718.6880 1734.9700 1766.5270 1777.3280 1782.3260 1789.4540 1787.2810 1754.2670 1747.3610 1732.1410 1717.1340 1730.8230 1734.9840 1664.1860 1594.2960 1648.2810 1674.8100 1665.0970 1655.2340
1174.8910 1172.8250 1178.4150 1183.0430 1170.0980 1175.9650 1195.9270 1211.6970 1226.7050 1243.6040 1259.2070 1275.8450 1289.6190 1302.1310 1301.8460 1326.6750 1342.4200 1361.3690 1378.3280 1385.0830 1380.5420 1351.1460 1334.0210 1388.5320 1437.3570 1429.0330 1469.2520 1483.5920 1495.0780 1508.7460 1507.0310 1573.9470 1596.4600 1625.1720 1655.9580 1673.9400 1681.3750 1704.2730 1731.2760 1751.9120 1767.7250 1791.2100 1814.5650 1830.6060 1828.6830 1832.8020 1833.6430 1819.9690 1796.5150 1776.8740 1782.6100 1772.0300 1776.2300 1691.0690 1649.5350 1697.0100 1738.8380 1742.9420 1713.6080
1170.5600 1183.8870 1178.7160 1198.2860 1203.2540 1207.6020 1212.8870 1209.9720 1224.0270 1244.5840 1264.6910 1280.0730 1304.5440 1320.5830 1328.8790 1334.4240 1356.2730 1374.7920 1389.9890 1401.6720 1410.0730 1419.8980 1371.0900 1379.5490 1448.6230 1472.5740 1481.6570 1502.3190 1524.2490 1536.6390 1559.4570 1565.6400 1611.6320 1642.2890 1681.6400 1706.8080 1709.2510 1726.2070 1770.6830 1808.2300 1817.1620 1848.1090 1866.6090 1891.5980 1903.6160 1897.8820 1882.1130 1885.4930 1871.8810 1846.4320 1849.7200 1832.6960 1806.8740 1749.9200 1742.2770 1756.2410 1802.9020 1792.6100 1764.5710
1182.6560 1186.0000 1187.6350 1188.8640 1221.7340 1223.5800 1227.5100 1224.9060 1222.0490 1241.3360 1262.6410 1294.5600 1304.8880 1329.2500 1341.7330 1356.4210 1368.7190 1383.9980 1402.7940 1413.3590 1427.0020 1439.6340 1430.6560 1394.4500 1486.1880 1517.0000 1529.2820 1529.0400 1541.6880 1565.9910 1585.1270 1607.6250 1619.7330 1672.5260 1706.0630 1740.4460 1760.5910 1787.7660 1790.3510 1833.4400 1867.9530 1895.0650 1928.3810 1943.9380 1961.7630 1962.8560 1955.4220 1941.7740 1937.4840 1913.5940 1930.2530 1896.0530 1856.3590 1791.8700 1794.8450 1796.2970 1841.0500 1820.4350 1780.8130
1209.7730 1200.6640 1203.0820 1210.8560 1212.4510 1216.1810 1222.9420 1230.6230 1235.7530 1240.2660 1285.9400 1312.2960 1333.8910 1332.9250 1346.6020 1363.0460 1378.1760 1396.3050 1413.4040 1429.8580 1449.2960 1462.4360 1458.4750 1395.1750 1459.3000 1523.4330 1551.9590 1558.8910 1555.2920 1584.0680 1616.2940 1645.9240 1661.4910 1679.4570 1728.6520 1779.2380 1827.5470 1829.8090 1858.5630 1887.6630 1913.6320 1942.7590 1984.9830 2005.8490 2023.0190 2049.0240 2014.3590 2009.4470 2011.9030 1983.6200 1985.0740 1961.0530 1895.8100 1859.7400 1868.4100 1856.6890 1865.2540 1843.8030 1814.7220
1209.6060 1216.9070 1203.5550 1192.8220 1220.5800 1226.9370 1231.6630 1232.6550 1215.5970 1208.6910 1223.8690 1252.5130 1292.7590 1324.7860 1344.2770 1377.4080 1398.0050 1413.3210 1427.6630 1445.5800 1464.6380 1482.6090 1494.5580 1450.4300 1457.2130 1509.9130 1563.0050 1587.7020 1605.6280 1608.6750 1642.6460 1673.8170 1703.6080 1744.0970 1775.8680 1799.6600 1874.1700 1897.1700 1929.4580 1939.8720 1965.3630 1993.6930 2048.5150 2074.7530 2108.7220 2087.4260 2106.7590 2067.8230 2073.8900 2054.7720 2055.2010 2015.9970 1970.3630 1927.9800 1922.3780 1898.6560 1879.1840 1829.7980 1815.6670
1181.3320 1172.3750 1149.1410 1125.6440 1173.0000 1199.1780 1174.1380 1166.0000 1154.8210 1148.4540 1168.4690 1178.7730 1210.8710 1254.4220 1292.4590 1343.4980 1382.9380 1412.6450 1438.5950 1454.9690 1476.7840 1499.1160 1521.7660 1490.7760 1505.6660 1557.5000 1595.2780 1620.4770 1630.0310 1663.5960 1677.0020 1717.3440 1752.3320 1796.3630 1819.7810 1871.9690 1903.2490 1947.0940 1964.0600 2002.8330 2012.8910 2035.3300 2101.0840 2157.6720 2154.8430 2146.5840 2133.0780 2135.5680 2104.4520 2108.6250 2105.9130 2096.4560 2038.9220 2002.6600 1983.1580 1938.6410 1886.7100 1878.5670 1839.0940
