fortrancode/AraiTagyo/input/PrePro/test0_newDEMRI_out.asc~
ncols           133
nrows           133
xllcorner            0.000000                               
yllcorner            0.000000                               
cellsize         0.5000
NODATA_value  -9999.0000
[rows 58 to 86 of 133, columns 0 to 66 of 133]
15.0000 15.0000 15.0000 15.0000 15.0000 15.0000 15.0000 15.0000 15.0000 15.0000 15.0000 15.0000 15.0000 15.0000 15.0000 15.0000 15.0000 15.0000 15.0000 15.0000 15.0000 15.0000 15.0000 15.0000 15.0000 15.0000 15.0000 15.0000 14.8389 14.6925 14.5186 14.3533 14.1965 14.0480 13.9078 13.7758 13.6518 13.5357 13.4276 13.3272 13.2346 13.1497 13.0723 13.0025 12.9403 12.8855 12.8381 12.7982 12.7656 12.7404 12.7225 12.7120 12.7088 12.7129 12.7243 12.7430 12.7691 12.8026 12.8434 12.8917 12.9474 13.0105 13.0812 13.1595 13.2453 13.3389 13.4401
15.0000 15.0000 15.0000 15.0000 15.0000 15.0000 15.0000 15.0000 15.0000 15.0000 15.0000 15.0000 15.0000 15.0000 15.0000 15.0000 15.0000 15.0000 15.0000 15.0000 15.0000 15.0000 15.0000 15.0000 15.0000 15.0000 15.0000 14.9489 14.8049 14.6226 14.4491 14.2841 14.1276 13.9795 13.8396 13.7078 13.5841 13.4683 13.3603 13.2602 13.1678 13.0830 13.0058 12.9362 12.8740 12.8193 12.7721 12.7322 12.6997 12.6745 12.6567 12.6462 12.6429 12.6470 12.6584 12.6772 12.7032 12.7366 12.7774 12.8255 12.8811 12.9441 13.0147 13.0928 13.1784 13.2718 13.3729
15.0000 15.0000 15.0000 15.0000 15.0000 15.0000 15.0000 15.0000 15.0000 15.0000 15.0000 15.0000 15.0000 15.0000 15.0000 15.0000 15.0000 15.0000 15.0000 15.0000 15.0000 15.0000 15.0000 15.0000 15.0000 15.0000 15.0000 14.9171 14.7426 14.5607 14.3874 14.2228 14.0666 13.9187 13.7791 13.6475 13.5240 13.4084 13.3007 13.2007 13.1085 13.0238 12.9468 12.8773 12.8152 12.7606 12.7134 12.6736 12.6412 12.6161 12.5983 12.5878 12.5845 12.5886 12.6000 12.6187 12.6447 12.6780 12.7187 12.7668 12.8223 12.8852 12.9556 13.0336 13.1191 13.2123 13.3132
15.0000 15.0000 15.0000 15.0000 15.0000 15.0000 15.0000 15.0000 15.0000 15.0000 15.0000 15.0000 15.0000 15.0000 15.0000 15.0000 15.0000 15.0000 15.0000 15.0000 15.0000 15.0000 15.0000 15.0000 15.0000 15.0000 15.0000 14.8541 14.6882 14.5065 14.3336 14.1692 14.0133 13.8657 13.7262 13.5949 13.4716 13.3562 13.2486 13.1488 13.0566 12.9721 12.8952 12.8258 12.7639 12.7093 12.6622 12.6225 12.5901 12.5650 12.5472 12.5367 12.5335 12.5376 12.5490 12.5676 12.5936 12.6269 12.6675 12.7155 12.7709 12.8337 12.9040 12.9819 13.0673 13.1603 13.2611
15.0000 15.0000 15.0000 15.0000 15.0000 15.0000 15.0000 15.0000 15.0000 15.0000 15.0000 15.0000 15.0000 15.0000 15.0000 15.0000 15.0000 15.0000 15.0000 15.0000 15.0000 15.0000 15.0000 15.0000 15.0000 15.0000 14.9645 14.8318 14.6416 14.4602 14.2875 14.1234 13.9676 13.8202 13.6810 13.5498 13.4267 13.3114 13.2040 13.1043 13.0123 12.9279 12.8511 12.7818 12.7199 12.6655 12.6184 12.5787 12.5463 12.5213 12.5035 12.4931 12.4899 12.4939 12.5053 12.5239 12.5498 12.5831 12.6237 12.6716 12.7269 12.7897 12.8599 12.9376 13.0229 13.1159 13.2165
15.0000 15.0000 15.0000 15.0000 15.0000 15.0000 15.0000 15.0000 15.0000 15.0000 15.0000 15.0000 15.0000 15.0000 15.0000 15.0000 15.0000 15.0000 15.0000 15.0000 15.0000 15.0000 15.0000 15.0000 15.0000 15.0000 14.9447 14.7928 14.6028 14.4216 14.2492 14.0852 13.9297 13.7824 13.6433 13.5123 13.3893 13.2742 13.1669 13.0673 12.9754 12.8911 12.8143 12.7451 12.6833 12.6289 12.5819 12.5423 12.5099 12.4849 12.4672 12.4567 12.4535 12.4576 12.4689 12.4875 12.5134 12.5466 12.5872 12.6351 12.6903 12.7530 12.8232 12.9008 12.9860 13.0788 13.1793
15.0000 15.0000 15.0000 15.0000 15.0000 15.0000 15.0000 15.0000 15.0000 15.0000 15.0000 15.0000 15.0000 15.0000 15.0000 15.0000 15.0000 15.0000 15.0000 15.0000 15.0000 15.0000 15.0000 15.0000 15.0000 15.0000 14.9289 14.7616 14.5718 14.3908 14.2185 14.0547 13.8993 13.7522 13.6132 13.4824 13.3594 13.2444 13.1372 13.0377 12.9459 12.8617 12.7850 12.7158 12.6541 12.5997 12.5528 12.5131 12.4808 12.4558 12.4381 12.4276 12.4245 12.4285 12.4398 12.4584 12.4843 12.5175 12.5580 12.6058 12.6611 12.7237 12.7938 12.8714 12.9565 13.0492 13.1497
15.0000 15.0000 15.0000 15.0000 15.0000 15.0000 15.0000 15.0000 15.0000 15.0000 15.0000 15.0000 15.0000 15.0000 15.0000 15.0000 15.0000 15.0000 15.0000 15.0000 15.0000 15.0000 15.0000 15.0000 15.0000 15.0000 14.9170 14.7382 14.5486 14.3677 14.1955 14.0319 13.8766 13.7295 13.5907 13.4599 13.3371 13.2221 13.1150 13.0155 12.9238 12.8396 12.7630 12.6938 12.6321 12.5778 12.5309 12.4913 12.4590 12.4340 12.4163 12.4059 12.4027 12.4067 12.4181 12.4367 12.4625 12.4957 12.5361 12.5840 12.6391 12.7017 12.7718 12.8493 12.9344 13.0271 13.1274
15.0000 15.0000 15.0000 15.0000 15.0000 15.0000 15.0000 15.0000 15.0000 15.0000 15.0000 15.0000 15.0000 15.0000 15.0000 15.0000 15.0000 15.0000 15.0000 15.0000 15.0000 15.0000 15.0000 15.0000 15.0000 15.0000 14.9090 14.7227 14.5331 14.3524 14.1802 14.0166 13.8614 13.7145 13.5757 13.4449 13.3222 13.2073 13.1002 13.0008 12.9091 12.8249 12.7483 12.6792 12.6175 12.5633 12.5163 12.4768 12.4445 12.4195 12.4018 12.3914 12.3882 12.3922 12.4035 12.4221 12.4480 12.4811 12.5216 12.5694 12.6245 12.6871 12.7571 12.8346 12.9197 13.0123 13.1126
15.0000 15.0000 15.0000 15.0000 15.0000 15.0000 15.0000 15.0000 15.0000 15.0000 15.0000 15.0000 15.0000 15.0000 15.0000 15.0000 15.0000 15.0000 15.0000 15.0000 15.0000 15.0000 15.0000 15.0000 15.0000 15.0000 14.9051 14.7149 14.5254 14.3447 14.1726 14.0090 13.8538 13.7069 13.5682 13.4374 13.3147 13.1998 13.0928 12.9934 12.9017 12.8176 12.7410 12.6719 12.6102 12.5560 12.5091 12.4695 12.4372 12.4123 12.3946 12.3841 12.3809 12.3850 12.3963 12.4149 12.4407 12.4739 12.5143 12.5621 12.6172 12.6798 12.7498 12.8273 12.9123 13.0049 13.1052
15.0000 15.0000 15.0000 15.0000 15.0000 15.0000 15.0000 15.0000 15.0000 15.0000 15.0000 15.0000 15.0000 15.0000 15.0000 15.0000 15.0000 15.0000 15.0000 15.0000 15.0000 15.0000 15.0000 15.0000 15.0000 15.0000 14.9051 14.7149 14.5254 14.3447 14.1726 14.0090 13.8538 13.7069 13.5682 13.4374 13.3147 13.1998 13.0928 12.9934 12.9017 12.8176 12.7410 12.6719 12.6102 12.5560 12.5091 12.4695 12.4372 12.4123 12.3946 12.3841 12.3809 12.3850 12.3963 12.4149 12.4407 12.4739 12.5143 12.5621 12.6172 12.6798 12.7498 12.8273 12.9123 13.0049 13.1052
15.0000 15.0000 15.0000 15.0000 15.0000 15.0000 15.0000 15.0000 15.0000 15.0000 15.0000 15.0000 15.0000 15.0000 15.0000 15.0000 15.0000 15.0000 15.0000 15.0000 15.0000 15.0000 15.0000 15.0000 15.0000 15.0000 14.9090 14.7227 14.5331 14.3524 14.1802 14.0166 13.8614 13.7145 13.5757 13.4449 13.3222 13.2073 13.1002 13.0008 12.9091 12.8249 12.7483 12.6792 12.6175 12.5633 12.5163 12.4768 12.4445 12.4195 12.4018 12.3914 12.3882 12.3922 12.4035 12.4221 12.4480 12.4811 12.5216 12.5694 12.6245 12.6871 12.7571 12.8346 12.9197 13.0123 13.1126
15.0000 15.0000 15.0000 15.0000 15.0000 15.0000 15.0000 15.0000 15.0000 15.0000 15.0000 15.0000 15.0000 15.0000 15.0000 15.0000 15.0000 15.0000 15.0000 15.0000 15.0000 15.0000 15.0000 15.0000 15.0000 15.0000 14.9170 14.7382 14.5486 14.3677 14.1955 14.0319 13.8766 13.7295 13.5907 13.4599 13.3371 13.2221 13.1150 13.0155 12.9238 12.8396 12.7630 12.6938 12.6321 12.5778 12.5309 12.4913 12.4590 12.4340 12.4163 12.4059 12.4027 12.4067 12.4181 12.4367 12.4625 12.4957 12.5361 12.5840 12.6391 12.7017 12.7718 12.8493 12.9344 13.0271 13.1274
15.0000 15.0000 15.0000 15.0000 15.0000 15.0000 15.0000 15.0000 15.0000 15.0000 15.0000 15.0000 15.0000 15.0000 15.0000 15.0000 15.0000 15.0000 15.0000 15.0000 15.0000 15.0000 15.0000 15.0000 15.0000 15.0000 14.9289 14.7616 14.5718 14.3908 14.2185 14.0547 13.8993 13.7522 13.6132 13.4824 13.3594 13.2444 13.1372 13.0377 12.9459 12.8617 12.7850 12.7158 12.6541 12.5997 12.5528 12.5131 12.4808 12.4558 12.4381 12.4276 12.4245 12.4285 12.4398 12.4584 12.4843 12.5175 12.5580 12.6058 12.6611 12.7237 12.7938 12.8714 12.9565 13.0492 13.1497
15.0000 15.0000 15.0000 15.0000 15.0000 15.0000 15.0000 15.0000 15.0000 15.0000 15.0000 15.0000 15.0000 15.0000 15.0000 15.0000 15.0000 15.0000 15.0000 15.0000 15.0000 15.0000 15.0000 15.0000 15.0000 15.0000 14.9447 14.7928 14.6028 14.4216 14.2492 14.0852 13.9297 13.7824 13.6433 13.5123 13.3893 13.2742 13.1669 13.0673 12.9754 12.8911 12.8143 12.7451 12.6833 12.6289 12.5819 12.5423 12.5099 12.4849 12.4672 12.4567 12.4535 12.4576 12.4689 12.4875 12.5134 12.5466 12.5872 12.6351 12.6903 12.7530 12.8232 12.9008 12.9860 13.0788 13.1793
15.0000 15.0000 15.0000 15.0000 15.0000 15.0000 15.0000 15.0000 15.0000 15.0000 15.0000 15.0000 15.0000 15.0000 15.0000 15.0000 15.0000 15.0000 15.0000 15.0000 15.0000 15.0000 15.0000 15.0000 15.0000 15.0000 14.9645 14.8318 14.6416 14.4602 14.2875 14.1234 13.9676 13.8202 13.6810 13.5498 13.4267 13.3114 13.2040 13.1043 13.0123 12.9279 12.8511 12.7818 12.7199 12.6655 12.6184 12.5787 12.5463 12.5213 12.5035 12.4931 12.4899 12.4939 12.5053 12.5239 12.5498 12.5831 12.6237 12.6716 12.7269 12.7897 12.8599 12.9376 13.0229 13.1159 13.2165
15.0000 15.0000 15.0000 15.0000 15.0000 15.0000 15.0000 15.0000 15.0000 15.0000 15.0000 15.0000 15.0000 15.0000 15.0000 15.0000 15.0000 15.0000 15.0000 15.0000 15.0000 15.0000 15.0000 15.0000 15.0000 15.0000 15.0000 14.8541 14.6882 14.5065 14.3336 14.1692 14.0133 13.8657 13.7262 13.5949 13.4716 13.3562 13.2486 13.1488 13.0566 12.9721 12.8952 12.8258 12.7639 12.7093 12.6622 12.6225 12.5901 12.5650 12.5472 12.5367 12.5335 12.5376 12.5490 12.5676 12.5936 12.6269 12.6675 12.7155 12.7709 12.8337 12.9040 12.9819 13.0673 13.1603 13.2611
15.0000 15.0000 15.0000 15.0000 15.0000 15.0000 15.0000 15.0000 15.0000 15.0000 15.0000 15.0000 15.0000 15.0000 15.0000 15.0000 15.0000 15.0000 15.0000 15.0000 15.0000 15.0000 15.0000 15.0000 15.0000 15.0000 15.0000 14.9171 14.7426 14.5607 14.3874 14.2228 14.0666 13.9187 13.7791 13.6475 13.5240 13.4084 13.3007 13.2007 13.1085 13.0238 12.9468 12.8773 12.8152 12.7606 12.7134 12.6736 12.6412 12.6161 12.5983 12.5878 12.5845 12.5886 12.6000 12.6187 12.6447 12.6780 12.7187 12.7668 12.8223 12.8852 12.9556 13.0336 13.1191 13.2123 13.3132
15.0000 15.0000 15.0000 15.0000 15.0000 15.0000 15.0000 15.0000 15.0000 15.0000 15.0000 15.0000 15.0000 15.0000 15.0000 15.0000 15.0000 15.0000 15.0000 15.0000 15.0000 15.0000 15.0000 15.0000 15.0000 15.0000 15.0000 14.9489 14.8049 14.6226 14.4491 14.2841 14.1276 13.9795 13.8396 13.7078 13.5841 13.4683 13.3603 13.2602 13.1678 13.0830 13.0058 12.9362 12.8740 12.8193 12.7721 12.7322 12.6997 12.6745 12.6567 12.6462 12.6429 12.6470 12.6584 12.6772 12.7032 12.7366 12.7774 12.8255 12.8811 12.9441 13.0147 13.0928 13.1784 13.2718 13.3729
15.0000 15.0000 15.0000 15.0000 15.0000 15.0000 15.0000 15.0000 15.0000 15.0000 15.0000 15.0000 15.0000 15.0000 15.0000 15.0000 15.0000 15.0000 15.0000 15.0000 15.0000 15.0000 15.0000 15.0000 15.0000 15.0000 15.0000 15.0000 14.8389 14.6925 14.5186 14.3533 14.1965 14.0480 13.9078 13.7758 13.6518 13.5357 13.4276 13.3272 13.2346 13.1497 13.0723 13.0025 12.9403 12.8855 12.8381 12.7982 12.7656 12.7404 12.7225 12.7120 12.7088 12.7129 12.7243 12.7430 12.7691 12.8026 12.8434 12.8917 12.9474 13.0105 13.0812 13.1595 13.2453 13.3389 13.4401
15.0000 15.0000 15.0000 15.0000 15.0000 15.0000 15.0000 15.0000 15.0000 15.0000 15.0000 15.0000 15.0000 15.0000 15.0000 15.0000 15.0000 15.0000 15.0000 15.0000 15.0000 15.0000 15.0000 15.0000 15.0000 15.0000 15.0000 15.0000 14.9292 14.7703 14.5960 14.4303 14.2731 14.1243 13.9838 13.8514 13.7271 13.6108 13.5024 13.4019 13.3090 13.2239 13.1464 13.0765 13.0141 12.9592 12.9117 12.8717 12.8390 12.8138 12.7958 12.7853 12.7820 12.7862 12.7976 12.8164 12.8425 12.8761 12.9170 12.9654 13.0212 13.0845 13.1553 13.2337 13.3198 13.4135 13.5150
15.0000 15.0000 15.0000 15.0000 15.0000 15.0000 15.0000 15.0000 15.0000 15.0000 15.0000 15.0000 15.0000 15.0000 15.0000 15.0000 15.0000 15.0000 15.0000 15.0000 15.0000 15.0000 15.0000 15.0000 15.0000 15.0000 15.0000 15.0000 14.9727 14.8561 14.6813 14.5152 14.3576 14.2084 14.0675 13.9348 13.8102 13.6936 13.5850 13.4842 13.3911 13.3058 13.2281 13.1580 13.0954 13.0404 12.9928 12.9527 12.9199 12.8946 12.8767 12.8661 12.8628 12.8670 12.8784 12.8973 12.9235 12.9571 12.9981 13.0466 13.1025 13.1660 13.2370 13.3156 13.4019 13.4958 13.5976
15.0000 15.0000 15.0000 15.0000 15.0000 15.0000 15.0000 15.0000 15.0000 15.0000 15.0000 15.0000 15.0000 15.0000 15.0000 15.0000 15.0000 15.0000 15.0000 15.0000 15.0000 15.0000 15.0000 15.0000 15.0000 15.0000 15.0000 15.0000 15.0000 14.9016 14.7747 14.6081 14.4500 14.3004 14.1591 14.0261 13.9011 13.7842 13.6753 13.5742 13.4809 13.3953 13.3174 13.2471 13.1844 13.1292 13.0815 13.0413 13.0085 12.9831 12.9651 12.9544 12.9512 12.9553 12.9668 12.9857 13.0120 13.0457 13.0868 13.1354 13.1915 13.2551 13.3263 13.4051 13.4916 13.5859 13.6879
15.0000 15.0000 15.0000 15.0000 15.0000 15.0000 15.0000 15.0000 15.0000 15.0000 15.0000 15.0000 15.0000 15.0000 15.0000 15.0000 15.0000 15.0000 15.0000 15.0000 15.0000 15.0000 15.0000 15.0000 15.0000 15.0000 15.0000 15.0000 15.0000 15.0000 14.8242 14.7090 14.5505 14.4004 14.2587 14.1252 13.9999 13.8826 13.7733 13.6719 13.5784 13.4925 13.4144 13.3439 13.2810 13.2257 13.1779 13.1375 13.1046 13.0791 13.0611 13.0504 13.0472 13.0513 13.0629 13.0818 13.1082 13.1419 13.1832 13.2319 13.2882 13.3520 13.4234 13.5024 13.5892 13.6837 13.7860
15.0000 15.0000 15.0000 15.0000 15.0000 15.0000 15.0000 15.0000 15.0000 15.0000 15.0000 15.0000 15.0000 15.0000 15.0000 15.0000 15.0000 15.0000 15.0000 15.0000 15.0000 15.0000 15.0000 15.0000 15.0000 15.0000 15.0000 15.0000 15.0000 15.0000 14.9493 14.8180 14.6590 14.5084 14.3662 14.2323 14.1066 13.9889 13.8793 13.7776 13.6837 13.5976 13.5192 13.4485 13.3854 13.3299 13.2819 13.2414 13.2084 13.1829 13.1648 13.1541 13.1508 13.1550 13.1666 13.1856 13.2120 13.2459 13.2873 13.3362 13.3926 13.4566 13.5282 13.6075 13.6946 13.7894 13.8920
15.0000 15.0000 15.0000 15.0000 15.0000 15.0000 15.0000 15.0000 15.0000 15.0000 15.0000 15.0000 15.0000 15.0000 15.0000 15.0000 15.0000 15.0000 15.0000 15.0000 15.0000 15.0000 15.0000 15.0000 15.0000 15.0000 15.0000 15.0000 15.0000 15.0000 15.0000 14.8752 14.7756 14.6245 14.4818 14.3474 14.2213 14.1032 13.9932 13.8911 13.7969 13.7105 13.6319 13.5609 13.4976 13.4419 13.3938 13.3532 13.3201 13.2944 13.2763 13.2656 13.2623 13.2664 13.2781 13.2971 13.3236 13.3577 13.3992 13.4482 13.5048 13.5691 13.6409 13.7205 13.8078 13.9030 14.0060
15.0000 15.0000 15.0000 15.0000 15.0000 15.0000 15.0000 15.0000 15.0000 15.0000 15.0000 15.0000 15.0000 15.0000 15.0000 15.0000 15.0000 15.0000 15.0000 15.0000 15.0000 15.0000 15.0000 15.0000 15.0000 15.0000 15.0000 15.0000 15.0000 15.0000 15.0000 15.0000 14.8367 14.7488 14.6056 14.4707 14.3441 14.2256 14.1151 14.0127 13.9181 13.8314 13.7525 13.6813 13.6178 13.5618 13.5135 13.4728 13.4395 13.4138 13.3956 13.3848 13.3815 13.3857 13.3974 13.4165 13.4431 13.4773 13.5189 13.5682 13.6250 13.6894 13.7616 13.8414 13.9291 14.0245 14.1280
15.0000 15.0000 15.0000 15.0000 15.0000 15.0000 15.0000 15.0000 15.0000 15.0000 15.0000 15.0000 15.0000 15.0000 15.0000 15.0000 15.0000 15.0000 15.0000 15.0000 15.0000 15.0000 15.0000 15.0000 15.0000 15.0000 15.0000 15.0000 15.0000 15.0000 15.0000 15.0000 15.0000 14.8139 14.7376 14.6022 14.4750 14.3560 14.2452 14.1423 14.0474 13.9603 13.8811 13.8096 13.7458 13.6897 13.6412 13.6003 13.5670 13.5411 13.5228 13.5120 13.5087 13.5129 13.5246 13.5438 13.5706 13.6048 13.6466 13.6961 13.7531 13.8178 13.8902 13.9704 14.0584 14.1542 14.2581
15.0000 15.0000 15.0000 15.0000 15.0000 15.0000 15.0000 15.0000 15.0000 15.0000 15.0000 15.0000 15.0000 15.0000 15.0000 15.0000 15.0000 15.0000 15.0000 15.0000 15.0000 15.0000 15.0000 15.0000 15.0000 15.0000 15.0000 15.0000 15.0000 15.0000 15.0000 15.0000 15.0000 15.0000 14.8088 14.7420 14.6143 14.4948 14.3834 14.2801 14.1848 14.0974 14.0178 13.9461 13.8820 13.8257 13.7770 13.7359 13.7024 13.6765 13.6581 13.6472 13.6439 13.6481 13.6599 13.6792 13.7060 13.7404 13.7824 13.8320 13.8893 13.9543 14.0270 14.1075 14.1958 14.2921 14.3964
