fortrancode/AraiTagyo/input/PrePro/test0_newDEM_outRI.asc~
ncols           133
nrows           133
xllcorner            0.000000                               
yllcorner            0.000000                               
cellsize         0.5000
NODATA_value  -9999.0000
[rows 58 to 86 of 133, columns 0 to 66 of 133]
15.0000 15.0000 15.0000 15.0000 15.0000 15.0000 15.0000 15.0000 15.0000 15.0000 15.0000 15.0000 15.0000 15.0000 15.0000 15.0000 15.0000 15.0000 15.0000 15.0000 15.0000 15.0000 15.0000 15.0000 15.0000 15.0000 15.0000 15.0000 14.8313 14.6847 14.5107 14.3453 14.1884 14.0398 13.8996 13.7674 13.6433 13.5272 13.4190 13.3186 13.2259 13.1408 13.0634 12.9935 12.9312 12.8763 12.8289 12.7888 12.7562 12.7309 12.7129 12.7023 12.6989 12.7029 12.7143 12.7329 12.7589 12.7923 12.8330 12.8812 12.9368 12.9998 13.0704 13.1485 13.2343 13.3277 13.4289
15.0000 15.0000 15.0000 15.0000 15.0000 15.0000 15.0000 15.0000 15.0000 15.0000 15.0000 15.0000 15.0000 15.0000 15.0000 15.0000 15.0000 15.0000 15.0000 15.0000 15.0000 15.0000 15.0000 15.0000 15.0000 15.0000 15.0000 14.9450 14.7972 14.6148 14.4412 14.2761 14.1196 13.9713 13.8313 13.6995 13.5757 13.4598 13.3518 13.2515 13.1590 13.0741 12.9969 12.9271 12.8649 12.8101 12.7628 12.7228 12.6902 12.6650 12.6470 12.6364 12.6331 12.6371 12.6484 12.6671 12.6930 12.7263 12.7670 12.8150 12.8705 12.9334 13.0038 13.0818 13.1674 13.2607 13.3616
15.0000 15.0000 15.0000 15.0000 15.0000 15.0000 15.0000 15.0000 15.0000 15.0000 15.0000 15.0000 15.0000 15.0000 15.0000 15.0000 15.0000 15.0000 15.0000 15.0000 15.0000 15.0000 15.0000 15.0000 15.0000 15.0000 15.0000 14.8968 14.7349 14.5528 14.3795 14.2148 14.0585 13.9106 13.7708 13.6392 13.5156 13.3999 13.2921 13.1921 13.0997 13.0150 12.9379 12.8682 12.8061 12.7515 12.7042 12.6643 12.6317 12.6065 12.5886 12.5780 12.5747 12.5787 12.5900 12.6086 12.6345 12.6677 12.7083 12.7563 12.8117 12.8745 12.9448 13.0227 13.1081 13.2012 13.3020
15.0000 15.0000 15.0000 15.0000 15.0000 15.0000 15.0000 15.0000 15.0000 15.0000 15.0000 15.0000 15.0000 15.0000 15.0000 15.0000 15.0000 15.0000 15.0000 15.0000 15.0000 15.0000 15.0000 15.0000 15.0000 15.0000 14.9843 14.8710 14.6804 14.4987 14.3257 14.1612 14.0052 13.8575 13.7180 13.5866 13.4632 13.3477 13.2400 13.1401 13.0479 12.9633 12.8863 12.8168 12.7548 12.7002 12.6530 12.6131 12.5806 12.5555 12.5376 12.5270 12.5237 12.5277 12.5390 12.5575 12.5834 12.6166 12.6571 12.7050 12.7603 12.8230 12.8932 12.9710 13.0563 13.1492 13.2498
15.0000 15.0000 15.0000 15.0000 15.0000 15.0000 15.0000 15.0000 15.0000 15.0000 15.0000 15.0000 15.0000 15.0000 15.0000 15.0000 15.0000 15.0000 15.0000 15.0000 15.0000 15.0000 15.0000 15.0000 15.0000 15.0000 14.9606 14.8241 14.6338 14.4524 14.2796 14.1154 13.9596 13.8121 13.6727 13.5415 13.4183 13.3029 13.1954 13.0956 13.0036 12.9191 12.8422 12.7728 12.7108 12.6563 12.6091 12.5694 12.5369 12.5118 12.4939 12.4833 12.4800 12.4840 12.4953 12.5138 12.5397 12.5728 12.6133 12.6611 12.7163 12.7790 12.8491 12.9267 13.0119 13.1047 13.2052
15.0000 15.0000 15.0000 15.0000 15.0000 15.0000 15.0000 15.0000 15.0000 15.0000 15.0000 15.0000 15.0000 15.0000 15.0000 15.0000 15.0000 15.0000 15.0000 15.0000 15.0000 15.0000 15.0000 15.0000 15.0000 15.0000 14.9409 14.7851 14.5951 14.4138 14.2413 14.0772 13.9216 13.7743 13.6351 13.5040 13.3809 13.2657 13.1583 13.0586 12.9666 12.8823 12.8054 12.7361 12.6742 12.6197 12.5727 12.5329 12.5005 12.4754 12.4575 12.4470 12.4437 12.4477 12.4589 12.4774 12.5032 12.5364 12.5768 12.6246 12.6797 12.7423 12.8124 12.8899 12.9750 13.0677 13.1681
15.0000 15.0000 15.0000 15.0000 15.0000 15.0000 15.0000 15.0000 15.0000 15.0000 15.0000 15.0000 15.0000 15.0000 15.0000 15.0000 15.0000 15.0000 15.0000 15.0000 15.0000 15.0000 15.0000 15.0000 15.0000 15.0000 14.9250 14.7539 14.5641 14.3830 14.2106 14.0467 13.8912 13.7440 13.6050 13.4740 13.3510 13.2359 13.1286 13.0291 12.9371 12.8528 12.7761 12.7068 12.6450 12.5905 12.5435 12.5038 12.4714 12.4463 12.4285 12.4179 12.4147 12.4186 12.4299 12.4484 12.4741 12.5072 12.5476 12.5954 12.6505 12.7130 12.7830 12.8605 12.9455 13.0381 13.1384
15.0000 15.0000 15.0000 15.0000 15.0000 15.0000 15.0000 15.0000 15.0000 15.0000 15.0000 15.0000 15.0000 15.0000 15.0000 15.0000 15.0000 15.0000 15.0000 15.0000 15.0000 15.0000 15.0000 15.0000 15.0000 15.0000 14.9131 14.7306 14.5409 14.3599 14.1876 14.0239 13.8685 13.7214 13.5824 13.4516 13.3287 13.2136 13.1064 13.0069 12.9150 12.8308 12.7541 12.6848 12.6230 12.5687 12.5216 12.4820 12.4496 12.4245 12.4067 12.3962 12.3929 12.3968 12.4081 12.4266 12.4523 12.4854 12.5258 12.5735 12.6286 12.6911 12.7610 12.8384 12.9234 13.0160 13.1162
15.0000 15.0000 15.0000 15.0000 15.0000 15.0000 15.0000 15.0000 15.0000 15.0000 15.0000 15.0000 15.0000 15.0000 15.0000 15.0000 15.0000 15.0000 15.0000 15.0000 15.0000 15.0000 15.0000 15.0000 15.0000 15.0000 14.9051 14.7150 14.5254 14.3445 14.1723 14.0086 13.8533 13.7063 13.5674 13.4366 13.3137 13.1988 13.0916 12.9921 12.9003 12.8161 12.7394 12.6702 12.6084 12.5541 12.5071 12.4674 12.4351 12.4100 12.3922 12.3817 12.3784 12.3823 12.3936 12.4120 12.4378 12.4708 12.5112 12.5589 12.6140 12.6764 12.7463 12.8237 12.9086 13.0012 13.1014
15.0000 15.0000 15.0000 15.0000 15.0000 15.0000 15.0000 15.0000 15.0000 15.0000 15.0000 15.0000 15.0000 15.0000 15.0000 15.0000 15.0000 15.0000 15.0000 15.0000 15.0000 15.0000 15.0000 15.0000 15.0000 15.0000 14.9012 14.7072 14.5176 14.3368 14.1647 14.0010 13.8458 13.6988 13.5599 13.4291 13.3063 13.1913 13.0842 12.9847 12.8929 12.8087 12.7321 12.6629 12.6011 12.5468 12.4998 12.4601 12.4278 12.4027 12.3849 12.3744 12.3711 12.3751 12.3863 12.4048 12.4305 12.4636 12.5039 12.5516 12.6067 12.6691 12.7390 12.8164 12.9013 12.9938 13.0940
15.0000 15.0000 15.0000 15.0000 15.0000 15.0000 15.0000 15.0000 15.0000 15.0000 15.0000 15.0000 15.0000 15.0000 15.0000 15.0000 15.0000 15.0000 15.0000 15.0000 15.0000 15.0000 15.0000 15.0000 15.0000 15.0000 14.9012 14.7072 14.5176 14.3368 14.1647 14.0010 13.8458 13.6988 13.5599 13.4291 13.3063 13.1913 13.0842 12.9847 12.8929 12.8087 12.7321 12.6629 12.6011 12.5468 12.4998 12.4601 12.4278 12.4027 12.3849 12.3744 12.3711 12.3751 12.3863 12.4048 12.4305 12.4636 12.5039 12.5516 12.6066 12.6691 12.7390 12.8164 12.9013 12.9938 13.0940
15.0000 15.0000 15.0000 15.0000 15.0000 15.0000 15.0000 15.0000 15.0000 15.0000 15.0000 15.0000 15.0000 15.0000 15.0000 15.0000 15.0000 15.0000 15.0000 15.0000 15.0000 15.0000 15.0000 15.0000 15.0000 15.0000 14.9051 14.7150 14.5254 14.3445 14.1723 14.0086 13.8533 13.7063 13.5674 13.4366 13.3137 13.1988 13.0916 12.9921 12.9003 12.8161 12.7394 12.6702 12.6084 12.5541 12.5071 12.4674 12.4350 12.4100 12.3922 12.3816 12.3784 12.3823 12.3936 12.4120 12.4378 12.4708 12.5112 12.5589 12.6139 12.6764 12.7463 12.8237 12.9086 13.0012 13.1014
15.0000 15.0000 15.0000 15.0000 15.0000 15.0000 15.0000 15.0000 15.0000 15.0000 15.0000 15.0000 15.0000 15.0000 15.0000 15.0000 15.0000 15.0000 15.0000 15.0000 15.0000 15.0000 15.0000 15.0000 15.0000 15.0000 14.9131 14.7306 14.5408 14.3599 14.1876 14.0238 13.8685 13.7214 13.5824 13.4516 13.3286 13.2136 13.1064 13.0069 12.9150 12.8308 12.7540 12.6848 12.6230 12.5686 12.5216 12.4819 12.4496 12.4245 12.4067 12.3961 12.3929 12.3968 12.4081 12.4266 12.4523 12.4854 12.5258 12.5735 12.6285 12.6910 12.7610 12.8384 12.9234 13.0159 13.1162
15.0000 15.0000 15.0000 15.0000 15.0000 15.0000 15.0000 15.0000 15.0000 15.0000 15.0000 15.0000 15.0000 15.0000 15.0000 15.0000 15.0000 15.0000 15.0000 15.0000 15.0000 15.0000 15.0000 15.0000 15.0000 15.0000 14.9250 14.7539 14.5640 14.3830 14.2106 14.0467 13.8912 13.7440 13.6050 13.4740 13.3510 13.2359 13.1286 13.0290 12.9371 12.8528 12.7760 12.7068 12.6449 12.5905 12.5435 12.5038 12.4714 12.4463 12.4285 12.4179 12.4146 12.4186 12.4298 12.4483 12.4741 12.5072 12.5476 12.5953 12.6505 12.7130 12.7830 12.8604 12.9455 13.0381 13.1384
15.0000 15.0000 15.0000 15.0000 15.0000 15.0000 15.0000 15.0000 15.0000 15.0000 15.0000 15.0000 15.0000 15.0000 15.0000 15.0000 15.0000 15.0000 15.0000 15.0000 15.0000 15.0000 15.0000 15.0000 15.0000 15.0000 14.9409 14.7851 14.5950 14.4138 14.2412 14.0772 13.9216 13.7742 13.6351 13.5040 13.3809 13.2657 13.1583 13.0586 12.9666 12.8822 12.8054 12.7361 12.6742 12.6197 12.5726 12.5329 12.5005 12.4754 12.4575 12.4470 12.4437 12.4477 12.4589 12.4774 12.5032 12.5363 12.5768 12.6245 12.6797 12.7423 12.8123 12.8899 12.9750 13.0677 13.1681
15.0000 15.0000 15.0000 15.0000 15.0000 15.0000 15.0000 15.0000 15.0000 15.0000 15.0000 15.0000 15.0000 15.0000 15.0000 15.0000 15.0000 15.0000 15.0000 15.0000 15.0000 15.0000 15.0000 15.0000 15.0000 15.0000 14.9606 14.8241 14.6338 14.4523 14.2796 14.1153 13.9595 13.8120 13.6727 13.5415 13.4182 13.3029 13.1954 13.0956 13.0035 12.9190 12.8421 12.7727 12.7108 12.6562 12.6091 12.5693 12.5369 12.5117 12.4939 12.4833 12.4800 12.4840 12.4953 12.5138 12.5396 12.5728 12.6132 12.6611 12.7163 12.7790 12.8491 12.9267 13.0119 13.1047 13.2052
15.0000 15.0000 15.0000 15.0000 15.0000 15.0000 15.0000 15.0000 15.0000 15.0000 15.0000 15.0000 15.0000 15.0000 15.0000 15.0000 15.0000 15.0000 15.0000 15.0000 15.0000 15.0000 15.0000 15.0000 15.0000 15.0000 14.9843 14.8709 14.6804 14.4987 14.3256 14.1612 14.0052 13.8575 13.7179 13.5865 13.4631 13.3476 13.2400 13.1401 13.0479 12.9633 12.8863 12.8168 12.7547 12.7001 12.6529 12.6131 12.5806 12.5554 12.5376 12.5270 12.5237 12.5277 12.5389 12.5575 12.5834 12.6165 12.6571 12.7050 12.7603 12.8230 12.8932 12.9709 13.0562 13.1492 13.2498
15.0000 15.0000 15.0000 15.0000 15.0000 15.0000 15.0000 15.0000 15.0000 15.0000 15.0000 15.0000 15.0000 15.0000 15.0000 15.0000 15.0000 15.0000 15.0000 15.0000 15.0000 15.0000 15.0000 15.0000 15.0000 15.0000 15.0000 14.8968 14.7348 14.5528 14.3795 14.2148 14.0585 13.9105 13.7708 13.6392 13.5156 13.3999 13.2921 13.1920 13.0997 13.0149 12.9378 12.8682 12.8061 12.7514 12.7041 12.6642 12.6317 12.6065 12.5886 12.5780 12.5747 12.5787 12.5900 12.6086 12.6345 12.6677 12.7083 12.7563 12.8116 12.8745 12.9448 13.0226 13.1080 13.2011 13.3019
15.0000 15.0000 15.0000 15.0000 15.0000 15.0000 15.0000 15.0000 15.0000 15.0000 15.0000 15.0000 15.0000 15.0000 15.0000 15.0000 15.0000 15.0000 15.0000 15.0000 15.0000 15.0000 15.0000 15.0000 15.0000 15.0000 15.0000 14.9449 14.7971 14.6148 14.4411 14.2761 14.1195 13.9713 13.8313 13.6994 13.5756 13.4597 13.3517 13.2515 13.1590 13.0741 12.9968 12.9271 12.8649 12.8101 12.7627 12.7228 12.6902 12.6649 12.6470 12.6364 12.6331 12.6371 12.6484 12.6670 12.6929 12.7262 12.7669 12.8150 12.8704 12.9334 13.0038 13.0818 13.1674 13.2606 13.3616
15.0000 15.0000 15.0000 15.0000 15.0000 15.0000 15.0000 15.0000 15.0000 15.0000 15.0000 15.0000 15.0000 15.0000 15.0000 15.0000 15.0000 15.0000 15.0000 15.0000 15.0000 15.0000 15.0000 15.0000 15.0000 15.0000 15.0000 15.0000 14.8313 14.6846 14.5106 14.3452 14.1883 14.0398 13.8995 13.7674 13.6433 13.5272 13.4189 13.3185 13.2258 13.1408 13.0633 12.9935 12.9311 12.8762 12.8288 12.7888 12.7561 12.7308 12.7128 12.7022 12.6989 12.7029 12.7142 12.7329 12.7589 12.7922 12.8330 12.8811 12.9367 12.9998 13.0703 13.1485 13.2342 13.3276 13.4288
15.0000 15.0000 15.0000 15.0000 15.0000 15.0000 15.0000 15.0000 15.0000 15.0000 15.0000 15.0000 15.0000 15.0000 15.0000 15.0000 15.0000 15.0000 15.0000 15.0000 15.0000 15.0000 15.0000 15.0000 15.0000 15.0000 15.0000 15.0000 14.9252 14.7624 14.5880 14.4222 14.2649 14.1160 13.9754 13.8430 13.7186 13.6023 13.4938 13.3931 13.3002 13.2150 13.1374 13.0674 13.0049 12.9499 12.9024 12.8622 12.8295 12.8041 12.7861 12.7755 12.7722 12.7762 12.7875 12.8062 12.8323 12.8657 12.9065 12.9548 13.0105 13.0737 13.1444 13.2227 13.3087 13.4023 13.5037
15.0000 15.0000 15.0000 15.0000 15.0000 15.0000 15.0000 15.0000 15.0000 15.0000 15.0000 15.0000 15.0000 15.0000 15.0000 15.0000 15.0000 15.0000 15.0000 15.0000 15.0000 15.0000 15.0000 15.0000 15.0000 15.0000 15.0000 15.0000 14.9688 14.8482 14.6733 14.5071 14.3494 14.2002 14.0592 13.9264 13.8017 13.6851 13.5763 13.4754 13.3823 13.2968 13.2191 13.1489 13.0862 13.0311 12.9834 12.9432 12.9104 12.8850 12.8669 12.8563 12.8529 12.8570 12.8683 12.8871 12.9132 12.9467 12.9876 13.0360 13.0918 13.1552 13.2261 13.3046 13.3907 13.4846 13.5862
15.0000 15.0000 15.0000 15.0000 15.0000 15.0000 15.0000 15.0000 15.0000 15.0000 15.0000 15.0000 15.0000 15.0000 15.0000 15.0000 15.0000 15.0000 15.0000 15.0000 15.0000 15.0000 15.0000 15.0000 15.0000 15.0000 15.0000 15.0000 15.0000 14.8937 14.7667 14.6000 14.4418 14.2921 14.1508 14.0176 13.8926 13.7756 13.6666 13.5654 13.4720 13.3864 13.3084 13.2380 13.1752 13.1199 13.0721 13.0318 12.9989 12.9734 12.9553 12.9446 12.9413 12.9453 12.9567 12.9755 13.0017 13.0353 13.0763 13.1248 13.1808 13.2443 13.3154 13.3941 13.4805 13.5746 13.6765
15.0000 15.0000 15.0000 15.0000 15.0000 15.0000 15.0000 15.0000 15.0000 15.0000 15.0000 15.0000 15.0000 15.0000 15.0000 15.0000 15.0000 15.0000 15.0000 15.0000 15.0000 15.0000 15.0000 15.0000 15.0000 15.0000 15.0000 15.0000 15.0000 15.0000 14.8163 14.7009 14.5423 14.3921 14.2503 14.1168 13.9914 13.8740 13.7646 13.6632 13.5695 13.4836 13.4054 13.3348 13.2718 13.2164 13.1685 13.1280 13.0950 13.0695 13.0513 13.0406 13.0372 13.0413 13.0527 13.0716 13.0978 13.1315 13.1727 13.2213 13.2774 13.3411 13.4124 13.4914 13.5780 13.6724 13.7746
15.0000 15.0000 15.0000 15.0000 15.0000 15.0000 15.0000 15.0000 15.0000 15.0000 15.0000 15.0000 15.0000 15.0000 15.0000 15.0000 15.0000 15.0000 15.0000 15.0000 15.0000 15.0000 15.0000 15.0000 15.0000 15.0000 15.0000 15.0000 15.0000 15.0000 14.9452 14.8099 14.6508 14.5001 14.3578 14.2238 14.0980 13.9803 13.8706 13.7688 13.6748 13.5886 13.5102 13.4394 13.3762 13.3206 13.2725 13.2320 13.1989 13.1732 13.1550 13.1442 13.1409 13.1449 13.1564 13.1753 13.2017 13.2355 13.2767 13.3255 13.3818 13.4457 13.5173 13.5964 13.6834 13.7781 13.8806
15.0000 15.0000 15.0000 15.0000 15.0000 15.0000 15.0000 15.0000 15.0000 15.0000 15.0000 15.0000 15.0000 15.0000 15.0000 15.0000 15.0000 15.0000 15.0000 15.0000 15.0000 15.0000 15.0000 15.0000 15.0000 15.0000 15.0000 15.0000 15.0000 15.0000 15.0000 14.8671 14.7674 14.6162 14.4734 14.3390 14.2127 14.0946 13.9845 13.8823 13.7880 13.7016 13.6228 13.5518 13.4884 13.4326 13.3844 13.3437 13.3105 13.2847 13.2665 13.2557 13.2523 13.2564 13.2679 13.2869 13.3133 13.3472 13.3886 13.4375 13.4941 13.5582 13.6299 13.7094 13.7966 13.8916 13.9945
15.0000 15.0000 15.0000 15.0000 15.0000 15.0000 15.0000 15.0000 15.0000 15.0000 15.0000 15.0000 15.0000 15.0000 15.0000 15.0000 15.0000 15.0000 15.0000 15.0000 15.0000 15.0000 15.0000 15.0000 15.0000 15.0000 15.0000 15.0000 15.0000 15.0000 15.0000 15.0000 14.8286 14.7405 14.5972 14.4622 14.3355 14.2169 14.1064 14.0038 13.9092 13.8224 13.7434 13.6721 13.6085 13.5525 13.5041 13.4632 13.4299 13.4041 13.3858 13.3749 13.3715 13.3756 13.3872 13.4062 13.4327 13.4668 13.5083 13.5575 13.6142 13.6785 13.7505 13.8303 13.9178 14.0132 14.1165
15.0000 15.0000 15.0000 15.0000 15.0000 15.0000 15.0000 15.0000 15.0000 15.0000 15.0000 15.0000 15.0000 15.0000 15.0000 15.0000 15.0000 15.0000 15.0000 15.0000 15.0000 15.0000 15.0000 15.0000 15.0000 15.0000 15.0000 15.0000 15.0000 15.0000 15.0000 15.0000 15.0000 14.8057 14.7292 14.5937 14.4664 14.3474 14.2364 14.1335 14.0385 13.9513 13.8720 13.8004 13.7366 13.6804 13.6318 13.5908 13.5573 13.5314 13.5130 13.5021 13.4987 13.5028 13.5144 13.5335 13.5601 13.5943 13.6360 13.6853 13.7423 13.8069 13.8792 13.9592 14.0471 14.1428 14.2465
15.0000 15.0000 15.0000 15.0000 15.0000 15.0000 15.0000 15.0000 15.0000 15.0000 15.0000 15.0000 15.0000 15.0000 15.0000 15.0000 15.0000 15.0000 15.0000 15.0000 15.0000 15.0000 15.0000 15.0000 15.0000 15.0000 15.0000 15.0000 15.0000 15.0000 15.0000 15.0000 15.0000 15.0000 14.8004 14.7335 14.6057 14.4861 14.3747 14.2713 14.1759 14.0884 14.0087 13.9369 13.8727 13.8163 13.7675 13.7263 13.6927 13.6667 13.6482 13.6373 13.6339 13.6380 13.6497 13.6688 13.6956 13.7299 13.7718 13.8213 13.8784 13.9433 14.0159 14.0963 14.1845 14.2807 14.3848
